-0.0925 2098.0000
-0.0915 2089.0000
-0.0905 2080.0000
-0.0895 2071.0000
-0.0885 2062.0000
-0.0880 2057.0000
-0.0875 2053.0000
-0.0870 2048.0000
-0.0860 2039.0000
-0.0855 2034.0000
-0.0845 2025.0000
-0.0840 2020.0000
-0.0835 2015.0000
-0.0820 2001.0000
-0.0815 1996.0000
-0.0810 1991.0000
-0.0805 1986.0000
-0.0800 1981.0000
-0.0795 1976.0000
-0.0790 1971.0000
-0.0785 1966.0000
-0.0780 1961.0000
-0.0775 1956.0000
-0.0770 1951.0000
-0.0765 1946.0000
-0.0760 1941.0000
-0.0755 1936.0000
-0.0750 1931.0000
-0.0740 1920.0000
-0.0735 1915.0000
-0.0730 1910.0000
-0.0725 1905.0000
-0.0720 1899.0000
-0.0715 1894.0000
-0.0705 1883.0000
-0.0700 1878.0000
-0.0695 1872.0000
-0.0690 1867.0000
-0.0680 1856.0000
-0.0675 1850.0000
-0.0670 1845.0000
-0.0665 1839.0000
-0.0655 1828.0000
-0.0650 1822.0000
-0.0645 1816.0000
-0.0635 1805.0000
-0.0630 1799.0000
-0.0620 1787.0000
-0.0615 1781.0000
-0.0610 1775.0000
-0.0605 1769.0000
-0.0600 1763.0000
-0.0595 1757.0000
-0.0590 1751.0000
-0.0585 1745.0000
-0.0580 1739.0000
-0.0575 1732.0000
-0.0570 1726.0000
-0.0565 1720.0000
-0.0555 1707.0000
-0.0550 1701.0000
-0.0545 1694.0000
-0.0540 1688.0000
-0.0535 1681.0000
-0.0530 1675.0000
-0.0520 1661.0000
-0.0515 1655.0000
-0.0510 1648.0000
-0.0505 1641.0000
-0.0500 1634.0000
-0.0495 1627.0000
-0.0490 1620.0000
-0.0485 1613.0000
-0.0480 1606.0000
-0.0475 1599.0000
-0.0470 1592.0000
-0.0465 1585.0000
-0.0460 1578.0000
-0.0455 1570.0000
-0.0450 1563.0000
-0.0445 1556.0000
-0.0440 1548.0000
-0.0435 1541.0000
-0.0430 1533.0000
-0.0420 1518.0000
-0.0415 1510.0000
-0.0410 1502.0000
-0.0390 1470.0000
-0.0385 1462.0000
-0.0380 1454.0000
-0.0375 1446.0000
-0.0370 1438.0000
-0.0365 1429.0000
-0.0360 1421.0000
-0.0355 1412.0000
-0.0350 1404.0000
-0.0345 1395.0000
-0.0340 1386.0000
-0.0335 1377.0000
-0.0330 1368.0000
-0.0325 1359.0000
-0.0320 1350.0000
-0.0310 1332.0000
-0.0305 1322.0000
-0.0300 1313.0000
-0.0295 1303.0000
-0.0290 1294.0000
-0.0280 1274.0000
-0.0275 1264.0000
-0.0270 1254.0000
-0.0260 1234.0000
-0.0255 1223.0000
-0.0250 1213.0000
-0.0245 1202.0000
-0.0240 1192.0000
-0.0225 1158.0000
-0.0220 1147.0000
-0.0215 1136.0000
-0.0210 1124.0000
-0.0205 1112.0000
-0.0190 1076.0000
-0.0185 1064.0000
-0.0175 1039.0000
-0.0170 1026.0000
-0.0165 1013.0000
-0.0150 972.0000
-0.0140 944.0000
-0.0135 930.0000
-0.0130 915.0000
-0.0125 900.0000
-0.0115 870.0000
-0.0110 854.0000
-0.0105 838.0000
-0.0100 821.0000
-0.0095 805.0000
-0.0090 787.0000
-0.0085 770.0000
-0.0075 734.0000
-0.0070 715.0000
-0.0065 695.0000
-0.0060 675.0000
-0.0050 634.0000
-0.0045 612.0000
-0.0040 590.0000
-0.0035 566.0000
-0.0030 542.0000
-0.0025 517.0000
-0.0020 490.0000
-0.0015 462.0000
-0.0010 433.0000
-0.0005 402.0000
