-0.1250 2094.0000
-0.1240 2088.0000
-0.1230 2082.0000
-0.1220 2075.0000
-0.1210 2069.0000
-0.1200 2062.0000
-0.1190 2056.0000
-0.1180 2049.0000
-0.1160 2036.0000
-0.1150 2029.0000
-0.1130 2016.0000
-0.1120 2009.0000
-0.1110 2002.0000
-0.1100 1995.0000
-0.1090 1988.0000
-0.1080 1981.0000
-0.1070 1974.0000
-0.1060 1967.0000
-0.1040 1952.0000
-0.1030 1945.0000
-0.1020 1938.0000
-0.1010 1930.0000
-0.1000 1923.0000
-0.0990 1915.0000
-0.0980 1908.0000
-0.0970 1900.0000
-0.0950 1885.0000
-0.0940 1877.0000
-0.0930 1869.0000
-0.0920 1861.0000
-0.0910 1853.0000
-0.0900 1845.0000
-0.0890 1837.0000
-0.0880 1829.0000
-0.0860 1812.0000
-0.0850 1804.0000
-0.0840 1795.0000
-0.0830 1787.0000
-0.0820 1778.0000
-0.0800 1761.0000
-0.0790 1752.0000
-0.0780 1743.0000
-0.0770 1734.0000
-0.0760 1725.0000
-0.0740 1706.0000
-0.0730 1697.0000
-0.0710 1678.0000
-0.0700 1668.0000
-0.0680 1649.0000
-0.0670 1639.0000
-0.0650 1618.0000
-0.0640 1608.0000
-0.0630 1598.0000
-0.0620 1587.0000
-0.0600 1566.0000
-0.0590 1555.0000
-0.0580 1544.0000
-0.0570 1533.0000
-0.0560 1521.0000
-0.0550 1510.0000
-0.0540 1498.0000
-0.0530 1487.0000
-0.0520 1475.0000
-0.0510 1463.0000
-0.0490 1438.0000
-0.0480 1426.0000
-0.0470 1413.0000
-0.0460 1400.0000
-0.0440 1374.0000
-0.0430 1360.0000
-0.0420 1347.0000
-0.0410 1333.0000
-0.0400 1319.0000
-0.0390 1304.0000
-0.0380 1290.0000
-0.0370 1275.0000
-0.0360 1260.0000
-0.0350 1245.0000
-0.0340 1229.0000
-0.0330 1213.0000
-0.0320 1197.0000
-0.0310 1181.0000
-0.0270 1112.0000
-0.0210 996.0000
-0.0200 975.0000
-0.0190 954.0000
-0.0180 932.0000
-0.0170 909.0000
-0.0130 811.0000
-0.0120 784.0000
-0.0110 756.0000
-0.0100 728.0000
-0.0080 666.0000
-0.0070 633.0000
-0.0060 599.0000
-0.0050 562.0000
-0.0040 523.0000
-0.0030 480.0000
-0.0020 435.0000
-0.0010 384.0000
