-0.0350 2063.0000
-0.0345 2051.0000
-0.0340 2034.0000
-0.0335 2004.0000
-0.0310 1960.0000
-0.0305 1938.0000
-0.0300 1917.0000
-0.0280 1890.0000
-0.0275 1864.0000
-0.0270 1837.0000
-0.0255 1800.0000
-0.0245 1764.0000
-0.0225 1696.0000
-0.0210 1680.0000
-0.0190 1587.0000
-0.0185 1575.0000
-0.0160 1470.0000
-0.0145 1422.0000
-0.0125 1336.0000
-0.0115 1297.0000
-0.0110 1260.0000
-0.0105 1251.0000
-0.0100 1225.0000
-0.0090 1192.0000
-0.0065 1025.0000
-0.0055 978.0000
-0.0045 900.0000
-0.0035 832.0000
-0.0030 809.0000
-0.0025 768.0000
-0.0015 687.0000
