-0.1780 2096.0000
-0.1760 2087.0000
-0.1750 2083.0000
-0.1730 2074.0000
-0.1720 2070.0000
-0.1710 2065.0000
-0.1700 2061.0000
-0.1690 2057.0000
-0.1680 2052.0000
-0.1670 2048.0000
-0.1660 2043.0000
-0.1650 2039.0000
-0.1640 2034.0000
-0.1630 2030.0000
-0.1620 2025.0000
-0.1600 2016.0000
-0.1590 2011.0000
-0.1570 2002.0000
-0.1560 1997.0000
-0.1540 1988.0000
-0.1530 1983.0000
-0.1520 1978.0000
-0.1510 1973.0000
-0.1490 1964.0000
-0.1480 1959.0000
-0.1470 1954.0000
-0.1460 1949.0000
-0.1450 1944.0000
-0.1440 1939.0000
-0.1430 1934.0000
-0.1420 1929.0000
-0.1410 1924.0000
-0.1400 1919.0000
-0.1370 1903.0000
-0.1360 1898.0000
-0.1350 1893.0000
-0.1330 1882.0000
-0.1320 1877.0000
-0.1300 1866.0000
-0.1290 1861.0000
-0.1280 1855.0000
-0.1270 1850.0000
-0.1260 1844.0000
-0.1250 1839.0000
-0.1240 1833.0000
-0.1220 1822.0000
-0.1210 1816.0000
-0.1190 1805.0000
-0.1180 1799.0000
-0.1170 1793.0000
-0.1160 1787.0000
-0.1150 1781.0000
-0.1140 1775.0000
-0.1130 1769.0000
-0.1120 1763.0000
-0.1110 1757.0000
-0.1100 1751.0000
-0.1090 1745.0000
-0.1080 1739.0000
-0.1060 1726.0000
-0.1050 1720.0000
-0.1030 1707.0000
-0.1010 1694.0000
-0.0990 1681.0000
-0.0980 1674.0000
-0.0960 1661.0000
-0.0950 1654.0000
-0.0940 1647.0000
-0.0930 1640.0000
-0.0920 1633.0000
-0.0910 1626.0000
-0.0900 1619.0000
-0.0890 1612.0000
-0.0870 1597.0000
-0.0860 1590.0000
-0.0840 1575.0000
-0.0820 1560.0000
-0.0810 1552.0000
-0.0790 1537.0000
-0.0780 1529.0000
-0.0770 1521.0000
-0.0760 1513.0000
-0.0750 1505.0000
-0.0740 1497.0000
-0.0730 1488.0000
-0.0720 1480.0000
-0.0700 1463.0000
-0.0690 1454.0000
-0.0680 1446.0000
-0.0670 1437.0000
-0.0660 1428.0000
-0.0650 1419.0000
-0.0640 1410.0000
-0.0630 1401.0000
-0.0620 1392.0000
-0.0610 1382.0000
-0.0600 1373.0000
-0.0590 1363.0000
-0.0580 1353.0000
-0.0570 1344.0000
-0.0560 1334.0000
-0.0550 1324.0000
-0.0540 1313.0000
-0.0530 1303.0000
-0.0520 1293.0000
-0.0510 1282.0000
-0.0500 1271.0000
-0.0470 1238.0000
-0.0440 1204.0000
-0.0410 1168.0000
-0.0400 1155.0000
-0.0390 1143.0000
-0.0380 1130.0000
-0.0370 1117.0000
-0.0360 1104.0000
-0.0340 1077.0000
-0.0330 1063.0000
-0.0320 1049.0000
-0.0310 1034.0000
-0.0280 989.0000
-0.0260 958.0000
-0.0250 941.0000
-0.0240 925.0000
-0.0210 872.0000
-0.0200 854.0000
-0.0190 835.0000
-0.0180 816.0000
-0.0170 796.0000
-0.0160 775.0000
-0.0150 754.0000
-0.0140 732.0000
-0.0130 710.0000
-0.0120 686.0000
-0.0110 662.0000
-0.0100 637.0000
-0.0090 611.0000
-0.0080 583.0000
-0.0070 554.0000
-0.0060 524.0000
-0.0050 492.0000
-0.0040 458.0000
-0.0030 421.0000
-0.0020 381.0000
-0.0010 337.0000
