-0.0385 2081.0000
-0.0380 2067.0000
-0.0375 2051.0000
-0.0370 2041.0000
-0.0365 2025.0000
-0.0360 2004.0000
-0.0345 1992.0000
-0.0340 1974.0000
-0.0335 1960.0000
-0.0330 1945.0000
-0.0325 1919.0000
-0.0320 1917.0000
-0.0310 1903.0000
-0.0305 1886.0000
-0.0300 1876.0000
-0.0295 1851.0000
-0.0290 1837.0000
-0.0280 1827.0000
-0.0275 1800.0000
-0.0270 1788.0000
-0.0265 1764.0000
-0.0250 1729.0000
-0.0240 1696.0000
-0.0230 1677.0000
-0.0225 1664.0000
-0.0210 1610.0000
-0.0200 1575.0000
-0.0190 1543.0000
-0.0170 1470.0000
-0.0160 1422.0000
-0.0150 1395.0000
-0.0145 1378.0000
-0.0140 1358.0000
-0.0135 1336.0000
-0.0130 1315.0000
-0.0125 1297.0000
-0.0120 1260.0000
-0.0110 1225.0000
-0.0100 1192.0000
-0.0095 1160.0000
-0.0090 1131.0000
-0.0085 1102.0000
-0.0080 1075.0000
-0.0075 1050.0000
-0.0065 1002.0000
-0.0060 975.0000
-0.0050 914.0000
-0.0045 882.0000
-0.0040 848.0000
-0.0035 813.0000
-0.0030 787.0000
-0.0025 735.0000
-0.0020 711.0000
-0.0015 664.0000
-0.0010 612.0000
-0.0005 580.0000
