-0.0540 2089.0000
-0.0535 2081.0000
-0.0530 2073.0000
-0.0525 2065.0000
-0.0515 2048.0000
-0.0505 2032.0000
-0.0500 2023.0000
-0.0495 2014.0000
-0.0490 2004.0000
-0.0485 2000.0000
-0.0480 1990.0000
-0.0475 1982.0000
-0.0470 1973.0000
-0.0465 1964.0000
-0.0450 1937.0000
-0.0445 1927.0000
-0.0440 1917.0000
-0.0435 1912.0000
-0.0425 1892.0000
-0.0420 1882.0000
-0.0415 1873.0000
-0.0410 1863.0000
-0.0405 1853.0000
-0.0400 1843.0000
-0.0395 1837.0000
-0.0385 1815.0000
-0.0380 1805.0000
-0.0375 1795.0000
-0.0370 1784.0000
-0.0360 1764.0000
-0.0355 1755.0000
-0.0345 1733.0000
-0.0340 1722.0000
-0.0330 1696.0000
-0.0325 1691.0000
-0.0320 1678.0000
-0.0315 1667.0000
-0.0310 1655.0000
-0.0305 1643.0000
-0.0300 1633.0000
-0.0290 1609.0000
-0.0285 1597.0000
-0.0275 1575.0000
-0.0270 1561.0000
-0.0265 1548.0000
-0.0260 1535.0000
-0.0245 1497.0000
-0.0235 1470.0000
-0.0225 1443.0000
-0.0215 1416.0000
-0.0205 1385.0000
-0.0200 1373.0000
-0.0195 1357.0000
-0.0185 1327.0000
-0.0180 1311.0000
-0.0175 1297.0000
-0.0170 1279.0000
-0.0165 1260.0000
-0.0145 1193.0000
-0.0140 1178.0000
-0.0135 1160.0000
-0.0130 1142.0000
-0.0120 1102.0000
-0.0115 1085.0000
-0.0110 1066.0000
-0.0105 1048.0000
-0.0100 1025.0000
-0.0095 1002.0000
-0.0090 980.0000
-0.0085 958.0000
-0.0080 938.0000
-0.0070 892.0000
-0.0065 866.0000
-0.0055 816.0000
-0.0050 790.0000
-0.0040 735.0000
-0.0035 705.0000
-0.0030 676.0000
-0.0025 644.0000
-0.0020 611.0000
-0.0015 575.0000
-0.0005 498.0000
