-0.3720 2099.0000
-0.3710 2097.0000
-0.3700 2095.0000
-0.3690 2093.0000
-0.3680 2091.0000
-0.3670 2089.0000
-0.3660 2087.0000
-0.3650 2085.0000
-0.3640 2083.0000
-0.3630 2081.0000
-0.3620 2079.0000
-0.3610 2077.0000
-0.3600 2075.0000
-0.3590 2073.0000
-0.3580 2071.0000
-0.3570 2069.0000
-0.3560 2067.0000
-0.3550 2065.0000
-0.3540 2063.0000
-0.3530 2061.0000
-0.3520 2059.0000
-0.3510 2057.0000
-0.3500 2055.0000
-0.3490 2053.0000
-0.3480 2051.0000
-0.3470 2049.0000
-0.3460 2047.0000
-0.3450 2045.0000
-0.3440 2043.0000
-0.3430 2040.0000
-0.3420 2038.0000
-0.3410 2036.0000
-0.3400 2034.0000
-0.3390 2032.0000
-0.3380 2030.0000
-0.3370 2028.0000
-0.3360 2026.0000
-0.3350 2024.0000
-0.3340 2022.0000
-0.3330 2019.0000
-0.3320 2017.0000
-0.3310 2015.0000
-0.3300 2013.0000
-0.3290 2011.0000
-0.3280 2009.0000
-0.3270 2007.0000
-0.3260 2004.0000
-0.3250 2002.0000
-0.3240 2000.0000
-0.3230 1998.0000
-0.3220 1996.0000
-0.3210 1994.0000
-0.3200 1991.0000
-0.3190 1989.0000
-0.3180 1987.0000
-0.3170 1985.0000
-0.3160 1983.0000
-0.3150 1981.0000
-0.3140 1978.0000
-0.3130 1976.0000
-0.3120 1974.0000
-0.3110 1972.0000
-0.3100 1969.0000
-0.3090 1967.0000
-0.3080 1965.0000
-0.3070 1963.0000
-0.3050 1958.0000
-0.3040 1956.0000
-0.3030 1954.0000
-0.3010 1949.0000
-0.3000 1947.0000
-0.2990 1945.0000
-0.2980 1942.0000
-0.2970 1940.0000
-0.2960 1938.0000
-0.2940 1933.0000
-0.2930 1931.0000
-0.2920 1929.0000
-0.2910 1926.0000
-0.2900 1924.0000
-0.2890 1922.0000
-0.2880 1919.0000
-0.2870 1917.0000
-0.2860 1915.0000
-0.2850 1912.0000
-0.2840 1910.0000
-0.2820 1905.0000
-0.2810 1903.0000
-0.2800 1900.0000
-0.2790 1898.0000
-0.2780 1896.0000
-0.2770 1893.0000
-0.2760 1891.0000
-0.2750 1888.0000
-0.2740 1886.0000
-0.2720 1881.0000
-0.2710 1879.0000
-0.2700 1876.0000
-0.2690 1874.0000
-0.2680 1871.0000
-0.2670 1869.0000
-0.2660 1866.0000
-0.2650 1864.0000
-0.2640 1861.0000
-0.2630 1859.0000
-0.2620 1856.0000
-0.2610 1854.0000
-0.2600 1851.0000
-0.2590 1849.0000
-0.2580 1846.0000
-0.2570 1844.0000
-0.2560 1841.0000
-0.2550 1839.0000
-0.2540 1836.0000
-0.2530 1834.0000
-0.2520 1831.0000
-0.2510 1829.0000
-0.2500 1826.0000
-0.2490 1823.0000
-0.2480 1821.0000
-0.2470 1818.0000
-0.2460 1816.0000
-0.2450 1813.0000
-0.2440 1810.0000
-0.2430 1808.0000
-0.2420 1805.0000
-0.2410 1802.0000
-0.2400 1800.0000
-0.2390 1797.0000
-0.2380 1794.0000
-0.2370 1792.0000
-0.2360 1789.0000
-0.2350 1786.0000
-0.2340 1784.0000
-0.2330 1781.0000
-0.2320 1778.0000
-0.2300 1773.0000
-0.2290 1770.0000
-0.2280 1767.0000
-0.2260 1762.0000
-0.2250 1759.0000
-0.2240 1756.0000
-0.2230 1753.0000
-0.2220 1751.0000
-0.2210 1748.0000
-0.2200 1745.0000
-0.2190 1742.0000
-0.2180 1739.0000
-0.2170 1736.0000
-0.2160 1734.0000
-0.2150 1731.0000
-0.2140 1728.0000
-0.2130 1725.0000
-0.2120 1722.0000
-0.2110 1719.0000
-0.2100 1716.0000
-0.2090 1713.0000
-0.2080 1710.0000
-0.2070 1707.0000
-0.2060 1704.0000
-0.2000 1686.0000
-0.1990 1683.0000
-0.1980 1680.0000
-0.1970 1677.0000
-0.1960 1674.0000
-0.1950 1671.0000
-0.1940 1668.0000
-0.1930 1665.0000
-0.1920 1662.0000
-0.1910 1659.0000
-0.1890 1652.0000
-0.1880 1649.0000
-0.1870 1646.0000
-0.1860 1643.0000
-0.1850 1640.0000
-0.1840 1636.0000
-0.1830 1633.0000
-0.1820 1630.0000
-0.1810 1627.0000
-0.1800 1623.0000
-0.1790 1620.0000
-0.1780 1617.0000
-0.1760 1610.0000
-0.1750 1607.0000
-0.1730 1600.0000
-0.1720 1597.0000
-0.1710 1593.0000
-0.1700 1590.0000
-0.1680 1583.0000
-0.1670 1580.0000
-0.1660 1576.0000
-0.1650 1573.0000
-0.1640 1569.0000
-0.1630 1566.0000
-0.1620 1562.0000
-0.1600 1555.0000
-0.1590 1551.0000
-0.1580 1548.0000
-0.1570 1544.0000
-0.1550 1537.0000
-0.1540 1533.0000
-0.1520 1526.0000
-0.1510 1522.0000
-0.1500 1518.0000
-0.1480 1511.0000
-0.1470 1507.0000
-0.1460 1503.0000
-0.1450 1499.0000
-0.1440 1495.0000
-0.1420 1488.0000
-0.1410 1484.0000
-0.1400 1480.0000
-0.1390 1476.0000
-0.1380 1472.0000
-0.1370 1468.0000
-0.1360 1464.0000
-0.1350 1460.0000
-0.1320 1447.0000
-0.1310 1443.0000
-0.1300 1439.0000
-0.1290 1435.0000
-0.1270 1426.0000
-0.1260 1422.0000
-0.1250 1418.0000
-0.1230 1409.0000
-0.1220 1405.0000
-0.1210 1400.0000
-0.1200 1396.0000
-0.1190 1391.0000
-0.1180 1387.0000
-0.1170 1382.0000
-0.1160 1378.0000
-0.1150 1373.0000
-0.1140 1369.0000
-0.1130 1364.0000
-0.1120 1359.0000
-0.1110 1355.0000
-0.1100 1350.0000
-0.1090 1345.0000
-0.1080 1340.0000
-0.1060 1331.0000
-0.1050 1326.0000
-0.1040 1321.0000
-0.1030 1316.0000
-0.1020 1311.0000
-0.1010 1306.0000
-0.1000 1301.0000
-0.0980 1290.0000
-0.0970 1285.0000
-0.0960 1280.0000
-0.0950 1275.0000
-0.0940 1269.0000
-0.0930 1264.0000
-0.0910 1253.0000
-0.0900 1248.0000
-0.0890 1242.0000
-0.0870 1231.0000
-0.0860 1225.0000
-0.0840 1214.0000
-0.0830 1208.0000
-0.0820 1202.0000
-0.0810 1196.0000
-0.0800 1190.0000
-0.0790 1184.0000
-0.0780 1178.0000
-0.0770 1172.0000
-0.0750 1159.0000
-0.0740 1153.0000
-0.0720 1140.0000
-0.0710 1134.0000
-0.0690 1120.0000
-0.0670 1107.0000
-0.0660 1100.0000
-0.0630 1079.0000
-0.0620 1072.0000
-0.0600 1057.0000
-0.0590 1050.0000
-0.0580 1042.0000
-0.0570 1035.0000
-0.0550 1019.0000
-0.0540 1011.0000
-0.0530 1003.0000
-0.0520 995.0000
-0.0510 987.0000
-0.0500 979.0000
-0.0490 970.0000
-0.0480 962.0000
-0.0470 953.0000
-0.0450 936.0000
-0.0440 927.0000
-0.0420 908.0000
-0.0410 899.0000
-0.0400 889.0000
-0.0390 880.0000
-0.0380 870.0000
-0.0370 860.0000
-0.0350 839.0000
-0.0340 829.0000
-0.0330 818.0000
-0.0320 807.0000
-0.0310 796.0000
-0.0300 784.0000
-0.0290 773.0000
-0.0260 737.0000
-0.0250 724.0000
-0.0240 711.0000
-0.0230 698.0000
-0.0220 685.0000
-0.0210 671.0000
-0.0200 657.0000
-0.0190 642.0000
-0.0180 627.0000
-0.0160 596.0000
-0.0150 580.0000
-0.0140 563.0000
-0.0130 546.0000
-0.0120 528.0000
-0.0110 509.0000
-0.0100 490.0000
-0.0090 470.0000
-0.0060 403.0000
-0.0040 352.0000
-0.0030 324.0000
