-1.2090 2099.0000
-1.2080 2098.0000
-1.2070 2097.0000
-1.2050 2096.0000
-1.2040 2095.0000
-1.2020 2094.0000
-1.2010 2093.0000
-1.1990 2092.0000
-1.1980 2091.0000
-1.1970 2090.0000
-1.1950 2089.0000
-1.1940 2088.0000
-1.1920 2087.0000
-1.1910 2086.0000
-1.1890 2085.0000
-1.1880 2084.0000
-1.1870 2083.0000
-1.1850 2082.0000
-1.1840 2081.0000
-1.1820 2080.0000
-1.1810 2079.0000
-1.1790 2078.0000
-1.1780 2077.0000
-1.1770 2076.0000
-1.1750 2075.0000
-1.1740 2074.0000
-1.1720 2073.0000
-1.1710 2072.0000
-1.1700 2071.0000
-1.1680 2070.0000
-1.1670 2069.0000
-1.1650 2068.0000
-1.1640 2067.0000
-1.1620 2066.0000
-1.1610 2065.0000
-1.1600 2064.0000
-1.1580 2063.0000
-1.1570 2062.0000
-1.1550 2061.0000
-1.1540 2060.0000
-1.1530 2059.0000
-1.1510 2058.0000
-1.1500 2057.0000
-1.1480 2056.0000
-1.1470 2055.0000
-1.1460 2054.0000
-1.1440 2053.0000
-1.1430 2052.0000
-1.1410 2051.0000
-1.1400 2050.0000
-1.1390 2049.0000
-1.1370 2048.0000
-1.1360 2047.0000
-1.1340 2046.0000
-1.1330 2045.0000
-1.1320 2044.0000
-1.1300 2043.0000
-1.1290 2042.0000
-1.1270 2041.0000
-1.1260 2040.0000
-1.1250 2039.0000
-1.1230 2038.0000
-1.1220 2037.0000
-1.1200 2036.0000
-1.1190 2035.0000
-1.1180 2034.0000
-1.1160 2033.0000
-1.1150 2032.0000
-1.1130 2031.0000
-1.1120 2030.0000
-1.1110 2029.0000
-1.1090 2028.0000
-1.1080 2027.0000
-1.1070 2026.0000
-1.1050 2025.0000
-1.1040 2024.0000
-1.1020 2023.0000
-1.1010 2022.0000
-1.1000 2021.0000
-1.0980 2020.0000
-1.0970 2019.0000
-1.0950 2018.0000
-1.0940 2017.0000
-1.0930 2016.0000
-1.0910 2015.0000
-1.0900 2014.0000
-1.0890 2013.0000
-1.0870 2012.0000
-1.0860 2011.0000
-1.0840 2010.0000
-1.0830 2009.0000
-1.0820 2008.0000
-1.0800 2007.0000
-1.0790 2006.0000
-1.0780 2005.0000
-1.0760 2004.0000
-1.0750 2003.0000
-1.0740 2002.0000
-1.0720 2001.0000
-1.0710 2000.0000
-1.0690 1999.0000
-1.0680 1998.0000
-1.0670 1997.0000
-1.0650 1996.0000
-1.0640 1995.0000
-1.0630 1994.0000
-1.0610 1993.0000
-1.0600 1992.0000
-1.0590 1991.0000
-1.0570 1990.0000
-1.0560 1989.0000
-1.0540 1988.0000
-1.0530 1987.0000
-1.0520 1986.0000
-1.0500 1985.0000
-1.0490 1984.0000
-1.0480 1983.0000
-1.0460 1982.0000
-1.0450 1981.0000
-1.0440 1980.0000
-1.0420 1979.0000
-1.0410 1978.0000
-1.0400 1977.0000
-1.0380 1976.0000
-1.0370 1975.0000
-1.0360 1974.0000
-1.0340 1973.0000
-1.0330 1972.0000
-1.0320 1971.0000
-1.0300 1970.0000
-1.0290 1969.0000
-1.0280 1968.0000
-1.0260 1967.0000
-1.0250 1966.0000
-1.0240 1965.0000
-1.0220 1964.0000
-1.0210 1963.0000
-1.0200 1962.0000
-1.0180 1961.0000
-1.0170 1960.0000
-1.0160 1959.0000
-1.0140 1958.0000
-1.0130 1957.0000
-1.0120 1956.0000
-1.0100 1955.0000
-1.0090 1954.0000
-1.0080 1953.0000
-1.0060 1952.0000
-1.0050 1951.0000
-1.0040 1950.0000
-1.0020 1949.0000
-1.0010 1948.0000
-1.0000 1947.0000
-0.9980 1946.0000
-0.9970 1945.0000
-0.9960 1944.0000
-0.9940 1943.0000
-0.9930 1942.0000
-0.9920 1941.0000
-0.9900 1940.0000
-0.9890 1939.0000
-0.9880 1938.0000
-0.9860 1937.0000
-0.9850 1936.0000
-0.9840 1935.0000
-0.9820 1934.0000
-0.9810 1933.0000
-0.9800 1932.0000
-0.9790 1931.0000
-0.9770 1930.0000
-0.9760 1929.0000
-0.9750 1928.0000
-0.9730 1927.0000
-0.9720 1926.0000
-0.9710 1925.0000
-0.9690 1924.0000
-0.9680 1923.0000
-0.9670 1922.0000
-0.9650 1921.0000
-0.9640 1920.0000
-0.9630 1919.0000
-0.9620 1918.0000
-0.9600 1917.0000
-0.9590 1916.0000
-0.9580 1915.0000
-0.9560 1914.0000
-0.9550 1913.0000
-0.9540 1912.0000
-0.9520 1911.0000
-0.9510 1910.0000
-0.9500 1909.0000
-0.9490 1908.0000
-0.9470 1907.0000
-0.9460 1906.0000
-0.9450 1905.0000
-0.9430 1904.0000
-0.9420 1903.0000
-0.9410 1902.0000
-0.9400 1901.0000
-0.9380 1900.0000
-0.9370 1899.0000
-0.9360 1898.0000
-0.9340 1897.0000
-0.9330 1896.0000
-0.9320 1895.0000
-0.9310 1894.0000
-0.9290 1893.0000
-0.9280 1892.0000
-0.9270 1891.0000
-0.9250 1890.0000
-0.9240 1889.0000
-0.9230 1888.0000
-0.9220 1887.0000
-0.9200 1886.0000
-0.9190 1885.0000
-0.9180 1884.0000
-0.9170 1883.0000
-0.9150 1882.0000
-0.9140 1881.0000
-0.9130 1880.0000
-0.9110 1879.0000
-0.9100 1878.0000
-0.9090 1877.0000
-0.9080 1876.0000
-0.9060 1875.0000
-0.9050 1874.0000
-0.9040 1873.0000
-0.9030 1872.0000
-0.9010 1871.0000
-0.9000 1870.0000
-0.8990 1869.0000
-0.8980 1868.0000
-0.8960 1867.0000
-0.8950 1866.0000
-0.8940 1865.0000
-0.8930 1864.0000
-0.8910 1863.0000
-0.8900 1862.0000
-0.8890 1861.0000
-0.8870 1860.0000
-0.8860 1859.0000
-0.8850 1858.0000
-0.8840 1857.0000
-0.8820 1856.0000
-0.8810 1855.0000
-0.8800 1854.0000
-0.8790 1853.0000
-0.8770 1852.0000
-0.8760 1851.0000
-0.8750 1850.0000
-0.8740 1849.0000
-0.8730 1848.0000
-0.8710 1847.0000
-0.8700 1846.0000
-0.8690 1845.0000
-0.8680 1844.0000
-0.8660 1843.0000
-0.8650 1842.0000
-0.8640 1841.0000
-0.8630 1840.0000
-0.8610 1839.0000
-0.8600 1838.0000
-0.8590 1837.0000
-0.8580 1836.0000
-0.8560 1835.0000
-0.8550 1834.0000
-0.8540 1833.0000
-0.8530 1832.0000
-0.8510 1831.0000
-0.8500 1830.0000
-0.8490 1829.0000
-0.8480 1828.0000
-0.8470 1827.0000
-0.8450 1826.0000
-0.8440 1825.0000
-0.8430 1824.0000
-0.8420 1823.0000
-0.8400 1822.0000
-0.8390 1821.0000
-0.8380 1820.0000
-0.8370 1819.0000
-0.8360 1818.0000
-0.8340 1817.0000
-0.8330 1816.0000
-0.8320 1815.0000
-0.8310 1814.0000
-0.8300 1813.0000
-0.8280 1812.0000
-0.8270 1811.0000
-0.8260 1810.0000
-0.8250 1809.0000
-0.8230 1808.0000
-0.8220 1807.0000
-0.8210 1806.0000
-0.8200 1805.0000
-0.8190 1804.0000
-0.8170 1803.0000
-0.8160 1802.0000
-0.8150 1801.0000
-0.8140 1800.0000
-0.8130 1799.0000
-0.8110 1798.0000
-0.8100 1797.0000
-0.8090 1796.0000
-0.8080 1795.0000
-0.8070 1794.0000
-0.8050 1793.0000
-0.8040 1792.0000
-0.8030 1791.0000
-0.8020 1790.0000
-0.8010 1789.0000
-0.7990 1788.0000
-0.7980 1787.0000
-0.7970 1786.0000
-0.7960 1785.0000
-0.7950 1784.0000
-0.7930 1783.0000
-0.7920 1782.0000
-0.7910 1781.0000
-0.7900 1780.0000
-0.7890 1779.0000
-0.7880 1778.0000
-0.7860 1777.0000
-0.7850 1776.0000
-0.7840 1775.0000
-0.7830 1774.0000
-0.7820 1773.0000
-0.7800 1772.0000
-0.7790 1771.0000
-0.7780 1770.0000
-0.7770 1769.0000
-0.7760 1768.0000
-0.7750 1767.0000
-0.7730 1766.0000
-0.7720 1765.0000
-0.7710 1764.0000
-0.7700 1763.0000
-0.7690 1762.0000
-0.7680 1761.0000
-0.7660 1760.0000
-0.7650 1759.0000
-0.7640 1758.0000
-0.7630 1757.0000
-0.7620 1756.0000
-0.7610 1755.0000
-0.7590 1754.0000
-0.7580 1753.0000
-0.7570 1752.0000
-0.7560 1751.0000
-0.7550 1750.0000
-0.7540 1749.0000
-0.7520 1748.0000
-0.7510 1747.0000
-0.7500 1746.0000
-0.7490 1745.0000
-0.7480 1744.0000
-0.7470 1743.0000
-0.7450 1742.0000
-0.7440 1741.0000
-0.7430 1740.0000
-0.7420 1739.0000
-0.7410 1738.0000
-0.7400 1737.0000
-0.7390 1736.0000
-0.7370 1735.0000
-0.7360 1734.0000
-0.7350 1733.0000
-0.7340 1732.0000
-0.7330 1731.0000
-0.7320 1730.0000
-0.7310 1729.0000
-0.7290 1728.0000
-0.7280 1727.0000
-0.7270 1726.0000
-0.7260 1725.0000
-0.7250 1724.0000
-0.7240 1723.0000
-0.7230 1722.0000
-0.7210 1721.0000
-0.7200 1720.0000
-0.7190 1719.0000
-0.7180 1718.0000
-0.7170 1717.0000
-0.7160 1716.0000
-0.7150 1715.0000
-0.7130 1714.0000
-0.7120 1713.0000
-0.7110 1712.0000
-0.7100 1711.0000
-0.7090 1710.0000
-0.7080 1709.0000
-0.7070 1708.0000
-0.7060 1707.0000
-0.7040 1706.0000
-0.7030 1705.0000
-0.7020 1704.0000
-0.7010 1703.0000
-0.7000 1702.0000
-0.6990 1701.0000
-0.6980 1700.0000
-0.6970 1699.0000
-0.6960 1698.0000
-0.6940 1697.0000
-0.6930 1696.0000
-0.6920 1695.0000
-0.6910 1694.0000
-0.6900 1693.0000
-0.6890 1692.0000
-0.6880 1691.0000
-0.6870 1690.0000
-0.6860 1689.0000
-0.6840 1688.0000
-0.6830 1687.0000
-0.6820 1686.0000
-0.6810 1685.0000
-0.6800 1684.0000
-0.6790 1683.0000
-0.6780 1682.0000
-0.6770 1681.0000
-0.6760 1680.0000
-0.6750 1679.0000
-0.6730 1678.0000
-0.6720 1677.0000
-0.6710 1676.0000
-0.6700 1675.0000
-0.6690 1674.0000
-0.6680 1673.0000
-0.6670 1672.0000
-0.6660 1671.0000
-0.6650 1670.0000
-0.6640 1669.0000
-0.6630 1668.0000
-0.6610 1667.0000
-0.6600 1666.0000
-0.6590 1665.0000
-0.6580 1664.0000
-0.6570 1663.0000
-0.6560 1662.0000
-0.6550 1661.0000
-0.6540 1660.0000
-0.6530 1659.0000
-0.6520 1658.0000
-0.6510 1657.0000
-0.6500 1656.0000
-0.6480 1655.0000
-0.6470 1654.0000
-0.6460 1653.0000
-0.6450 1652.0000
-0.6440 1651.0000
-0.6430 1650.0000
-0.6420 1649.0000
-0.6410 1648.0000
-0.6400 1647.0000
-0.6390 1646.0000
-0.6380 1645.0000
-0.6370 1644.0000
-0.6360 1643.0000
-0.6350 1642.0000
-0.6340 1641.0000
-0.6320 1640.0000
-0.6310 1639.0000
-0.6300 1638.0000
-0.6290 1637.0000
-0.6280 1636.0000
-0.6270 1635.0000
-0.6260 1634.0000
-0.6250 1633.0000
-0.6240 1632.0000
-0.6230 1631.0000
-0.6220 1630.0000
-0.6210 1629.0000
-0.6200 1628.0000
-0.6190 1627.0000
-0.6180 1626.0000
-0.6170 1625.0000
-0.6160 1624.0000
-0.6150 1623.0000
-0.6130 1622.0000
-0.6120 1621.0000
-0.6110 1620.0000
-0.6100 1619.0000
-0.6090 1618.0000
-0.6080 1617.0000
-0.6070 1616.0000
-0.6060 1615.0000
-0.6050 1614.0000
-0.6040 1613.0000
-0.6030 1612.0000
-0.6020 1611.0000
-0.6010 1610.0000
-0.6000 1609.0000
-0.5990 1608.0000
-0.5980 1607.0000
-0.5970 1606.0000
-0.5960 1605.0000
-0.5950 1604.0000
-0.5940 1603.0000
-0.5930 1602.0000
-0.5920 1601.0000
-0.5910 1600.0000
-0.5900 1599.0000
-0.5890 1598.0000
-0.5880 1597.0000
-0.5870 1596.0000
-0.5860 1595.0000
-0.5850 1594.0000
-0.5840 1593.0000
-0.5830 1592.0000
-0.5820 1591.0000
-0.5810 1590.0000
-0.5800 1589.0000
-0.5790 1588.0000
-0.5780 1587.0000
-0.5770 1586.0000
-0.5750 1585.0000
-0.5740 1584.0000
-0.5730 1583.0000
-0.5720 1582.0000
-0.5710 1581.0000
-0.5700 1580.0000
-0.5690 1579.0000
-0.5680 1578.0000
-0.5670 1577.0000
-0.5660 1576.0000
-0.5650 1575.0000
-0.5640 1574.0000
-0.5630 1573.0000
-0.5620 1572.0000
-0.5610 1571.0000
-0.5600 1570.0000
-0.5590 1569.0000
-0.5580 1568.0000
-0.5570 1567.0000
-0.5560 1565.0000
-0.5550 1564.0000
-0.5540 1563.0000
-0.5530 1562.0000
-0.5520 1561.0000
-0.5510 1560.0000
-0.5500 1559.0000
-0.5490 1558.0000
-0.5480 1557.0000
-0.5470 1556.0000
-0.5460 1555.0000
-0.5450 1554.0000
-0.5440 1553.0000
-0.5430 1552.0000
-0.5420 1551.0000
-0.5410 1550.0000
-0.5400 1549.0000
-0.5390 1548.0000
-0.5380 1547.0000
-0.5370 1546.0000
-0.5360 1545.0000
-0.5350 1544.0000
-0.5340 1543.0000
-0.5330 1542.0000
-0.5320 1541.0000
-0.5310 1540.0000
-0.5300 1539.0000
-0.5290 1538.0000
-0.5280 1537.0000
-0.5270 1536.0000
-0.5260 1535.0000
-0.5250 1534.0000
-0.5240 1533.0000
-0.5230 1532.0000
-0.5220 1531.0000
-0.5210 1530.0000
-0.5200 1528.0000
-0.5190 1527.0000
-0.5180 1526.0000
-0.5170 1525.0000
-0.5160 1524.0000
-0.5150 1523.0000
-0.5140 1522.0000
-0.5130 1521.0000
-0.5120 1520.0000
-0.5110 1519.0000
-0.5100 1518.0000
-0.5090 1517.0000
-0.5080 1516.0000
-0.5070 1515.0000
-0.5060 1514.0000
-0.5050 1513.0000
-0.5040 1512.0000
-0.5030 1510.0000
-0.5020 1509.0000
-0.5010 1508.0000
-0.5000 1507.0000
-0.4990 1506.0000
-0.4980 1505.0000
-0.4970 1504.0000
-0.4960 1503.0000
-0.4950 1502.0000
-0.4940 1501.0000
-0.4930 1500.0000
-0.4920 1499.0000
-0.4910 1498.0000
-0.4900 1496.0000
-0.4890 1495.0000
-0.4880 1494.0000
-0.4870 1493.0000
-0.4860 1492.0000
-0.4850 1491.0000
-0.4840 1490.0000
-0.4830 1489.0000
-0.4820 1488.0000
-0.4810 1487.0000
-0.4800 1486.0000
-0.4790 1484.0000
-0.4780 1483.0000
-0.4770 1482.0000
-0.4760 1481.0000
-0.4750 1480.0000
-0.4740 1479.0000
-0.4730 1478.0000
-0.4720 1477.0000
-0.4710 1476.0000
-0.4700 1475.0000
-0.4690 1473.0000
-0.4680 1472.0000
-0.4670 1471.0000
-0.4660 1470.0000
-0.4650 1469.0000
-0.4640 1468.0000
-0.4630 1467.0000
-0.4620 1466.0000
-0.4610 1464.0000
-0.4600 1463.0000
-0.4590 1462.0000
-0.4580 1461.0000
-0.4570 1460.0000
-0.4560 1459.0000
-0.4550 1458.0000
-0.4540 1457.0000
-0.4530 1455.0000
-0.4520 1454.0000
-0.4510 1453.0000
-0.4500 1452.0000
-0.4490 1451.0000
-0.4480 1450.0000
-0.4470 1449.0000
-0.4460 1447.0000
-0.4450 1446.0000
-0.4440 1445.0000
-0.4430 1444.0000
-0.4420 1443.0000
-0.4410 1442.0000
-0.4400 1441.0000
-0.4390 1439.0000
-0.4380 1438.0000
-0.4370 1437.0000
-0.4360 1436.0000
-0.4350 1435.0000
-0.4340 1434.0000
-0.4330 1432.0000
-0.4320 1431.0000
-0.4310 1430.0000
-0.4300 1429.0000
-0.4290 1428.0000
-0.4280 1427.0000
-0.4270 1425.0000
-0.4260 1424.0000
-0.4250 1423.0000
-0.4240 1422.0000
-0.4230 1421.0000
-0.4220 1420.0000
-0.4210 1418.0000
-0.4200 1417.0000
-0.4190 1416.0000
-0.4180 1415.0000
-0.4170 1414.0000
-0.4160 1412.0000
-0.4150 1411.0000
-0.4140 1410.0000
-0.4130 1409.0000
-0.4120 1408.0000
-0.4110 1406.0000
-0.4100 1405.0000
-0.4090 1404.0000
-0.4080 1403.0000
-0.4070 1402.0000
-0.4060 1400.0000
-0.4050 1399.0000
-0.4040 1398.0000
-0.4030 1397.0000
-0.4020 1395.0000
-0.4010 1394.0000
-0.4000 1393.0000
-0.3990 1392.0000
-0.3980 1391.0000
-0.3970 1389.0000
-0.3960 1388.0000
-0.3950 1387.0000
-0.3940 1386.0000
-0.3930 1384.0000
-0.3920 1383.0000
-0.3910 1382.0000
-0.3900 1381.0000
-0.3890 1379.0000
-0.3880 1378.0000
-0.3870 1377.0000
-0.3860 1376.0000
-0.3850 1374.0000
-0.3840 1373.0000
-0.3830 1372.0000
-0.3820 1371.0000
-0.3810 1369.0000
-0.3800 1368.0000
-0.3790 1367.0000
-0.3780 1366.0000
-0.3770 1364.0000
-0.3760 1363.0000
-0.3750 1362.0000
-0.3740 1361.0000
-0.3730 1359.0000
-0.3720 1358.0000
-0.3710 1357.0000
-0.3700 1355.0000
-0.3690 1354.0000
-0.3680 1353.0000
-0.3670 1352.0000
-0.3660 1350.0000
-0.3650 1349.0000
-0.3640 1348.0000
-0.3630 1346.0000
-0.3620 1345.0000
-0.3610 1344.0000
-0.3600 1342.0000
-0.3590 1341.0000
-0.3580 1340.0000
-0.3570 1339.0000
-0.3560 1337.0000
-0.3550 1336.0000
-0.3540 1335.0000
-0.3530 1333.0000
-0.3520 1332.0000
-0.3510 1331.0000
-0.3500 1329.0000
-0.3490 1328.0000
-0.3480 1327.0000
-0.3470 1325.0000
-0.3460 1324.0000
-0.3450 1323.0000
-0.3440 1321.0000
-0.3430 1320.0000
-0.3420 1319.0000
-0.3410 1317.0000
-0.3400 1316.0000
-0.3390 1314.0000
-0.3380 1313.0000
-0.3370 1312.0000
-0.3360 1310.0000
-0.3350 1309.0000
-0.3340 1308.0000
-0.3330 1306.0000
-0.3320 1305.0000
-0.3310 1303.0000
-0.3300 1302.0000
-0.3290 1301.0000
-0.3280 1299.0000
-0.3270 1298.0000
-0.3260 1297.0000
-0.3250 1295.0000
-0.3240 1294.0000
-0.3230 1292.0000
-0.3220 1291.0000
-0.3210 1290.0000
-0.3200 1288.0000
-0.3190 1287.0000
-0.3180 1285.0000
-0.3170 1284.0000
-0.3160 1282.0000
-0.3150 1281.0000
-0.3140 1280.0000
-0.3130 1278.0000
-0.3120 1277.0000
-0.3110 1275.0000
-0.3100 1274.0000
-0.3090 1272.0000
-0.3080 1271.0000
-0.3070 1270.0000
-0.3060 1268.0000
-0.3050 1267.0000
-0.3040 1265.0000
-0.3030 1264.0000
-0.3020 1262.0000
-0.3010 1261.0000
-0.3000 1259.0000
-0.2990 1258.0000
-0.2980 1256.0000
-0.2970 1255.0000
-0.2960 1253.0000
-0.2950 1252.0000
-0.2940 1250.0000
-0.2930 1249.0000
-0.2920 1247.0000
-0.2910 1246.0000
-0.2900 1244.0000
-0.2890 1243.0000
-0.2880 1241.0000
-0.2870 1240.0000
-0.2860 1238.0000
-0.2850 1237.0000
-0.2840 1235.0000
-0.2830 1234.0000
-0.2820 1232.0000
-0.2810 1231.0000
-0.2800 1229.0000
-0.2790 1228.0000
-0.2780 1226.0000
-0.2770 1224.0000
-0.2760 1223.0000
-0.2750 1221.0000
-0.2740 1220.0000
-0.2730 1218.0000
-0.2720 1217.0000
-0.2710 1215.0000
-0.2700 1213.0000
-0.2690 1212.0000
-0.2680 1210.0000
-0.2670 1209.0000
-0.2660 1207.0000
-0.2640 1204.0000
-0.2630 1202.0000
-0.2620 1201.0000
-0.2610 1199.0000
-0.2600 1197.0000
-0.2590 1196.0000
-0.2580 1194.0000
-0.2560 1191.0000
-0.2550 1189.0000
-0.2540 1188.0000
-0.2530 1186.0000
-0.2520 1184.0000
-0.2510 1183.0000
-0.2500 1181.0000
-0.2490 1179.0000
-0.2480 1178.0000
-0.2470 1176.0000
-0.2460 1174.0000
-0.2440 1171.0000
-0.2430 1169.0000
-0.2420 1167.0000
-0.2410 1166.0000
-0.2400 1164.0000
-0.2390 1162.0000
-0.2370 1159.0000
-0.2360 1157.0000
-0.2350 1155.0000
-0.2330 1152.0000
-0.2320 1150.0000
-0.2310 1148.0000
-0.2290 1145.0000
-0.2280 1143.0000
-0.2270 1141.0000
-0.2260 1139.0000
-0.2240 1136.0000
-0.2230 1134.0000
-0.2220 1132.0000
-0.2210 1130.0000
-0.2190 1127.0000
-0.2180 1125.0000
-0.2170 1123.0000
-0.2160 1121.0000
-0.2150 1119.0000
-0.2140 1117.0000
-0.2120 1114.0000
-0.2110 1112.0000
-0.2100 1110.0000
-0.2090 1108.0000
-0.2080 1106.0000
-0.2070 1104.0000
-0.2060 1102.0000
-0.2050 1100.0000
-0.2040 1098.0000
-0.2030 1096.0000
-0.1990 1089.0000
-0.1980 1087.0000
-0.1970 1085.0000
-0.1960 1083.0000
-0.1950 1081.0000
-0.1940 1079.0000
-0.1930 1077.0000
-0.1920 1075.0000
-0.1910 1073.0000
-0.1870 1064.0000
-0.1860 1062.0000
-0.1850 1060.0000
-0.1840 1058.0000
-0.1830 1056.0000
-0.1820 1054.0000
-0.1810 1052.0000
-0.1800 1050.0000
-0.1790 1048.0000
-0.1770 1043.0000
-0.1760 1041.0000
-0.1750 1039.0000
-0.1740 1037.0000
-0.1730 1035.0000
-0.1710 1030.0000
-0.1700 1028.0000
-0.1690 1026.0000
-0.1680 1024.0000
-0.1670 1021.0000
-0.1660 1019.0000
-0.1650 1017.0000
-0.1630 1012.0000
-0.1620 1010.0000
-0.1610 1008.0000
-0.1600 1005.0000
-0.1590 1003.0000
-0.1580 1001.0000
-0.1570 998.0000
-0.1560 996.0000
-0.1550 994.0000
-0.1540 991.0000
-0.1530 989.0000
-0.1510 984.0000
-0.1500 982.0000
-0.1490 979.0000
-0.1480 977.0000
-0.1470 974.0000
-0.1460 972.0000
-0.1450 969.0000
-0.1440 967.0000
-0.1430 964.0000
-0.1420 962.0000
-0.1410 959.0000
-0.1400 957.0000
-0.1390 954.0000
-0.1370 949.0000
-0.1360 946.0000
-0.1350 944.0000
-0.1340 941.0000
-0.1330 938.0000
-0.1320 936.0000
-0.1310 933.0000
-0.1300 930.0000
-0.1280 925.0000
-0.1270 922.0000
-0.1260 919.0000
-0.1240 914.0000
-0.1230 911.0000
-0.1220 908.0000
-0.1210 905.0000
-0.1200 902.0000
-0.1170 894.0000
-0.1160 891.0000
-0.1150 888.0000
-0.1140 885.0000
-0.1130 882.0000
-0.1120 879.0000
-0.1110 876.0000
-0.1080 866.0000
-0.1070 863.0000
-0.1060 860.0000
-0.1050 857.0000
-0.1040 854.0000
-0.1020 847.0000
-0.1010 844.0000
-0.1000 841.0000
-0.0990 837.0000
-0.0980 834.0000
-0.0970 831.0000
-0.0960 827.0000
-0.0950 824.0000
-0.0930 817.0000
-0.0910 810.0000
-0.0900 806.0000
-0.0890 803.0000
-0.0880 799.0000
-0.0860 792.0000
-0.0850 788.0000
-0.0840 784.0000
-0.0820 777.0000
-0.0810 773.0000
-0.0800 769.0000
-0.0790 765.0000
-0.0780 761.0000
-0.0770 757.0000
-0.0760 753.0000
-0.0750 749.0000
-0.0740 745.0000
-0.0730 741.0000
-0.0720 737.0000
-0.0700 728.0000
-0.0690 724.0000
-0.0680 720.0000
-0.0670 715.0000
-0.0660 711.0000
-0.0650 706.0000
-0.0640 702.0000
-0.0630 697.0000
-0.0610 688.0000
-0.0600 683.0000
-0.0590 678.0000
-0.0580 673.0000
-0.0540 653.0000
-0.0530 648.0000
-0.0510 638.0000
-0.0500 632.0000
-0.0490 627.0000
-0.0480 621.0000
-0.0470 616.0000
-0.0460 610.0000
-0.0450 604.0000
-0.0440 599.0000
-0.0430 593.0000
-0.0420 587.0000
-0.0410 581.0000
-0.0400 574.0000
-0.0390 568.0000
-0.0380 562.0000
-0.0370 555.0000
-0.0360 549.0000
-0.0340 535.0000
-0.0330 528.0000
-0.0320 521.0000
-0.0300 507.0000
-0.0290 499.0000
-0.0270 484.0000
-0.0260 476.0000
-0.0250 468.0000
-0.0240 459.0000
-0.0230 451.0000
-0.0220 442.0000
-0.0210 433.0000
-0.0200 424.0000
-0.0190 415.0000
-0.0170 395.0000
-0.0160 385.0000
-0.0140 364.0000
-0.0130 352.0000
-0.0120 341.0000
-0.0110 329.0000
-0.0100 316.0000
-0.0090 303.0000
