-0.0645 2098.0000
-0.0635 2084.0000
-0.0630 2078.0000
-0.0625 2071.0000
-0.0620 2064.0000
-0.0615 2057.0000
-0.0605 2044.0000
-0.0600 2037.0000
-0.0595 2030.0000
-0.0590 2023.0000
-0.0585 2016.0000
-0.0580 2008.0000
-0.0575 2003.0000
-0.0570 1995.0000
-0.0560 1980.0000
-0.0555 1973.0000
-0.0550 1966.0000
-0.0545 1958.0000
-0.0540 1951.0000
-0.0535 1943.0000
-0.0530 1936.0000
-0.0525 1928.0000
-0.0520 1920.0000
-0.0510 1905.0000
-0.0505 1898.0000
-0.0500 1890.0000
-0.0495 1882.0000
-0.0490 1874.0000
-0.0485 1866.0000
-0.0480 1858.0000
-0.0475 1850.0000
-0.0470 1841.0000
-0.0465 1834.0000
-0.0460 1825.0000
-0.0455 1817.0000
-0.0450 1808.0000
-0.0445 1800.0000
-0.0440 1791.0000
-0.0435 1783.0000
-0.0425 1764.0000
-0.0415 1748.0000
-0.0410 1739.0000
-0.0405 1730.0000
-0.0400 1721.0000
-0.0395 1712.0000
-0.0390 1702.0000
-0.0380 1684.0000
-0.0375 1674.0000
-0.0370 1665.0000
-0.0365 1655.0000
-0.0360 1645.0000
-0.0355 1635.0000
-0.0350 1626.0000
-0.0345 1616.0000
-0.0340 1606.0000
-0.0335 1596.0000
-0.0330 1585.0000
-0.0325 1575.0000
-0.0320 1565.0000
-0.0315 1554.0000
-0.0310 1543.0000
-0.0290 1500.0000
-0.0275 1466.0000
-0.0270 1454.0000
-0.0255 1419.0000
-0.0250 1407.0000
-0.0245 1394.0000
-0.0235 1370.0000
-0.0230 1357.0000
-0.0225 1344.0000
-0.0220 1331.0000
-0.0215 1318.0000
-0.0210 1304.0000
-0.0205 1291.0000
-0.0200 1277.0000
-0.0195 1263.0000
-0.0180 1221.0000
-0.0170 1192.0000
-0.0165 1176.0000
-0.0160 1160.0000
-0.0155 1145.0000
-0.0140 1097.0000
-0.0135 1080.0000
-0.0125 1046.0000
-0.0115 1010.0000
-0.0110 992.0000
-0.0105 973.0000
-0.0100 954.0000
-0.0095 935.0000
-0.0090 915.0000
-0.0085 894.0000
-0.0080 873.0000
-0.0075 852.0000
-0.0060 785.0000
-0.0055 760.0000
-0.0045 711.0000
-0.0040 684.0000
-0.0035 658.0000
-0.0030 629.0000
-0.0025 599.0000
-0.0020 568.0000
-0.0015 536.0000
-0.0010 501.0000
-0.0005 465.0000
