-0.2700 2098.0000
-0.2690 2095.0000
-0.2680 2092.0000
-0.2670 2089.0000
-0.2660 2087.0000
-0.2650 2084.0000
-0.2640 2081.0000
-0.2630 2078.0000
-0.2610 2073.0000
-0.2600 2070.0000
-0.2590 2067.0000
-0.2580 2064.0000
-0.2560 2059.0000
-0.2550 2056.0000
-0.2540 2053.0000
-0.2530 2050.0000
-0.2520 2047.0000
-0.2510 2044.0000
-0.2490 2039.0000
-0.2480 2036.0000
-0.2470 2033.0000
-0.2460 2030.0000
-0.2450 2027.0000
-0.2440 2024.0000
-0.2430 2021.0000
-0.2420 2018.0000
-0.2410 2015.0000
-0.2400 2012.0000
-0.2390 2009.0000
-0.2380 2006.0000
-0.2370 2003.0000
-0.2360 2000.0000
-0.2350 1997.0000
-0.2340 1994.0000
-0.2330 1991.0000
-0.2320 1988.0000
-0.2310 1985.0000
-0.2300 1982.0000
-0.2290 1979.0000
-0.2280 1976.0000
-0.2270 1973.0000
-0.2260 1970.0000
-0.2250 1967.0000
-0.2240 1964.0000
-0.2220 1957.0000
-0.2210 1954.0000
-0.2200 1951.0000
-0.2190 1948.0000
-0.2180 1945.0000
-0.2160 1938.0000
-0.2150 1935.0000
-0.2140 1932.0000
-0.2130 1929.0000
-0.2120 1925.0000
-0.2110 1922.0000
-0.2100 1919.0000
-0.2090 1916.0000
-0.2080 1912.0000
-0.2070 1909.0000
-0.2060 1906.0000
-0.2050 1902.0000
-0.2040 1899.0000
-0.2030 1896.0000
-0.2020 1892.0000
-0.2010 1889.0000
-0.2000 1886.0000
-0.1990 1882.0000
-0.1980 1879.0000
-0.1970 1875.0000
-0.1960 1872.0000
-0.1950 1869.0000
-0.1940 1865.0000
-0.1930 1862.0000
-0.1920 1858.0000
-0.1910 1855.0000
-0.1900 1851.0000
-0.1890 1848.0000
-0.1880 1844.0000
-0.1860 1837.0000
-0.1850 1833.0000
-0.1840 1830.0000
-0.1830 1826.0000
-0.1820 1823.0000
-0.1810 1819.0000
-0.1800 1815.0000
-0.1790 1812.0000
-0.1780 1808.0000
-0.1770 1804.0000
-0.1750 1797.0000
-0.1740 1793.0000
-0.1730 1789.0000
-0.1710 1782.0000
-0.1700 1778.0000
-0.1690 1774.0000
-0.1680 1770.0000
-0.1670 1766.0000
-0.1650 1759.0000
-0.1640 1755.0000
-0.1630 1751.0000
-0.1620 1747.0000
-0.1610 1743.0000
-0.1600 1739.0000
-0.1590 1735.0000
-0.1580 1731.0000
-0.1570 1727.0000
-0.1560 1723.0000
-0.1550 1719.0000
-0.1530 1710.0000
-0.1520 1706.0000
-0.1510 1702.0000
-0.1500 1698.0000
-0.1490 1694.0000
-0.1470 1685.0000
-0.1460 1681.0000
-0.1450 1677.0000
-0.1440 1672.0000
-0.1430 1668.0000
-0.1410 1659.0000
-0.1400 1655.0000
-0.1390 1650.0000
-0.1380 1646.0000
-0.1370 1641.0000
-0.1360 1637.0000
-0.1350 1632.0000
-0.1340 1628.0000
-0.1330 1623.0000
-0.1320 1619.0000
-0.1310 1614.0000
-0.1300 1609.0000
-0.1290 1605.0000
-0.1280 1600.0000
-0.1270 1595.0000
-0.1260 1590.0000
-0.1240 1581.0000
-0.1230 1576.0000
-0.1220 1571.0000
-0.1210 1566.0000
-0.1200 1561.0000
-0.1190 1556.0000
-0.1180 1551.0000
-0.1170 1546.0000
-0.1160 1541.0000
-0.1150 1536.0000
-0.1140 1531.0000
-0.1120 1520.0000
-0.1110 1515.0000
-0.1100 1510.0000
-0.1080 1499.0000
-0.1070 1494.0000
-0.1060 1488.0000
-0.1050 1483.0000
-0.1040 1477.0000
-0.1030 1472.0000
-0.1020 1466.0000
-0.1000 1455.0000
-0.0990 1449.0000
-0.0980 1443.0000
-0.0960 1432.0000
-0.0950 1426.0000
-0.0940 1420.0000
-0.0930 1414.0000
-0.0920 1408.0000
-0.0910 1402.0000
-0.0890 1389.0000
-0.0880 1383.0000
-0.0870 1377.0000
-0.0850 1364.0000
-0.0840 1358.0000
-0.0830 1351.0000
-0.0810 1338.0000
-0.0800 1331.0000
-0.0780 1318.0000
-0.0770 1311.0000
-0.0760 1304.0000
-0.0750 1297.0000
-0.0740 1290.0000
-0.0730 1283.0000
-0.0720 1275.0000
-0.0710 1268.0000
-0.0700 1261.0000
-0.0690 1253.0000
-0.0680 1246.0000
-0.0670 1238.0000
-0.0650 1223.0000
-0.0640 1215.0000
-0.0630 1207.0000
-0.0620 1199.0000
-0.0610 1191.0000
-0.0600 1183.0000
-0.0580 1166.0000
-0.0570 1158.0000
-0.0550 1140.0000
-0.0530 1123.0000
-0.0520 1114.0000
-0.0510 1104.0000
-0.0500 1095.0000
-0.0490 1086.0000
-0.0480 1076.0000
-0.0470 1067.0000
-0.0460 1057.0000
-0.0450 1047.0000
-0.0440 1037.0000
-0.0430 1027.0000
-0.0420 1016.0000
-0.0410 1006.0000
-0.0400 995.0000
-0.0390 984.0000
-0.0380 973.0000
-0.0360 951.0000
-0.0340 927.0000
-0.0330 915.0000
-0.0300 878.0000
-0.0290 865.0000
-0.0280 852.0000
-0.0270 838.0000
-0.0230 781.0000
-0.0220 766.0000
-0.0210 751.0000
-0.0200 735.0000
-0.0190 719.0000
-0.0180 702.0000
-0.0170 685.0000
-0.0160 667.0000
-0.0140 630.0000
-0.0120 591.0000
-0.0110 570.0000
-0.0100 548.0000
-0.0090 526.0000
-0.0080 502.0000
-0.0070 477.0000
-0.0060 451.0000
-0.0040 394.0000
-0.0030 362.0000
