-0.0700 2021.0000
-0.0695 2015.0000
-0.0690 2009.0000
-0.0685 2004.0000
-0.0655 1967.0000
-0.0650 1961.0000
-0.0645 1955.0000
-0.0640 1949.0000
-0.0635 1943.0000
-0.0625 1930.0000
-0.0620 1924.0000
-0.0615 1917.0000
-0.0610 1911.0000
-0.0605 1905.0000
-0.0600 1898.0000
-0.0595 1892.0000
-0.0590 1885.0000
-0.0585 1879.0000
-0.0580 1872.0000
-0.0575 1865.0000
-0.0570 1859.0000
-0.0565 1852.0000
-0.0555 1838.0000
-0.0550 1831.0000
-0.0530 1803.0000
-0.0525 1796.0000
-0.0520 1789.0000
-0.0510 1775.0000
-0.0505 1767.0000
-0.0500 1760.0000
-0.0495 1753.0000
-0.0490 1745.0000
-0.0485 1738.0000
-0.0480 1730.0000
-0.0475 1723.0000
-0.0470 1715.0000
-0.0465 1707.0000
-0.0455 1692.0000
-0.0430 1652.0000
-0.0425 1644.0000
-0.0420 1635.0000
-0.0415 1627.0000
-0.0410 1619.0000
-0.0405 1610.0000
-0.0400 1602.0000
-0.0395 1593.0000
-0.0390 1585.0000
-0.0385 1576.0000
-0.0380 1567.0000
-0.0375 1558.0000
-0.0370 1549.0000
-0.0365 1540.0000
-0.0360 1531.0000
-0.0355 1522.0000
-0.0350 1513.0000
-0.0345 1504.0000
-0.0340 1494.0000
-0.0335 1485.0000
-0.0320 1456.0000
-0.0315 1446.0000
-0.0310 1436.0000
-0.0305 1426.0000
-0.0300 1416.0000
-0.0295 1405.0000
-0.0290 1395.0000
-0.0285 1384.0000
-0.0275 1363.0000
-0.0270 1352.0000
-0.0265 1341.0000
-0.0255 1319.0000
-0.0245 1297.0000
-0.0235 1273.0000
-0.0230 1261.0000
-0.0220 1237.0000
-0.0215 1225.0000
-0.0210 1213.0000
-0.0200 1187.0000
-0.0195 1174.0000
-0.0190 1161.0000
-0.0185 1148.0000
-0.0180 1134.0000
-0.0175 1121.0000
-0.0170 1107.0000
-0.0165 1093.0000
-0.0150 1050.0000
-0.0145 1034.0000
-0.0140 1019.0000
-0.0135 1003.0000
-0.0130 988.0000
-0.0120 955.0000
-0.0115 938.0000
-0.0110 921.0000
-0.0105 904.0000
-0.0100 886.0000
-0.0095 868.0000
-0.0090 850.0000
-0.0085 831.0000
-0.0080 811.0000
-0.0075 792.0000
-0.0070 771.0000
-0.0065 750.0000
-0.0060 729.0000
-0.0055 707.0000
-0.0050 684.0000
-0.0045 660.0000
-0.0040 636.0000
-0.0035 611.0000
-0.0030 584.0000
-0.0020 528.0000
-0.0015 498.0000
-0.0010 466.0000
-0.0005 433.0000
