-0.7850 2099.0000
-0.7840 2098.0000
-0.7830 2097.0000
-0.7820 2096.0000
-0.7810 2095.0000
-0.7800 2094.0000
-0.7790 2093.0000
-0.7780 2092.0000
-0.7770 2091.0000
-0.7760 2090.0000
-0.7750 2089.0000
-0.7740 2088.0000
-0.7730 2087.0000
-0.7720 2086.0000
-0.7710 2085.0000
-0.7700 2084.0000
-0.7690 2083.0000
-0.7680 2082.0000
-0.7670 2081.0000
-0.7660 2080.0000
-0.7650 2079.0000
-0.7640 2078.0000
-0.7630 2077.0000
-0.7620 2076.0000
-0.7610 2075.0000
-0.7600 2074.0000
-0.7590 2073.0000
-0.7580 2072.0000
-0.7570 2071.0000
-0.7560 2070.0000
-0.7550 2069.0000
-0.7540 2068.0000
-0.7530 2067.0000
-0.7520 2066.0000
-0.7510 2065.0000
-0.7500 2063.0000
-0.7490 2062.0000
-0.7480 2061.0000
-0.7470 2060.0000
-0.7460 2059.0000
-0.7450 2058.0000
-0.7440 2057.0000
-0.7430 2056.0000
-0.7420 2055.0000
-0.7410 2054.0000
-0.7400 2053.0000
-0.7390 2052.0000
-0.7380 2051.0000
-0.7370 2050.0000
-0.7360 2049.0000
-0.7350 2048.0000
-0.7340 2047.0000
-0.7330 2046.0000
-0.7320 2045.0000
-0.7310 2044.0000
-0.7300 2043.0000
-0.7290 2042.0000
-0.7280 2041.0000
-0.7270 2040.0000
-0.7260 2039.0000
-0.7250 2038.0000
-0.7240 2037.0000
-0.7230 2036.0000
-0.7220 2035.0000
-0.7210 2034.0000
-0.7200 2033.0000
-0.7190 2031.0000
-0.7180 2030.0000
-0.7170 2029.0000
-0.7160 2028.0000
-0.7150 2027.0000
-0.7140 2026.0000
-0.7130 2025.0000
-0.7120 2024.0000
-0.7110 2023.0000
-0.7100 2022.0000
-0.7090 2021.0000
-0.7080 2020.0000
-0.7070 2019.0000
-0.7060 2018.0000
-0.7050 2017.0000
-0.7040 2016.0000
-0.7030 2015.0000
-0.7020 2014.0000
-0.7010 2013.0000
-0.7000 2012.0000
-0.6990 2010.0000
-0.6980 2009.0000
-0.6970 2008.0000
-0.6960 2007.0000
-0.6950 2006.0000
-0.6940 2005.0000
-0.6930 2004.0000
-0.6920 2003.0000
-0.6910 2002.0000
-0.6900 2001.0000
-0.6890 2000.0000
-0.6880 1999.0000
-0.6870 1998.0000
-0.6860 1997.0000
-0.6850 1996.0000
-0.6840 1995.0000
-0.6830 1993.0000
-0.6820 1992.0000
-0.6810 1991.0000
-0.6800 1990.0000
-0.6790 1989.0000
-0.6780 1988.0000
-0.6770 1987.0000
-0.6760 1986.0000
-0.6750 1985.0000
-0.6740 1984.0000
-0.6730 1983.0000
-0.6720 1982.0000
-0.6710 1981.0000
-0.6700 1979.0000
-0.6690 1978.0000
-0.6680 1977.0000
-0.6670 1976.0000
-0.6660 1975.0000
-0.6650 1974.0000
-0.6640 1973.0000
-0.6630 1972.0000
-0.6620 1971.0000
-0.6610 1970.0000
-0.6600 1969.0000
-0.6590 1968.0000
-0.6580 1966.0000
-0.6570 1965.0000
-0.6560 1964.0000
-0.6550 1963.0000
-0.6540 1962.0000
-0.6530 1961.0000
-0.6520 1960.0000
-0.6510 1959.0000
-0.6500 1958.0000
-0.6490 1957.0000
-0.6480 1955.0000
-0.6470 1954.0000
-0.6460 1953.0000
-0.6450 1952.0000
-0.6440 1951.0000
-0.6430 1950.0000
-0.6420 1949.0000
-0.6410 1948.0000
-0.6400 1947.0000
-0.6390 1946.0000
-0.6380 1944.0000
-0.6370 1943.0000
-0.6360 1942.0000
-0.6350 1941.0000
-0.6340 1940.0000
-0.6330 1939.0000
-0.6320 1938.0000
-0.6310 1937.0000
-0.6300 1936.0000
-0.6290 1934.0000
-0.6280 1933.0000
-0.6270 1932.0000
-0.6260 1931.0000
-0.6250 1930.0000
-0.6240 1929.0000
-0.6230 1928.0000
-0.6220 1927.0000
-0.6210 1925.0000
-0.6200 1924.0000
-0.6190 1923.0000
-0.6180 1922.0000
-0.6170 1921.0000
-0.6160 1920.0000
-0.6150 1919.0000
-0.6140 1918.0000
-0.6130 1916.0000
-0.6120 1915.0000
-0.6110 1914.0000
-0.6100 1913.0000
-0.6090 1912.0000
-0.6080 1911.0000
-0.6070 1910.0000
-0.6060 1908.0000
-0.6050 1907.0000
-0.6040 1906.0000
-0.6030 1905.0000
-0.6020 1904.0000
-0.6010 1903.0000
-0.6000 1902.0000
-0.5990 1900.0000
-0.5980 1899.0000
-0.5970 1898.0000
-0.5960 1897.0000
-0.5950 1896.0000
-0.5940 1895.0000
-0.5930 1894.0000
-0.5920 1892.0000
-0.5910 1891.0000
-0.5900 1890.0000
-0.5890 1889.0000
-0.5880 1888.0000
-0.5870 1887.0000
-0.5860 1885.0000
-0.5850 1884.0000
-0.5840 1883.0000
-0.5830 1882.0000
-0.5820 1881.0000
-0.5810 1880.0000
-0.5800 1879.0000
-0.5790 1877.0000
-0.5780 1876.0000
-0.5770 1875.0000
-0.5760 1874.0000
-0.5750 1873.0000
-0.5740 1871.0000
-0.5730 1870.0000
-0.5720 1869.0000
-0.5710 1868.0000
-0.5700 1867.0000
-0.5690 1866.0000
-0.5680 1864.0000
-0.5670 1863.0000
-0.5660 1862.0000
-0.5650 1861.0000
-0.5640 1860.0000
-0.5630 1859.0000
-0.5620 1857.0000
-0.5610 1856.0000
-0.5600 1855.0000
-0.5590 1854.0000
-0.5580 1853.0000
-0.5570 1851.0000
-0.5560 1850.0000
-0.5550 1849.0000
-0.5540 1848.0000
-0.5530 1847.0000
-0.5520 1845.0000
-0.5510 1844.0000
-0.5500 1843.0000
-0.5490 1842.0000
-0.5480 1841.0000
-0.5470 1839.0000
-0.5460 1838.0000
-0.5450 1837.0000
-0.5440 1836.0000
-0.5430 1835.0000
-0.5420 1833.0000
-0.5410 1832.0000
-0.5400 1831.0000
-0.5390 1830.0000
-0.5380 1829.0000
-0.5370 1827.0000
-0.5360 1826.0000
-0.5350 1825.0000
-0.5340 1824.0000
-0.5330 1822.0000
-0.5320 1821.0000
-0.5310 1820.0000
-0.5300 1819.0000
-0.5290 1818.0000
-0.5280 1816.0000
-0.5270 1815.0000
-0.5260 1814.0000
-0.5250 1813.0000
-0.5240 1811.0000
-0.5230 1810.0000
-0.5220 1809.0000
-0.5210 1808.0000
-0.5200 1806.0000
-0.5190 1805.0000
-0.5180 1804.0000
-0.5170 1803.0000
-0.5160 1801.0000
-0.5150 1800.0000
-0.5140 1799.0000
-0.5130 1798.0000
-0.5120 1796.0000
-0.5110 1795.0000
-0.5100 1794.0000
-0.5090 1793.0000
-0.5080 1791.0000
-0.5070 1790.0000
-0.5060 1789.0000
-0.5050 1788.0000
-0.5040 1786.0000
-0.5030 1785.0000
-0.5020 1784.0000
-0.5010 1783.0000
-0.5000 1781.0000
-0.4990 1780.0000
-0.4980 1779.0000
-0.4970 1778.0000
-0.4960 1776.0000
-0.4950 1775.0000
-0.4940 1774.0000
-0.4930 1772.0000
-0.4920 1771.0000
-0.4910 1770.0000
-0.4900 1769.0000
-0.4890 1767.0000
-0.4880 1766.0000
-0.4870 1765.0000
-0.4860 1764.0000
-0.4850 1762.0000
-0.4840 1761.0000
-0.4830 1760.0000
-0.4820 1758.0000
-0.4810 1757.0000
-0.4800 1756.0000
-0.4790 1754.0000
-0.4780 1753.0000
-0.4770 1752.0000
-0.4760 1751.0000
-0.4750 1749.0000
-0.4740 1748.0000
-0.4730 1747.0000
-0.4720 1745.0000
-0.4710 1744.0000
-0.4700 1743.0000
-0.4690 1741.0000
-0.4680 1740.0000
-0.4670 1739.0000
-0.4660 1737.0000
-0.4650 1736.0000
-0.4640 1735.0000
-0.4630 1733.0000
-0.4620 1732.0000
-0.4610 1731.0000
-0.4600 1730.0000
-0.4590 1728.0000
-0.4580 1727.0000
-0.4570 1726.0000
-0.4560 1724.0000
-0.4550 1723.0000
-0.4540 1721.0000
-0.4530 1720.0000
-0.4520 1719.0000
-0.4510 1717.0000
-0.4500 1716.0000
-0.4490 1715.0000
-0.4480 1713.0000
-0.4470 1712.0000
-0.4460 1711.0000
-0.4450 1709.0000
-0.4440 1708.0000
-0.4430 1707.0000
-0.4420 1705.0000
-0.4410 1704.0000
-0.4400 1703.0000
-0.4390 1701.0000
-0.4380 1700.0000
-0.4370 1698.0000
-0.4360 1697.0000
-0.4350 1696.0000
-0.4340 1694.0000
-0.4330 1693.0000
-0.4320 1692.0000
-0.4310 1690.0000
-0.4300 1689.0000
-0.4290 1687.0000
-0.4280 1686.0000
-0.4270 1685.0000
-0.4260 1683.0000
-0.4250 1682.0000
-0.4240 1680.0000
-0.4230 1679.0000
-0.4220 1678.0000
-0.4210 1676.0000
-0.4200 1675.0000
-0.4190 1673.0000
-0.4180 1672.0000
-0.4170 1671.0000
-0.4160 1669.0000
-0.4150 1668.0000
-0.4140 1666.0000
-0.4130 1665.0000
-0.4120 1664.0000
-0.4110 1662.0000
-0.4100 1661.0000
-0.4090 1659.0000
-0.4080 1658.0000
-0.4070 1656.0000
-0.4060 1655.0000
-0.4050 1654.0000
-0.4040 1652.0000
-0.4030 1651.0000
-0.4020 1649.0000
-0.4010 1648.0000
-0.4000 1646.0000
-0.3990 1645.0000
-0.3980 1644.0000
-0.3970 1642.0000
-0.3960 1641.0000
-0.3950 1639.0000
-0.3940 1638.0000
-0.3930 1636.0000
-0.3920 1635.0000
-0.3910 1633.0000
-0.3900 1632.0000
-0.3890 1630.0000
-0.3880 1629.0000
-0.3870 1627.0000
-0.3860 1626.0000
-0.3850 1624.0000
-0.3840 1623.0000
-0.3830 1621.0000
-0.3820 1620.0000
-0.3810 1619.0000
-0.3800 1617.0000
-0.3790 1616.0000
-0.3780 1614.0000
-0.3770 1613.0000
-0.3760 1611.0000
-0.3750 1610.0000
-0.3740 1608.0000
-0.3730 1606.0000
-0.3720 1605.0000
-0.3710 1603.0000
-0.3700 1602.0000
-0.3690 1600.0000
-0.3680 1599.0000
-0.3670 1597.0000
-0.3660 1596.0000
-0.3650 1594.0000
-0.3640 1593.0000
-0.3630 1591.0000
-0.3620 1590.0000
-0.3610 1588.0000
-0.3600 1587.0000
-0.3590 1585.0000
-0.3580 1584.0000
-0.3570 1582.0000
-0.3560 1580.0000
-0.3550 1579.0000
-0.3540 1577.0000
-0.3530 1576.0000
-0.3520 1574.0000
-0.3510 1573.0000
-0.3500 1571.0000
-0.3490 1569.0000
-0.3480 1568.0000
-0.3470 1566.0000
-0.3460 1565.0000
-0.3450 1563.0000
-0.3440 1562.0000
-0.3430 1560.0000
-0.3420 1558.0000
-0.3410 1557.0000
-0.3400 1555.0000
-0.3390 1554.0000
-0.3380 1552.0000
-0.3370 1550.0000
-0.3360 1549.0000
-0.3350 1547.0000
-0.3340 1545.0000
-0.3330 1544.0000
-0.3320 1542.0000
-0.3310 1541.0000
-0.3300 1539.0000
-0.3290 1537.0000
-0.3280 1536.0000
-0.3270 1534.0000
-0.3260 1532.0000
-0.3250 1531.0000
-0.3240 1529.0000
-0.3230 1527.0000
-0.3220 1526.0000
-0.3210 1524.0000
-0.3200 1522.0000
-0.3190 1521.0000
-0.3180 1519.0000
-0.3170 1517.0000
-0.3160 1516.0000
-0.3150 1514.0000
-0.3140 1512.0000
-0.3130 1511.0000
-0.3120 1509.0000
-0.3110 1507.0000
-0.3100 1506.0000
-0.3090 1504.0000
-0.3080 1502.0000
-0.3070 1500.0000
-0.3060 1499.0000
-0.3050 1497.0000
-0.3040 1495.0000
-0.3030 1494.0000
-0.3020 1492.0000
-0.3010 1490.0000
-0.3000 1488.0000
-0.2990 1487.0000
-0.2980 1485.0000
-0.2970 1483.0000
-0.2960 1481.0000
-0.2950 1480.0000
-0.2940 1478.0000
-0.2930 1476.0000
-0.2920 1474.0000
-0.2910 1473.0000
-0.2900 1471.0000
-0.2890 1469.0000
-0.2880 1467.0000
-0.2870 1465.0000
-0.2860 1464.0000
-0.2850 1462.0000
-0.2840 1460.0000
-0.2830 1458.0000
-0.2820 1456.0000
-0.2810 1455.0000
-0.2800 1453.0000
-0.2790 1451.0000
-0.2780 1449.0000
-0.2770 1447.0000
-0.2760 1445.0000
-0.2750 1444.0000
-0.2740 1442.0000
-0.2730 1440.0000
-0.2720 1438.0000
-0.2710 1436.0000
-0.2700 1434.0000
-0.2690 1432.0000
-0.2670 1429.0000
-0.2660 1427.0000
-0.2650 1425.0000
-0.2640 1423.0000
-0.2630 1421.0000
-0.2620 1419.0000
-0.2610 1417.0000
-0.2600 1415.0000
-0.2590 1413.0000
-0.2580 1411.0000
-0.2550 1406.0000
-0.2540 1404.0000
-0.2530 1402.0000
-0.2520 1400.0000
-0.2510 1398.0000
-0.2500 1396.0000
-0.2490 1394.0000
-0.2480 1392.0000
-0.2470 1390.0000
-0.2460 1388.0000
-0.2450 1386.0000
-0.2440 1384.0000
-0.2430 1382.0000
-0.2420 1380.0000
-0.2410 1378.0000
-0.2400 1376.0000
-0.2390 1374.0000
-0.2380 1372.0000
-0.2370 1370.0000
-0.2360 1368.0000
-0.2340 1363.0000
-0.2330 1361.0000
-0.2320 1359.0000
-0.2310 1357.0000
-0.2300 1355.0000
-0.2290 1353.0000
-0.2280 1351.0000
-0.2270 1349.0000
-0.2260 1347.0000
-0.2240 1342.0000
-0.2230 1340.0000
-0.2220 1338.0000
-0.2210 1336.0000
-0.2200 1334.0000
-0.2190 1332.0000
-0.2170 1327.0000
-0.2160 1325.0000
-0.2150 1323.0000
-0.2140 1321.0000
-0.2120 1316.0000
-0.2110 1314.0000
-0.2100 1312.0000
-0.2080 1307.0000
-0.2070 1305.0000
-0.2060 1303.0000
-0.2040 1298.0000
-0.2030 1296.0000
-0.2020 1294.0000
-0.2010 1291.0000
-0.2000 1289.0000
-0.1990 1287.0000
-0.1980 1284.0000
-0.1970 1282.0000
-0.1960 1280.0000
-0.1950 1277.0000
-0.1940 1275.0000
-0.1920 1270.0000
-0.1910 1268.0000
-0.1900 1265.0000
-0.1890 1263.0000
-0.1870 1258.0000
-0.1860 1256.0000
-0.1850 1253.0000
-0.1840 1251.0000
-0.1830 1248.0000
-0.1820 1246.0000
-0.1810 1243.0000
-0.1800 1241.0000
-0.1790 1238.0000
-0.1780 1236.0000
-0.1770 1233.0000
-0.1760 1231.0000
-0.1750 1228.0000
-0.1730 1223.0000
-0.1720 1220.0000
-0.1710 1218.0000
-0.1700 1215.0000
-0.1680 1210.0000
-0.1670 1207.0000
-0.1660 1205.0000
-0.1650 1202.0000
-0.1640 1199.0000
-0.1620 1194.0000
-0.1610 1191.0000
-0.1600 1188.0000
-0.1590 1186.0000
-0.1580 1183.0000
-0.1570 1180.0000
-0.1560 1177.0000
-0.1540 1172.0000
-0.1530 1169.0000
-0.1520 1166.0000
-0.1510 1163.0000
-0.1500 1160.0000
-0.1470 1152.0000
-0.1460 1149.0000
-0.1450 1146.0000
-0.1440 1143.0000
-0.1430 1140.0000
-0.1420 1137.0000
-0.1410 1134.0000
-0.1400 1131.0000
-0.1390 1128.0000
-0.1380 1125.0000
-0.1370 1122.0000
-0.1340 1112.0000
-0.1330 1109.0000
-0.1320 1106.0000
-0.1310 1103.0000
-0.1300 1100.0000
-0.1280 1093.0000
-0.1270 1090.0000
-0.1260 1087.0000
-0.1250 1083.0000
-0.1240 1080.0000
-0.1230 1077.0000
-0.1220 1073.0000
-0.1210 1070.0000
-0.1200 1067.0000
-0.1190 1063.0000
-0.1180 1060.0000
-0.1170 1056.0000
-0.1160 1053.0000
-0.1150 1049.0000
-0.1140 1046.0000
-0.1130 1042.0000
-0.1120 1039.0000
-0.1110 1035.0000
-0.1090 1028.0000
-0.1080 1024.0000
-0.1060 1017.0000
-0.1050 1013.0000
-0.1040 1009.0000
-0.1030 1005.0000
-0.1010 998.0000
-0.1000 994.0000
-0.0990 990.0000
-0.0980 986.0000
-0.0970 982.0000
-0.0960 978.0000
-0.0950 974.0000
-0.0940 970.0000
-0.0930 966.0000
-0.0900 953.0000
-0.0890 949.0000
-0.0880 945.0000
-0.0870 940.0000
-0.0860 936.0000
-0.0850 932.0000
-0.0840 927.0000
-0.0830 923.0000
-0.0820 918.0000
-0.0810 914.0000
-0.0800 909.0000
-0.0780 900.0000
-0.0770 895.0000
-0.0750 886.0000
-0.0740 881.0000
-0.0730 876.0000
-0.0720 871.0000
-0.0710 866.0000
-0.0700 861.0000
-0.0690 856.0000
-0.0680 851.0000
-0.0660 840.0000
-0.0650 835.0000
-0.0630 824.0000
-0.0620 819.0000
-0.0610 813.0000
-0.0590 802.0000
-0.0580 796.0000
-0.0570 790.0000
-0.0560 784.0000
-0.0550 778.0000
-0.0540 772.0000
-0.0530 766.0000
-0.0520 760.0000
-0.0510 754.0000
-0.0500 748.0000
-0.0490 741.0000
-0.0480 735.0000
-0.0460 721.0000
-0.0450 715.0000
-0.0440 708.0000
-0.0430 701.0000
-0.0420 694.0000
-0.0410 686.0000
-0.0400 679.0000
-0.0390 672.0000
-0.0380 664.0000
-0.0360 649.0000
-0.0350 641.0000
-0.0340 633.0000
-0.0320 616.0000
-0.0310 608.0000
-0.0290 590.0000
-0.0280 581.0000
-0.0270 572.0000
-0.0250 553.0000
-0.0230 533.0000
-0.0220 523.0000
-0.0210 512.0000
-0.0200 501.0000
-0.0190 490.0000
-0.0170 467.0000
-0.0160 455.0000
-0.0150 443.0000
-0.0140 430.0000
-0.0130 417.0000
-0.0120 403.0000
-0.0110 389.0000
-0.0070 326.0000
-0.0060 308.0000
