-0.2030 2097.0000
-0.2020 2093.0000
-0.2010 2089.0000
-0.2000 2085.0000
-0.1990 2082.0000
-0.1980 2078.0000
-0.1970 2074.0000
-0.1960 2070.0000
-0.1940 2063.0000
-0.1930 2059.0000
-0.1920 2055.0000
-0.1910 2051.0000
-0.1900 2047.0000
-0.1870 2036.0000
-0.1860 2032.0000
-0.1850 2028.0000
-0.1840 2024.0000
-0.1830 2020.0000
-0.1820 2016.0000
-0.1810 2012.0000
-0.1800 2008.0000
-0.1790 2004.0000
-0.1780 2000.0000
-0.1760 1991.0000
-0.1750 1987.0000
-0.1740 1983.0000
-0.1730 1979.0000
-0.1720 1975.0000
-0.1710 1971.0000
-0.1690 1962.0000
-0.1680 1958.0000
-0.1670 1954.0000
-0.1660 1949.0000
-0.1650 1945.0000
-0.1640 1941.0000
-0.1620 1932.0000
-0.1610 1928.0000
-0.1600 1923.0000
-0.1590 1919.0000
-0.1570 1910.0000
-0.1550 1901.0000
-0.1530 1892.0000
-0.1520 1887.0000
-0.1510 1883.0000
-0.1500 1878.0000
-0.1480 1869.0000
-0.1470 1864.0000
-0.1460 1859.0000
-0.1450 1855.0000
-0.1440 1850.0000
-0.1430 1845.0000
-0.1420 1840.0000
-0.1410 1835.0000
-0.1390 1826.0000
-0.1380 1821.0000
-0.1370 1816.0000
-0.1360 1811.0000
-0.1350 1806.0000
-0.1340 1801.0000
-0.1330 1796.0000
-0.1300 1780.0000
-0.1290 1775.0000
-0.1280 1770.0000
-0.1270 1765.0000
-0.1260 1759.0000
-0.1250 1754.0000
-0.1240 1749.0000
-0.1230 1743.0000
-0.1220 1738.0000
-0.1200 1727.0000
-0.1180 1716.0000
-0.1160 1705.0000
-0.1150 1699.0000
-0.1130 1688.0000
-0.1120 1682.0000
-0.1110 1676.0000
-0.1100 1670.0000
-0.1070 1653.0000
-0.1060 1647.0000
-0.1030 1628.0000
-0.1020 1622.0000
-0.1010 1616.0000
-0.1000 1610.0000
-0.0990 1603.0000
-0.0980 1597.0000
-0.0960 1584.0000
-0.0940 1571.0000
-0.0920 1558.0000
-0.0910 1551.0000
-0.0900 1544.0000
-0.0840 1502.0000
-0.0830 1495.0000
-0.0820 1488.0000
-0.0800 1473.0000
-0.0790 1466.0000
-0.0780 1458.0000
-0.0760 1443.0000
-0.0750 1435.0000
-0.0740 1427.0000
-0.0700 1395.0000
-0.0690 1387.0000
-0.0680 1379.0000
-0.0660 1362.0000
-0.0650 1353.0000
-0.0640 1345.0000
-0.0620 1327.0000
-0.0610 1318.0000
-0.0600 1309.0000
-0.0580 1291.0000
-0.0570 1281.0000
-0.0560 1272.0000
-0.0550 1262.0000
-0.0530 1243.0000
-0.0520 1233.0000
-0.0510 1223.0000
-0.0500 1212.0000
-0.0470 1181.0000
-0.0440 1148.0000
-0.0430 1137.0000
-0.0420 1125.0000
-0.0400 1102.0000
-0.0390 1090.0000
-0.0370 1065.0000
-0.0350 1040.0000
-0.0340 1027.0000
-0.0330 1013.0000
-0.0320 1000.0000
-0.0310 986.0000
-0.0290 958.0000
-0.0280 943.0000
-0.0270 928.0000
-0.0230 865.0000
-0.0190 796.0000
-0.0160 739.0000
-0.0150 719.0000
-0.0140 698.0000
-0.0130 677.0000
-0.0120 654.0000
-0.0110 631.0000
-0.0100 607.0000
-0.0090 582.0000
-0.0080 556.0000
-0.0070 529.0000
-0.0060 500.0000
-0.0050 469.0000
-0.0040 436.0000
-0.0030 401.0000
-0.0020 363.0000
-0.0010 321.0000
