-4.95100 4999.00000
-4.94900 4998.00000
-4.94700 4997.00000
-4.94500 4996.00000
-4.94300 4995.00000
-4.94100 4994.00000
-4.93900 4993.00000
-4.93700 4992.00000
-4.93500 4991.00000
-4.93300 4990.00000
-4.93100 4989.00000
-4.92800 4988.00000
-4.92600 4987.00000
-4.92400 4986.00000
-4.92200 4985.00000
-4.92000 4984.00000
-4.91800 4983.00000
-4.91600 4982.00000
-4.91400 4981.00000
-4.91200 4980.00000
-4.91000 4979.00000
-4.90800 4978.00000
-4.90600 4977.00000
-4.90400 4976.00000
-4.90200 4975.00000
-4.89900 4974.00000
-4.89700 4973.00000
-4.89500 4972.00000
-4.89300 4971.00000
-4.89100 4970.00000
-4.88900 4969.00000
-4.88700 4968.00000
-4.88500 4967.00000
-4.88300 4966.00000
-4.88100 4965.00000
-4.87900 4964.00000
-4.87700 4963.00000
-4.87500 4962.00000
-4.87300 4961.00000
-4.87100 4960.00000
-4.86800 4959.00000
-4.86600 4958.00000
-4.86400 4957.00000
-4.86200 4956.00000
-4.86000 4955.00000
-4.85800 4954.00000
-4.85600 4953.00000
-4.85400 4952.00000
-4.85200 4951.00000
-4.85000 4950.00000
-4.84800 4949.00000
-4.84600 4948.00000
-4.84400 4947.00000
-4.84200 4946.00000
-4.84000 4945.00000
-4.83800 4944.00000
-4.83500 4943.00000
-4.83300 4942.00000
-4.83100 4941.00000
-4.82900 4940.00000
-4.82700 4939.00000
-4.82500 4938.00000
-4.82300 4937.00000
-4.82100 4936.00000
-4.81900 4935.00000
-4.81700 4934.00000
-4.81500 4933.00000
-4.81300 4932.00000
-4.81100 4931.00000
-4.80900 4930.00000
-4.80700 4929.00000
-4.80500 4928.00000
-4.80300 4927.00000
-4.80100 4926.00000
-4.79800 4925.00000
-4.79600 4924.00000
-4.79400 4923.00000
-4.79200 4922.00000
-4.79000 4921.00000
-4.78800 4920.00000
-4.78600 4919.00000
-4.78400 4918.00000
-4.78200 4917.00000
-4.78000 4916.00000
-4.77800 4915.00000
-4.77600 4914.00000
-4.77400 4913.00000
-4.77200 4912.00000
-4.77000 4911.00000
-4.76800 4910.00000
-4.76600 4909.00000
-4.76400 4908.00000
-4.76200 4907.00000
-4.76000 4906.00000
-4.75800 4905.00000
-4.75600 4904.00000
-4.75400 4903.00000
-4.75100 4902.00000
-4.74900 4901.00000
-4.74700 4900.00000
-4.74500 4899.00000
-4.74300 4898.00000
-4.74100 4897.00000
-4.73900 4896.00000
-4.73700 4895.00000
-4.73500 4894.00000
-4.73300 4893.00000
-4.73100 4892.00000
-4.72900 4891.00000
-4.72700 4890.00000
-4.72500 4889.00000
-4.72300 4888.00000
-4.72100 4887.00000
-4.71900 4886.00000
-4.71700 4885.00000
-4.71500 4884.00000
-4.71300 4883.00000
-4.71100 4882.00000
-4.70900 4881.00000
-4.70700 4880.00000
-4.70500 4879.00000
-4.70300 4878.00000
-4.70100 4877.00000
-4.69900 4876.00000
-4.69700 4875.00000
-4.69400 4874.00000
-4.69200 4873.00000
-4.69000 4872.00000
-4.68800 4871.00000
-4.68600 4870.00000
-4.68400 4869.00000
-4.68200 4868.00000
-4.68000 4867.00000
-4.67800 4866.00000
-4.67600 4865.00000
-4.67400 4864.00000
-4.67200 4863.00000
-4.67000 4862.00000
-4.66800 4861.00000
-4.66600 4860.00000
-4.66400 4859.00000
-4.66200 4858.00000
-4.66000 4857.00000
-4.65800 4856.00000
-4.65600 4855.00000
-4.65400 4854.00000
-4.65200 4853.00000
-4.65000 4852.00000
-4.64800 4851.00000
-4.64600 4850.00000
-4.64400 4849.00000
-4.64200 4848.00000
-4.64000 4847.00000
-4.63800 4846.00000
-4.63600 4845.00000
-4.63400 4844.00000
-4.63200 4843.00000
-4.63000 4842.00000
-4.62800 4841.00000
-4.62600 4840.00000
-4.62400 4839.00000
-4.62200 4838.00000
-4.62000 4837.00000
-4.61800 4836.00000
-4.61600 4835.00000
-4.61400 4834.00000
-4.61200 4833.00000
-4.61000 4832.00000
-4.60800 4831.00000
-4.60600 4830.00000
-4.60400 4829.00000
-4.60200 4828.00000
-4.60000 4827.00000
-4.59800 4826.00000
-4.59600 4825.00000
-4.59400 4824.00000
-4.59200 4823.00000
-4.59000 4822.00000
-4.58800 4821.00000
-4.58600 4820.00000
-4.58400 4819.00000
-4.58200 4818.00000
-4.58000 4817.00000
-4.57800 4816.00000
-4.57600 4815.00000
-4.57400 4814.00000
-4.57200 4813.00000
-4.57000 4812.00000
-4.56800 4811.00000
-4.56600 4810.00000
-4.56400 4809.00000
-4.56200 4808.00000
-4.56000 4807.00000
-4.55800 4806.00000
-4.55600 4805.00000
-4.55400 4804.00000
-4.55200 4803.00000
-4.55000 4802.00000
-4.54800 4801.00000
-4.54600 4800.00000
-4.54400 4799.00000
-4.54200 4798.00000
-4.54000 4797.00000
-4.53800 4796.00000
-4.53600 4795.00000
-4.53400 4794.00000
-4.53200 4793.00000
-4.53000 4792.00000
-4.52800 4791.00000
-4.52600 4790.00000
-4.52400 4789.00000
-4.52200 4788.00000
-4.52000 4787.00000
-4.51800 4786.00000
-4.51600 4785.00000
-4.51400 4784.00000
-4.51200 4783.00000
-4.51000 4782.00000
-4.50800 4781.00000
-4.50600 4780.00000
-4.50400 4779.00000
-4.50200 4778.00000
-4.50000 4777.00000
-4.49800 4776.00000
-4.49600 4775.00000
-4.49400 4774.00000
-4.49200 4773.00000
-4.49000 4772.00000
-4.48800 4771.00000
-4.48600 4770.00000
-4.48400 4769.00000
-4.48200 4768.00000
-4.48000 4767.00000
-4.47800 4766.00000
-4.47600 4765.00000
-4.47400 4764.00000
-4.47200 4763.00000
-4.47000 4762.00000
-4.46800 4761.00000
-4.46600 4760.00000
-4.46400 4759.00000
-4.46200 4758.00000
-4.46000 4757.00000
-4.45800 4756.00000
-4.45600 4755.00000
-4.45400 4754.00000
-4.45200 4753.00000
-4.45000 4752.00000
-4.44800 4751.00000
-4.44600 4750.00000
-4.44400 4749.00000
-4.44200 4748.00000
-4.44000 4747.00000
-4.43800 4746.00000
-4.43600 4745.00000
-4.43400 4744.00000
-4.43200 4743.00000
-4.43000 4742.00000
-4.42800 4741.00000
-4.42600 4740.00000
-4.42400 4739.00000
-4.42200 4738.00000
-4.42000 4737.00000
-4.41900 4736.00000
-4.41700 4735.00000
-4.41500 4734.00000
-4.41300 4733.00000
-4.41100 4732.00000
-4.40900 4731.00000
-4.40700 4730.00000
-4.40500 4729.00000
-4.40300 4728.00000
-4.40100 4727.00000
-4.39900 4726.00000
-4.39700 4725.00000
-4.39500 4724.00000
-4.39300 4723.00000
-4.39100 4722.00000
-4.38900 4721.00000
-4.38700 4720.00000
-4.38500 4719.00000
-4.38300 4718.00000
-4.38100 4717.00000
-4.37900 4716.00000
-4.37700 4715.00000
-4.37500 4714.00000
-4.37300 4713.00000
-4.37100 4712.00000
-4.36900 4711.00000
-4.36700 4710.00000
-4.36500 4709.00000
-4.36300 4708.00000
-4.36200 4707.00000
-4.36000 4706.00000
-4.35800 4705.00000
-4.35600 4704.00000
-4.35400 4703.00000
-4.35200 4702.00000
-4.35000 4701.00000
-4.34800 4700.00000
-4.34600 4699.00000
-4.34400 4698.00000
-4.34200 4697.00000
-4.34000 4696.00000
-4.33800 4695.00000
-4.33600 4694.00000
-4.33400 4693.00000
-4.33200 4692.00000
-4.33000 4691.00000
-4.32800 4690.00000
-4.32600 4689.00000
-4.32400 4688.00000
-4.32200 4687.00000
-4.32000 4686.00000
-4.31900 4685.00000
-4.31700 4684.00000
-4.31500 4683.00000
-4.31300 4682.00000
-4.31100 4681.00000
-4.30900 4680.00000
-4.30700 4679.00000
-4.30500 4678.00000
-4.30300 4677.00000
-4.30100 4676.00000
-4.29900 4675.00000
-4.29700 4674.00000
-4.29500 4673.00000
-4.29300 4672.00000
-4.29100 4671.00000
-4.28900 4670.00000
-4.28700 4669.00000
-4.28500 4668.00000
-4.28300 4667.00000
-4.28200 4666.00000
-4.28000 4665.00000
-4.27800 4664.00000
-4.27600 4663.00000
-4.27400 4662.00000
-4.27200 4661.00000
-4.27000 4660.00000
-4.26800 4659.00000
-4.26600 4658.00000
-4.26400 4657.00000
-4.26200 4656.00000
-4.26000 4655.00000
-4.25800 4654.00000
-4.25600 4653.00000
-4.25400 4652.00000
-4.25200 4651.00000
-4.25100 4650.00000
-4.24900 4649.00000
-4.24700 4648.00000
-4.24500 4647.00000
-4.24300 4646.00000
-4.24100 4645.00000
-4.23900 4644.00000
-4.23700 4643.00000
-4.23500 4642.00000
-4.23300 4641.00000
-4.23100 4640.00000
-4.22900 4639.00000
-4.22700 4638.00000
-4.22500 4637.00000
-4.22300 4636.00000
-4.22200 4635.00000
-4.22000 4634.00000
-4.21800 4633.00000
-4.21600 4632.00000
-4.21400 4631.00000
-4.21200 4630.00000
-4.21000 4629.00000
-4.20800 4628.00000
-4.20600 4627.00000
-4.20400 4626.00000
-4.20200 4625.00000
-4.20000 4624.00000
-4.19800 4623.00000
-4.19600 4622.00000
-4.19500 4621.00000
-4.19300 4620.00000
-4.19100 4619.00000
-4.18900 4618.00000
-4.18700 4617.00000
-4.18500 4616.00000
-4.18300 4615.00000
-4.18100 4614.00000
-4.17900 4613.00000
-4.17700 4612.00000
-4.17500 4611.00000
-4.17300 4610.00000
-4.17200 4609.00000
-4.17000 4608.00000
-4.16800 4607.00000
-4.16600 4606.00000
-4.16400 4605.00000
-4.16200 4604.00000
-4.16000 4603.00000
-4.15800 4602.00000
-4.15600 4601.00000
-4.15400 4600.00000
-4.15200 4599.00000
-4.15000 4598.00000
-4.14900 4597.00000
-4.14700 4596.00000
-4.14500 4595.00000
-4.14300 4594.00000
-4.14100 4593.00000
-4.13900 4592.00000
-4.13700 4591.00000
-4.13500 4590.00000
-4.13300 4589.00000
-4.13100 4588.00000
-4.12900 4587.00000
-4.12700 4586.00000
-4.12600 4585.00000
-4.12400 4584.00000
-4.12200 4583.00000
-4.12000 4582.00000
-4.11800 4581.00000
-4.11600 4580.00000
-4.11400 4579.00000
-4.11200 4578.00000
-4.11000 4577.00000
-4.10800 4576.00000
-4.10600 4575.00000
-4.10500 4574.00000
-4.10300 4573.00000
-4.10100 4572.00000
-4.09900 4571.00000
-4.09700 4570.00000
-4.09500 4569.00000
-4.09300 4568.00000
-4.09100 4567.00000
-4.08900 4566.00000
-4.08700 4565.00000
-4.08600 4564.00000
-4.08400 4563.00000
-4.08200 4562.00000
-4.08000 4561.00000
-4.07800 4560.00000
-4.07600 4559.00000
-4.07400 4558.00000
-4.07200 4557.00000
-4.07000 4556.00000
-4.06800 4555.00000
-4.06700 4554.00000
-4.06500 4553.00000
-4.06300 4552.00000
-4.06100 4551.00000
-4.05900 4550.00000
-4.05700 4549.00000
-4.05500 4548.00000
-4.05300 4547.00000
-4.05100 4546.00000
-4.05000 4545.00000
-4.04800 4544.00000
-4.04600 4543.00000
-4.04400 4542.00000
-4.04200 4541.00000
-4.04000 4540.00000
-4.03800 4539.00000
-4.03600 4538.00000
-4.03400 4537.00000
-4.03300 4536.00000
-4.03100 4535.00000
-4.02900 4534.00000
-4.02700 4533.00000
-4.02500 4532.00000
-4.02300 4531.00000
-4.02100 4530.00000
-4.01900 4529.00000
-4.01700 4528.00000
-4.01600 4527.00000
-4.01400 4526.00000
-4.01200 4525.00000
-4.01000 4524.00000
-4.00800 4523.00000
-4.00600 4522.00000
-4.00400 4521.00000
-4.00200 4520.00000
-4.00000 4519.00000
-3.99900 4518.00000
-3.99700 4517.00000
-3.99500 4516.00000
-3.99300 4515.00000
-3.99100 4514.00000
-3.98900 4513.00000
-3.98700 4512.00000
-3.98500 4511.00000
-3.98400 4510.00000
-3.98200 4509.00000
-3.98000 4508.00000
-3.97800 4507.00000
-3.97600 4506.00000
-3.97400 4505.00000
-3.97200 4504.00000
-3.97000 4503.00000
-3.96900 4502.00000
-3.96700 4501.00000
-3.96500 4500.00000
-3.96300 4499.00000
-3.96100 4498.00000
-3.95900 4497.00000
-3.95700 4496.00000
-3.95500 4495.00000
-3.95400 4494.00000
-3.95200 4493.00000
-3.95000 4492.00000
-3.94800 4491.00000
-3.94600 4490.00000
-3.94400 4489.00000
-3.94200 4488.00000
-3.94000 4487.00000
-3.93900 4486.00000
-3.93700 4485.00000
-3.93500 4484.00000
-3.93300 4483.00000
-3.93100 4482.00000
-3.92900 4481.00000
-3.92700 4480.00000
-3.92600 4479.00000
-3.92400 4478.00000
-3.92200 4477.00000
-3.92000 4476.00000
-3.91800 4475.00000
-3.91600 4474.00000
-3.91400 4473.00000
-3.91200 4472.00000
-3.91100 4471.00000
-3.90900 4470.00000
-3.90700 4469.00000
-3.90500 4468.00000
-3.90300 4467.00000
-3.90100 4466.00000
-3.89900 4465.00000
-3.89800 4464.00000
-3.89600 4463.00000
-3.89400 4462.00000
-3.89200 4461.00000
-3.89000 4460.00000
-3.88800 4459.00000
-3.88600 4458.00000
-3.88500 4457.00000
-3.88300 4456.00000
-3.88100 4455.00000
-3.87900 4454.00000
-3.87700 4453.00000
-3.87500 4452.00000
-3.87300 4451.00000
-3.87200 4450.00000
-3.87000 4449.00000
-3.86800 4448.00000
-3.86600 4447.00000
-3.86400 4446.00000
-3.86200 4445.00000
-3.86000 4444.00000
-3.85900 4443.00000
-3.85700 4442.00000
-3.85500 4441.00000
-3.85300 4440.00000
-3.85100 4439.00000
-3.84900 4438.00000
-3.84800 4437.00000
-3.84600 4436.00000
-3.84400 4435.00000
-3.84200 4434.00000
-3.84000 4433.00000
-3.83800 4432.00000
-3.83600 4431.00000
-3.83500 4430.00000
-3.83300 4429.00000
-3.83100 4428.00000
-3.82900 4427.00000
-3.82700 4426.00000
-3.82500 4425.00000
-3.82400 4424.00000
-3.82200 4423.00000
-3.82000 4422.00000
-3.81800 4421.00000
-3.81600 4420.00000
-3.81400 4419.00000
-3.81200 4418.00000
-3.81100 4417.00000
-3.80900 4416.00000
-3.80700 4415.00000
-3.80500 4414.00000
-3.80300 4413.00000
-3.80100 4412.00000
-3.80000 4411.00000
-3.79800 4410.00000
-3.79600 4409.00000
-3.79400 4408.00000
-3.79200 4407.00000
-3.79000 4406.00000
-3.78900 4405.00000
-3.78700 4404.00000
-3.78500 4403.00000
-3.78300 4402.00000
-3.78100 4401.00000
-3.77900 4400.00000
-3.77800 4399.00000
-3.77600 4398.00000
-3.77400 4397.00000
-3.77200 4396.00000
-3.77000 4395.00000
-3.76800 4394.00000
-3.76700 4393.00000
-3.76500 4392.00000
-3.76300 4391.00000
-3.76100 4390.00000
-3.75900 4389.00000
-3.75700 4388.00000
-3.75600 4387.00000
-3.75400 4386.00000
-3.75200 4385.00000
-3.75000 4384.00000
-3.74800 4383.00000
-3.74600 4382.00000
-3.74500 4381.00000
-3.74300 4380.00000
-3.74100 4379.00000
-3.73900 4378.00000
-3.73700 4377.00000
-3.73500 4376.00000
-3.73400 4375.00000
-3.73200 4374.00000
-3.73000 4373.00000
-3.72800 4372.00000
-3.72600 4371.00000
-3.72500 4370.00000
-3.72300 4369.00000
-3.72100 4368.00000
-3.71900 4367.00000
-3.71700 4366.00000
-3.71500 4365.00000
-3.71400 4364.00000
-3.71200 4363.00000
-3.71000 4362.00000
-3.70800 4361.00000
-3.70600 4360.00000
-3.70500 4359.00000
-3.70300 4358.00000
-3.70100 4357.00000
-3.69900 4356.00000
-3.69700 4355.00000
-3.69500 4354.00000
-3.69400 4353.00000
-3.69200 4352.00000
-3.69000 4351.00000
-3.68800 4350.00000
-3.68600 4349.00000
-3.68500 4348.00000
-3.68300 4347.00000
-3.68100 4346.00000
-3.67900 4345.00000
-3.67700 4344.00000
-3.67600 4343.00000
-3.67400 4342.00000
-3.67200 4341.00000
-3.67000 4340.00000
-3.66800 4339.00000
-3.66600 4338.00000
-3.66500 4337.00000
-3.66300 4336.00000
-3.66100 4335.00000
-3.65900 4334.00000
-3.65700 4333.00000
-3.65600 4332.00000
-3.65400 4331.00000
-3.65200 4330.00000
-3.65000 4329.00000
-3.64800 4328.00000
-3.64700 4327.00000
-3.64500 4326.00000
-3.64300 4325.00000
-3.64100 4324.00000
-3.63900 4323.00000
-3.63800 4322.00000
-3.63600 4321.00000
-3.63400 4320.00000
-3.63200 4319.00000
-3.63000 4318.00000
-3.62900 4317.00000
-3.62700 4316.00000
-3.62500 4315.00000
-3.62300 4314.00000
-3.62100 4313.00000
-3.62000 4312.00000
-3.61800 4311.00000
-3.61600 4310.00000
-3.61400 4309.00000
-3.61200 4308.00000
-3.61100 4307.00000
-3.60900 4306.00000
-3.60700 4305.00000
-3.60500 4304.00000
-3.60300 4303.00000
-3.60200 4302.00000
-3.60000 4301.00000
-3.59800 4300.00000
-3.59600 4299.00000
-3.59400 4298.00000
-3.59300 4297.00000
-3.59100 4296.00000
-3.58900 4295.00000
-3.58700 4294.00000
-3.58600 4293.00000
-3.58400 4292.00000
-3.58200 4291.00000
-3.58000 4290.00000
-3.57800 4289.00000
-3.57700 4288.00000
-3.57500 4287.00000
-3.57300 4286.00000
-3.57100 4285.00000
-3.56900 4284.00000
-3.56800 4283.00000
-3.56600 4282.00000
-3.56400 4281.00000
-3.56200 4280.00000
-3.56000 4279.00000
-3.55900 4278.00000
-3.55700 4277.00000
-3.55500 4276.00000
-3.55300 4275.00000
-3.55200 4274.00000
-3.55000 4273.00000
-3.54800 4272.00000
-3.54600 4271.00000
-3.54400 4270.00000
-3.54300 4269.00000
-3.54100 4268.00000
-3.53900 4267.00000
-3.53700 4266.00000
-3.53600 4265.00000
-3.53400 4264.00000
-3.53200 4263.00000
-3.53000 4262.00000
-3.52800 4261.00000
-3.52700 4260.00000
-3.52500 4259.00000
-3.52300 4258.00000
-3.52100 4257.00000
-3.52000 4256.00000
-3.51800 4255.00000
-3.51600 4254.00000
-3.51400 4253.00000
-3.51200 4252.00000
-3.51100 4251.00000
-3.50900 4250.00000
-3.50700 4249.00000
-3.50500 4248.00000
-3.50400 4247.00000
-3.50200 4246.00000
-3.50000 4245.00000
-3.49800 4244.00000
-3.49600 4243.00000
-3.49500 4242.00000
-3.49300 4241.00000
-3.49100 4240.00000
-3.48900 4239.00000
-3.48800 4238.00000
-3.48600 4237.00000
-3.48400 4236.00000
-3.48200 4235.00000
-3.48100 4234.00000
-3.47900 4233.00000
-3.47700 4232.00000
-3.47500 4231.00000
-3.47400 4230.00000
-3.47200 4229.00000
-3.47000 4228.00000
-3.46800 4227.00000
-3.46600 4226.00000
-3.46500 4225.00000
-3.46300 4224.00000
-3.46100 4223.00000
-3.45900 4222.00000
-3.45800 4221.00000
-3.45600 4220.00000
-3.45400 4219.00000
-3.45200 4218.00000
-3.45100 4217.00000
-3.44900 4216.00000
-3.44700 4215.00000
-3.44500 4214.00000
-3.44400 4213.00000
-3.44200 4212.00000
-3.44000 4211.00000
-3.43800 4210.00000
-3.43700 4209.00000
-3.43500 4208.00000
-3.43300 4207.00000
-3.43100 4206.00000
-3.43000 4205.00000
-3.42800 4204.00000
-3.42600 4203.00000
-3.42400 4202.00000
-3.42300 4201.00000
-3.42100 4200.00000
-3.41900 4199.00000
-3.41700 4198.00000
-3.41500 4197.00000
-3.41400 4196.00000
-3.41200 4195.00000
-3.41000 4194.00000
-3.40800 4193.00000
-3.40700 4192.00000
-3.40500 4191.00000
-3.40300 4190.00000
-3.40100 4189.00000
-3.40000 4188.00000
-3.39800 4187.00000
-3.39600 4186.00000
-3.39500 4185.00000
-3.39300 4184.00000
-3.39100 4183.00000
-3.38900 4182.00000
-3.38800 4181.00000
-3.38600 4180.00000
-3.38400 4179.00000
-3.38200 4178.00000
-3.38100 4177.00000
-3.37900 4176.00000
-3.37700 4175.00000
-3.37500 4174.00000
-3.37400 4173.00000
-3.37200 4172.00000
-3.37000 4171.00000
-3.36800 4170.00000
-3.36700 4169.00000
-3.36500 4168.00000
-3.36300 4167.00000
-3.36100 4166.00000
-3.36000 4165.00000
-3.35800 4164.00000
-3.35600 4163.00000
-3.35400 4162.00000
-3.35300 4161.00000
-3.35100 4160.00000
-3.34900 4159.00000
-3.34700 4158.00000
-3.34600 4157.00000
-3.34400 4156.00000
-3.34200 4155.00000
-3.34100 4154.00000
-3.33900 4153.00000
-3.33700 4152.00000
-3.33500 4151.00000
-3.33400 4150.00000
-3.33200 4149.00000
-3.33000 4148.00000
-3.32800 4147.00000
-3.32700 4146.00000
-3.32500 4145.00000
-3.32300 4144.00000
-3.32100 4143.00000
-3.32000 4142.00000
-3.31800 4141.00000
-3.31600 4140.00000
-3.31500 4139.00000
-3.31300 4138.00000
-3.31100 4137.00000
-3.30900 4136.00000
-3.30800 4135.00000
-3.30600 4134.00000
-3.30400 4133.00000
-3.30200 4132.00000
-3.30100 4131.00000
-3.29900 4130.00000
-3.29700 4129.00000
-3.29600 4128.00000
-3.29400 4127.00000
-3.29200 4126.00000
-3.29000 4125.00000
-3.28900 4124.00000
-3.28700 4123.00000
-3.28500 4122.00000
-3.28400 4121.00000
-3.28200 4120.00000
-3.28000 4119.00000
-3.27800 4118.00000
-3.27700 4117.00000
-3.27500 4116.00000
-3.27300 4115.00000
-3.27100 4114.00000
-3.27000 4113.00000
-3.26800 4112.00000
-3.26600 4111.00000
-3.26500 4110.00000
-3.26300 4109.00000
-3.26100 4108.00000
-3.25900 4107.00000
-3.25800 4106.00000
-3.25600 4105.00000
-3.25400 4104.00000
-3.25300 4103.00000
-3.25100 4102.00000
-3.24900 4101.00000
-3.24700 4100.00000
-3.24600 4099.00000
-3.24400 4098.00000
-3.24200 4097.00000
-3.24100 4096.00000
-3.23900 4095.00000
-3.23700 4094.00000
-3.23500 4093.00000
-3.23400 4092.00000
-3.23200 4091.00000
-3.23000 4090.00000
-3.22900 4089.00000
-3.22700 4088.00000
-3.22500 4087.00000
-3.22400 4086.00000
-3.22200 4085.00000
-3.22000 4084.00000
-3.21800 4083.00000
-3.21700 4082.00000
-3.21500 4081.00000
-3.21300 4080.00000
-3.21200 4079.00000
-3.21000 4078.00000
-3.20800 4077.00000
-3.20600 4076.00000
-3.20500 4075.00000
-3.20300 4074.00000
-3.20100 4073.00000
-3.20000 4072.00000
-3.19800 4071.00000
-3.19600 4070.00000
-3.19500 4069.00000
-3.19300 4068.00000
-3.19100 4067.00000
-3.18900 4066.00000
-3.18800 4065.00000
-3.18600 4064.00000
-3.18400 4063.00000
-3.18300 4062.00000
-3.18100 4061.00000
-3.17900 4060.00000
-3.17800 4059.00000
-3.17600 4058.00000
-3.17400 4057.00000
-3.17200 4056.00000
-3.17100 4055.00000
-3.16900 4054.00000
-3.16700 4053.00000
-3.16600 4052.00000
-3.16400 4051.00000
-3.16200 4050.00000
-3.16100 4049.00000
-3.15900 4048.00000
-3.15700 4047.00000
-3.15600 4046.00000
-3.15400 4045.00000
-3.15200 4044.00000
-3.15000 4043.00000
-3.14900 4042.00000
-3.14700 4041.00000
-3.14500 4040.00000
-3.14400 4039.00000
-3.14200 4038.00000
-3.14000 4037.00000
-3.13900 4036.00000
-3.13700 4035.00000
-3.13500 4034.00000
-3.13400 4033.00000
-3.13200 4032.00000
-3.13000 4031.00000
-3.12900 4030.00000
-3.12700 4029.00000
-3.12500 4028.00000
-3.12300 4027.00000
-3.12200 4026.00000
-3.12000 4025.00000
-3.11800 4024.00000
-3.11700 4023.00000
-3.11500 4022.00000
-3.11300 4021.00000
-3.11200 4020.00000
-3.11000 4019.00000
-3.10800 4018.00000
-3.10700 4017.00000
-3.10500 4016.00000
-3.10300 4015.00000
-3.10200 4014.00000
-3.10000 4013.00000
-3.09800 4012.00000
-3.09700 4011.00000
-3.09500 4010.00000
-3.09300 4009.00000
-3.09200 4008.00000
-3.09000 4007.00000
-3.08800 4006.00000
-3.08700 4005.00000
-3.08500 4004.00000
-3.08300 4003.00000
-3.08200 4002.00000
-3.08000 4001.00000
-3.07800 4000.00000
-3.07700 3999.00000
-3.07500 3998.00000
-3.07300 3997.00000
-3.07100 3996.00000
-3.07000 3995.00000
-3.06800 3994.00000
-3.06600 3993.00000
-3.06500 3992.00000
-3.06300 3991.00000
-3.06100 3990.00000
-3.06000 3989.00000
-3.05800 3988.00000
-3.05600 3987.00000
-3.05500 3986.00000
-3.05300 3985.00000
-3.05100 3984.00000
-3.05000 3983.00000
-3.04800 3982.00000
-3.04600 3981.00000
-3.04500 3980.00000
-3.04300 3979.00000
-3.04100 3978.00000
-3.04000 3977.00000
-3.03800 3976.00000
-3.03600 3975.00000
-3.03500 3974.00000
-3.03300 3973.00000
-3.03100 3972.00000
-3.03000 3971.00000
-3.02800 3970.00000
-3.02700 3969.00000
-3.02500 3968.00000
-3.02300 3967.00000
-3.02200 3966.00000
-3.02000 3965.00000
-3.01800 3964.00000
-3.01700 3963.00000
-3.01500 3962.00000
-3.01300 3961.00000
-3.01200 3960.00000
-3.01000 3959.00000
-3.00800 3958.00000
-3.00700 3957.00000
-3.00500 3956.00000
-3.00300 3955.00000
-3.00200 3954.00000
-3.00000 3953.00000
-2.99800 3952.00000
-2.99700 3951.00000
-2.99500 3950.00000
-2.99300 3949.00000
-2.99200 3948.00000
-2.99000 3947.00000
-2.98800 3946.00000
-2.98700 3945.00000
-2.98500 3944.00000
-2.98300 3943.00000
-2.98200 3942.00000
-2.98000 3941.00000
-2.97900 3940.00000
-2.97700 3939.00000
-2.97500 3938.00000
-2.97400 3937.00000
-2.97200 3936.00000
-2.97000 3935.00000
-2.96900 3934.00000
-2.96700 3933.00000
-2.96500 3932.00000
-2.96400 3931.00000
-2.96200 3930.00000
-2.96000 3929.00000
-2.95900 3928.00000
-2.95700 3927.00000
-2.95500 3926.00000
-2.95400 3925.00000
-2.95200 3924.00000
-2.95100 3923.00000
-2.94900 3922.00000
-2.94700 3921.00000
-2.94600 3920.00000
-2.94400 3919.00000
-2.94200 3918.00000
-2.94100 3917.00000
-2.93900 3916.00000
-2.93700 3915.00000
-2.93600 3914.00000
-2.93400 3913.00000
-2.93300 3912.00000
-2.93100 3911.00000
-2.92900 3910.00000
-2.92800 3909.00000
-2.92600 3908.00000
-2.92400 3907.00000
-2.92300 3906.00000
-2.92100 3905.00000
-2.91900 3904.00000
-2.91800 3903.00000
-2.91600 3902.00000
-2.91500 3901.00000
-2.91300 3900.00000
-2.91100 3899.00000
-2.91000 3898.00000
-2.90800 3897.00000
-2.90600 3896.00000
-2.90500 3895.00000
-2.90300 3894.00000
-2.90100 3893.00000
-2.90000 3892.00000
-2.89800 3891.00000
-2.89700 3890.00000
-2.89500 3889.00000
-2.89300 3888.00000
-2.89200 3887.00000
-2.89000 3886.00000
-2.88800 3885.00000
-2.88700 3884.00000
-2.88500 3883.00000
-2.88400 3882.00000
-2.88200 3881.00000
-2.88000 3880.00000
-2.87900 3879.00000
-2.87700 3878.00000
-2.87500 3877.00000
-2.87400 3876.00000
-2.87200 3875.00000
-2.87100 3874.00000
-2.86900 3873.00000
-2.86700 3872.00000
-2.86600 3871.00000
-2.86400 3870.00000
-2.86200 3869.00000
-2.86100 3868.00000
-2.85900 3867.00000
-2.85800 3866.00000
-2.85600 3865.00000
-2.85400 3864.00000
-2.85300 3863.00000
-2.85100 3862.00000
-2.85000 3861.00000
-2.84800 3860.00000
-2.84600 3859.00000
-2.84500 3858.00000
-2.84300 3857.00000
-2.84100 3856.00000
-2.84000 3855.00000
-2.83800 3854.00000
-2.83700 3853.00000
-2.83500 3852.00000
-2.83300 3851.00000
-2.83200 3850.00000
-2.83000 3849.00000
-2.82900 3848.00000
-2.82700 3847.00000
-2.82500 3846.00000
-2.82400 3845.00000
-2.82200 3844.00000
-2.82000 3843.00000
-2.81900 3842.00000
-2.81700 3841.00000
-2.81600 3840.00000
-2.81400 3839.00000
-2.81200 3838.00000
-2.81100 3837.00000
-2.80900 3836.00000
-2.80800 3835.00000
-2.80600 3834.00000
-2.80400 3833.00000
-2.80300 3832.00000
-2.80100 3831.00000
-2.80000 3830.00000
-2.79800 3829.00000
-2.79600 3828.00000
-2.79500 3827.00000
-2.79300 3826.00000
-2.79200 3825.00000
-2.79000 3824.00000
-2.78800 3823.00000
-2.78700 3822.00000
-2.78500 3821.00000
-2.78400 3820.00000
-2.78200 3819.00000
-2.78000 3818.00000
-2.77900 3817.00000
-2.77700 3816.00000
-2.77600 3815.00000
-2.77400 3814.00000
-2.77200 3813.00000
-2.77100 3812.00000
-2.76900 3811.00000
-2.76800 3810.00000
-2.76600 3809.00000
-2.76400 3808.00000
-2.76300 3807.00000
-2.76100 3806.00000
-2.76000 3805.00000
-2.75800 3804.00000
-2.75600 3803.00000
-2.75500 3802.00000
-2.75300 3801.00000
-2.75200 3800.00000
-2.75000 3799.00000
-2.74800 3798.00000
-2.74700 3797.00000
-2.74500 3796.00000
-2.74400 3795.00000
-2.74200 3794.00000
-2.74000 3793.00000
-2.73900 3792.00000
-2.73700 3791.00000
-2.73600 3790.00000
-2.73400 3789.00000
-2.73200 3788.00000
-2.73100 3787.00000
-2.72900 3786.00000
-2.72800 3785.00000
-2.72600 3784.00000
-2.72500 3783.00000
-2.72300 3782.00000
-2.72100 3781.00000
-2.72000 3780.00000
-2.71800 3779.00000
-2.71700 3778.00000
-2.71500 3777.00000
-2.71300 3776.00000
-2.71200 3775.00000
-2.71000 3774.00000
-2.70900 3773.00000
-2.70700 3772.00000
-2.70600 3771.00000
-2.70400 3770.00000
-2.70200 3769.00000
-2.70100 3768.00000
-2.69900 3767.00000
-2.69800 3766.00000
-2.69600 3765.00000
-2.69400 3764.00000
-2.69300 3763.00000
-2.69100 3762.00000
-2.69000 3761.00000
-2.68800 3760.00000
-2.68700 3759.00000
-2.68500 3758.00000
-2.68300 3757.00000
-2.68200 3756.00000
-2.68000 3755.00000
-2.67900 3754.00000
-2.67700 3753.00000
-2.67600 3752.00000
-2.67400 3751.00000
-2.67200 3750.00000
-2.67100 3749.00000
-2.66900 3748.00000
-2.66800 3747.00000
-2.66600 3746.00000
-2.66500 3745.00000
-2.66300 3744.00000
-2.66100 3743.00000
-2.66000 3742.00000
-2.65800 3741.00000
-2.65700 3740.00000
-2.65500 3739.00000
-2.65400 3738.00000
-2.65200 3737.00000
-2.65000 3736.00000
-2.64900 3735.00000
-2.64700 3734.00000
-2.64600 3733.00000
-2.64400 3732.00000
-2.64300 3731.00000
-2.64100 3730.00000
-2.63900 3729.00000
-2.63800 3728.00000
-2.63600 3727.00000
-2.63500 3726.00000
-2.63300 3725.00000
-2.63200 3724.00000
-2.63000 3723.00000
-2.62800 3722.00000
-2.62700 3721.00000
-2.62500 3720.00000
-2.62400 3719.00000
-2.62200 3718.00000
-2.62100 3717.00000
-2.61900 3716.00000
-2.61800 3715.00000
-2.61600 3714.00000
-2.61400 3713.00000
-2.61300 3712.00000
-2.61100 3711.00000
-2.61000 3710.00000
-2.60800 3709.00000
-2.60700 3708.00000
-2.60500 3707.00000
-2.60400 3706.00000
-2.60200 3705.00000
-2.60000 3704.00000
-2.59900 3703.00000
-2.59700 3702.00000
-2.59600 3701.00000
-2.59400 3700.00000
-2.59300 3699.00000
-2.59100 3698.00000
-2.59000 3697.00000
-2.58800 3696.00000
-2.58600 3695.00000
-2.58500 3694.00000
-2.58300 3693.00000
-2.58200 3692.00000
-2.58000 3691.00000
-2.57900 3690.00000
-2.57700 3689.00000
-2.57600 3688.00000
-2.57400 3687.00000
-2.57300 3686.00000
-2.57100 3685.00000
-2.56900 3684.00000
-2.56800 3683.00000
-2.56600 3682.00000
-2.56500 3681.00000
-2.56300 3680.00000
-2.56200 3679.00000
-2.56000 3678.00000
-2.55900 3677.00000
-2.55700 3676.00000
-2.55600 3675.00000
-2.55400 3674.00000
-2.55200 3673.00000
-2.55100 3672.00000
-2.54900 3671.00000
-2.54800 3670.00000
-2.54600 3669.00000
-2.54500 3668.00000
-2.54300 3667.00000
-2.54200 3666.00000
-2.54000 3665.00000
-2.53900 3664.00000
-2.53700 3663.00000
-2.53500 3662.00000
-2.53400 3661.00000
-2.53200 3660.00000
-2.53100 3659.00000
-2.52900 3658.00000
-2.52800 3657.00000
-2.52600 3656.00000
-2.52500 3655.00000
-2.52300 3654.00000
-2.52200 3653.00000
-2.52000 3652.00000
-2.51900 3651.00000
-2.51700 3650.00000
-2.51600 3649.00000
-2.51400 3648.00000
-2.51200 3647.00000
-2.51100 3646.00000
-2.50900 3645.00000
-2.50800 3644.00000
-2.50600 3643.00000
-2.50500 3642.00000
-2.50300 3641.00000
-2.50200 3640.00000
-2.50000 3639.00000
-2.49900 3638.00000
-2.49700 3637.00000
-2.49600 3636.00000
-2.49400 3635.00000
-2.49300 3634.00000
-2.49100 3633.00000
-2.48900 3632.00000
-2.48800 3631.00000
-2.48600 3630.00000
-2.48500 3629.00000
-2.48300 3628.00000
-2.48200 3627.00000
-2.48000 3626.00000
-2.47900 3625.00000
-2.47700 3624.00000
-2.47600 3623.00000
-2.47400 3622.00000
-2.47300 3621.00000
-2.47100 3620.00000
-2.47000 3619.00000
-2.46800 3618.00000
-2.46700 3617.00000
-2.46500 3616.00000
-2.46400 3615.00000
-2.46200 3614.00000
-2.46100 3613.00000
-2.45900 3612.00000
-2.45800 3611.00000
-2.45600 3610.00000
-2.45400 3609.00000
-2.45300 3608.00000
-2.45100 3607.00000
-2.45000 3606.00000
-2.44800 3605.00000
-2.44700 3604.00000
-2.44500 3603.00000
-2.44400 3602.00000
-2.44200 3601.00000
-2.44100 3600.00000
-2.43900 3599.00000
-2.43800 3598.00000
-2.43600 3597.00000
-2.43500 3596.00000
-2.43300 3595.00000
-2.43200 3594.00000
-2.43000 3593.00000
-2.42900 3592.00000
-2.42700 3591.00000
-2.42600 3590.00000
-2.42400 3589.00000
-2.42300 3588.00000
-2.42100 3587.00000
-2.42000 3586.00000
-2.41800 3585.00000
-2.41700 3584.00000
-2.41500 3583.00000
-2.41400 3582.00000
-2.41200 3581.00000
-2.41100 3580.00000
-2.40900 3579.00000
-2.40800 3578.00000
-2.40600 3577.00000
-2.40500 3576.00000
-2.40300 3575.00000
-2.40200 3574.00000
-2.40000 3573.00000
-2.39900 3572.00000
-2.39700 3571.00000
-2.39600 3570.00000
-2.39400 3569.00000
-2.39300 3568.00000
-2.39100 3567.00000
-2.39000 3566.00000
-2.38800 3565.00000
-2.38700 3564.00000
-2.38500 3563.00000
-2.38400 3562.00000
-2.38200 3561.00000
-2.38100 3560.00000
-2.37900 3559.00000
-2.37800 3558.00000
-2.37600 3557.00000
-2.37500 3556.00000
-2.37300 3555.00000
-2.37200 3554.00000
-2.37000 3553.00000
-2.36900 3552.00000
-2.36700 3551.00000
-2.36600 3550.00000
-2.36400 3549.00000
-2.36300 3548.00000
-2.36100 3547.00000
-2.36000 3546.00000
-2.35800 3545.00000
-2.35700 3544.00000
-2.35500 3543.00000
-2.35400 3542.00000
-2.35200 3541.00000
-2.35100 3540.00000
-2.34900 3539.00000
-2.34800 3538.00000
-2.34600 3537.00000
-2.34500 3536.00000
-2.34300 3535.00000
-2.34200 3534.00000
-2.34000 3533.00000
-2.33900 3532.00000
-2.33700 3531.00000
-2.33600 3530.00000
-2.33400 3529.00000
-2.33300 3528.00000
-2.33100 3527.00000
-2.33000 3526.00000
-2.32800 3525.00000
-2.32700 3524.00000
-2.32500 3523.00000
-2.32400 3522.00000
-2.32200 3521.00000
-2.32100 3520.00000
-2.32000 3519.00000
-2.31800 3518.00000
-2.31700 3517.00000
-2.31500 3516.00000
-2.31400 3515.00000
-2.31200 3514.00000
-2.31100 3513.00000
-2.30900 3512.00000
-2.30800 3511.00000
-2.30600 3510.00000
-2.30500 3509.00000
-2.30300 3508.00000
-2.30200 3507.00000
-2.30000 3506.00000
-2.29900 3505.00000
-2.29700 3504.00000
-2.29600 3503.00000
-2.29400 3502.00000
-2.29300 3501.00000
-2.29100 3500.00000
-2.29000 3499.00000
-2.28800 3498.00000
-2.28700 3497.00000
-2.28600 3496.00000
-2.28400 3495.00000
-2.28300 3494.00000
-2.28100 3493.00000
-2.28000 3492.00000
-2.27800 3491.00000
-2.27700 3490.00000
-2.27500 3489.00000
-2.27400 3488.00000
-2.27200 3487.00000
-2.27100 3486.00000
-2.26900 3485.00000
-2.26800 3484.00000
-2.26600 3483.00000
-2.26500 3482.00000
-2.26300 3481.00000
-2.26200 3480.00000
-2.26100 3479.00000
-2.25900 3478.00000
-2.25800 3477.00000
-2.25600 3476.00000
-2.25500 3475.00000
-2.25300 3474.00000
-2.25200 3473.00000
-2.25000 3472.00000
-2.24900 3471.00000
-2.24700 3470.00000
-2.24600 3469.00000
-2.24400 3468.00000
-2.24300 3467.00000
-2.24200 3466.00000
-2.24000 3465.00000
-2.23900 3464.00000
-2.23700 3463.00000
-2.23600 3462.00000
-2.23400 3461.00000
-2.23300 3460.00000
-2.23100 3459.00000
-2.23000 3458.00000
-2.22800 3457.00000
-2.22700 3456.00000
-2.22500 3455.00000
-2.22400 3454.00000
-2.22300 3453.00000
-2.22100 3452.00000
-2.22000 3451.00000
-2.21800 3450.00000
-2.21700 3449.00000
-2.21500 3448.00000
-2.21400 3447.00000
-2.21200 3446.00000
-2.21100 3445.00000
-2.20900 3444.00000
-2.20800 3443.00000
-2.20700 3442.00000
-2.20500 3441.00000
-2.20400 3440.00000
-2.20200 3439.00000
-2.20100 3438.00000
-2.19900 3437.00000
-2.19800 3436.00000
-2.19600 3435.00000
-2.19500 3434.00000
-2.19400 3433.00000
-2.19200 3432.00000
-2.19100 3431.00000
-2.18900 3430.00000
-2.18800 3429.00000
-2.18600 3428.00000
-2.18500 3427.00000
-2.18300 3426.00000
-2.18200 3425.00000
-2.18100 3424.00000
-2.17900 3423.00000
-2.17800 3422.00000
-2.17600 3421.00000
-2.17500 3420.00000
-2.17300 3419.00000
-2.17200 3418.00000
-2.17000 3417.00000
-2.16900 3416.00000
-2.16800 3415.00000
-2.16600 3414.00000
-2.16500 3413.00000
-2.16300 3412.00000
-2.16200 3411.00000
-2.16000 3410.00000
-2.15900 3409.00000
-2.15700 3408.00000
-2.15600 3407.00000
-2.15500 3406.00000
-2.15300 3405.00000
-2.15200 3404.00000
-2.15000 3403.00000
-2.14900 3402.00000
-2.14700 3401.00000
-2.14600 3400.00000
-2.14500 3399.00000
-2.14300 3398.00000
-2.14200 3397.00000
-2.14000 3396.00000
-2.13900 3395.00000
-2.13700 3394.00000
-2.13600 3393.00000
-2.13500 3392.00000
-2.13300 3391.00000
-2.13200 3390.00000
-2.13000 3389.00000
-2.12900 3388.00000
-2.12700 3387.00000
-2.12600 3386.00000
-2.12500 3385.00000
-2.12300 3384.00000
-2.12200 3383.00000
-2.12000 3382.00000
-2.11900 3381.00000
-2.11700 3380.00000
-2.11600 3379.00000
-2.11500 3378.00000
-2.11300 3377.00000
-2.11200 3376.00000
-2.11000 3375.00000
-2.10900 3374.00000
-2.10700 3373.00000
-2.10600 3372.00000
-2.10500 3371.00000
-2.10300 3370.00000
-2.10200 3369.00000
-2.10000 3368.00000
-2.09900 3367.00000
-2.09700 3366.00000
-2.09600 3365.00000
-2.09500 3364.00000
-2.09300 3363.00000
-2.09200 3362.00000
-2.09000 3361.00000
-2.08900 3360.00000
-2.08800 3359.00000
-2.08600 3358.00000
-2.08500 3357.00000
-2.08300 3356.00000
-2.08200 3355.00000
-2.08000 3354.00000
-2.07900 3353.00000
-2.07800 3352.00000
-2.07600 3351.00000
-2.07500 3350.00000
-2.07300 3349.00000
-2.07200 3348.00000
-2.07100 3347.00000
-2.06900 3346.00000
-2.06800 3345.00000
-2.06600 3344.00000
-2.06500 3343.00000
-2.06300 3342.00000
-2.06200 3341.00000
-2.06100 3340.00000
-2.05900 3339.00000
-2.05800 3338.00000
-2.05600 3337.00000
-2.05500 3336.00000
-2.05400 3335.00000
-2.05200 3334.00000
-2.05100 3333.00000
-2.04900 3332.00000
-2.04800 3331.00000
-2.04700 3330.00000
-2.04500 3329.00000
-2.04400 3328.00000
-2.04200 3327.00000
-2.04100 3326.00000
-2.04000 3325.00000
-2.03800 3324.00000
-2.03700 3323.00000
-2.03500 3322.00000
-2.03400 3321.00000
-2.03300 3320.00000
-2.03100 3319.00000
-2.03000 3318.00000
-2.02800 3317.00000
-2.02700 3316.00000
-2.02600 3315.00000
-2.02400 3314.00000
-2.02300 3313.00000
-2.02100 3312.00000
-2.02000 3311.00000
-2.01900 3310.00000
-2.01700 3309.00000
-2.01600 3308.00000
-2.01400 3307.00000
-2.01300 3306.00000
-2.01200 3305.00000
-2.01000 3304.00000
-2.00900 3303.00000
-2.00700 3302.00000
-2.00600 3301.00000
-2.00500 3300.00000
-2.00300 3299.00000
-2.00200 3298.00000
-2.00000 3297.00000
-1.99900 3296.00000
-1.99800 3295.00000
-1.99600 3294.00000
-1.99500 3293.00000
-1.99300 3292.00000
-1.99200 3291.00000
-1.99100 3290.00000
-1.98900 3289.00000
-1.98800 3288.00000
-1.98600 3287.00000
-1.98500 3286.00000
-1.98400 3285.00000
-1.98200 3284.00000
-1.98100 3283.00000
-1.98000 3282.00000
-1.97800 3281.00000
-1.97700 3280.00000
-1.97500 3279.00000
-1.97400 3278.00000
-1.97300 3277.00000
-1.97100 3276.00000
-1.97000 3275.00000
-1.96800 3274.00000
-1.96700 3273.00000
-1.96600 3272.00000
-1.96400 3271.00000
-1.96300 3270.00000
-1.96200 3269.00000
-1.96000 3268.00000
-1.95900 3267.00000
-1.95700 3266.00000
-1.95600 3265.00000
-1.95500 3264.00000
-1.95300 3263.00000
-1.95200 3262.00000
-1.95000 3261.00000
-1.94900 3260.00000
-1.94800 3259.00000
-1.94600 3258.00000
-1.94500 3257.00000
-1.94400 3256.00000
-1.94200 3255.00000
-1.94100 3254.00000
-1.93900 3253.00000
-1.93800 3252.00000
-1.93700 3251.00000
-1.93500 3250.00000
-1.93400 3249.00000
-1.93300 3248.00000
-1.93100 3247.00000
-1.93000 3246.00000
-1.92800 3245.00000
-1.92700 3244.00000
-1.92600 3243.00000
-1.92400 3242.00000
-1.92300 3241.00000
-1.92200 3240.00000
-1.92000 3239.00000
-1.91900 3238.00000
-1.91700 3237.00000
-1.91600 3236.00000
-1.91500 3235.00000
-1.91300 3234.00000
-1.91200 3233.00000
-1.91100 3232.00000
-1.90900 3231.00000
-1.90800 3230.00000
-1.90700 3229.00000
-1.90500 3228.00000
-1.90400 3227.00000
-1.90200 3226.00000
-1.90100 3225.00000
-1.90000 3224.00000
-1.89800 3223.00000
-1.89700 3222.00000
-1.89600 3221.00000
-1.89400 3220.00000
-1.89300 3219.00000
-1.89200 3218.00000
-1.89000 3217.00000
-1.88900 3216.00000
-1.88700 3215.00000
-1.88600 3214.00000
-1.88500 3213.00000
-1.88300 3212.00000
-1.88200 3211.00000
-1.88100 3210.00000
-1.87900 3209.00000
-1.87800 3208.00000
-1.87700 3207.00000
-1.87500 3206.00000
-1.87400 3205.00000
-1.87300 3204.00000
-1.87100 3203.00000
-1.87000 3202.00000
-1.86800 3201.00000
-1.86700 3200.00000
-1.86600 3199.00000
-1.86400 3198.00000
-1.86300 3197.00000
-1.86200 3196.00000
-1.86000 3195.00000
-1.85900 3194.00000
-1.85800 3193.00000
-1.85600 3192.00000
-1.85500 3191.00000
-1.85400 3190.00000
-1.85200 3189.00000
-1.85100 3188.00000
-1.85000 3187.00000
-1.84800 3186.00000
-1.84700 3185.00000
-1.84600 3184.00000
-1.84400 3183.00000
-1.84300 3182.00000
-1.84100 3181.00000
-1.84000 3180.00000
-1.83900 3179.00000
-1.83700 3178.00000
-1.83600 3177.00000
-1.83500 3176.00000
-1.83300 3175.00000
-1.83200 3174.00000
-1.83100 3173.00000
-1.82900 3172.00000
-1.82800 3171.00000
-1.82700 3170.00000
-1.82500 3169.00000
-1.82400 3168.00000
-1.82300 3167.00000
-1.82100 3166.00000
-1.82000 3165.00000
-1.81900 3164.00000
-1.81700 3163.00000
-1.81600 3162.00000
-1.81500 3161.00000
-1.81300 3160.00000
-1.81200 3159.00000
-1.81100 3158.00000
-1.80900 3157.00000
-1.80800 3156.00000
-1.80700 3155.00000
-1.80500 3154.00000
-1.80400 3153.00000
-1.80300 3152.00000
-1.80100 3151.00000
-1.80000 3150.00000
-1.79900 3149.00000
-1.79700 3148.00000
-1.79600 3147.00000
-1.79500 3146.00000
-1.79300 3145.00000
-1.79200 3144.00000
-1.79100 3143.00000
-1.78900 3142.00000
-1.78800 3141.00000
-1.78700 3140.00000
-1.78500 3139.00000
-1.78400 3138.00000
-1.78300 3137.00000
-1.78100 3136.00000
-1.78000 3135.00000
-1.77900 3134.00000
-1.77700 3133.00000
-1.77600 3132.00000
-1.77500 3131.00000
-1.77300 3130.00000
-1.77200 3129.00000
-1.77100 3128.00000
-1.76900 3127.00000
-1.76800 3126.00000
-1.76700 3125.00000
-1.76500 3124.00000
-1.76400 3123.00000
-1.76300 3122.00000
-1.76100 3121.00000
-1.76000 3120.00000
-1.75900 3119.00000
-1.75700 3118.00000
-1.75600 3117.00000
-1.75500 3116.00000
-1.75300 3115.00000
-1.75200 3114.00000
-1.75100 3113.00000
-1.75000 3112.00000
-1.74800 3111.00000
-1.74700 3110.00000
-1.74600 3109.00000
-1.74400 3108.00000
-1.74300 3107.00000
-1.74200 3106.00000
-1.74000 3105.00000
-1.73900 3104.00000
-1.73800 3103.00000
-1.73600 3102.00000
-1.73500 3101.00000
-1.73400 3100.00000
-1.73200 3099.00000
-1.73100 3098.00000
-1.73000 3097.00000
-1.72900 3096.00000
-1.72700 3095.00000
-1.72600 3094.00000
-1.72500 3093.00000
-1.72300 3092.00000
-1.72200 3091.00000
-1.72100 3090.00000
-1.71900 3089.00000
-1.71800 3088.00000
-1.71700 3087.00000
-1.71500 3086.00000
-1.71400 3085.00000
-1.71300 3084.00000
-1.71100 3083.00000
-1.71000 3082.00000
-1.70900 3081.00000
-1.70800 3080.00000
-1.70600 3079.00000
-1.70500 3078.00000
-1.70400 3077.00000
-1.70200 3076.00000
-1.70100 3075.00000
-1.70000 3074.00000
-1.69800 3073.00000
-1.69700 3072.00000
-1.69600 3071.00000
-1.69500 3070.00000
-1.69300 3069.00000
-1.69200 3068.00000
-1.69100 3067.00000
-1.68900 3066.00000
-1.68800 3065.00000
-1.68700 3064.00000
-1.68500 3063.00000
-1.68400 3062.00000
-1.68300 3061.00000
-1.68200 3060.00000
-1.68000 3059.00000
-1.67900 3058.00000
-1.67800 3057.00000
-1.67600 3056.00000
-1.67500 3055.00000
-1.67400 3054.00000
-1.67200 3053.00000
-1.67100 3052.00000
-1.67000 3051.00000
-1.66900 3050.00000
-1.66700 3049.00000
-1.66600 3048.00000
-1.66500 3047.00000
-1.66300 3046.00000
-1.66200 3045.00000
-1.66100 3044.00000
-1.66000 3043.00000
-1.65800 3042.00000
-1.65700 3041.00000
-1.65600 3040.00000
-1.65400 3039.00000
-1.65300 3038.00000
-1.65200 3037.00000
-1.65100 3036.00000
-1.64900 3035.00000
-1.64800 3034.00000
-1.64700 3033.00000
-1.64500 3032.00000
-1.64400 3031.00000
-1.64300 3030.00000
-1.64200 3029.00000
-1.64000 3028.00000
-1.63900 3027.00000
-1.63800 3026.00000
-1.63600 3025.00000
-1.63500 3024.00000
-1.63400 3023.00000
-1.63300 3022.00000
-1.63100 3021.00000
-1.63000 3020.00000
-1.62900 3019.00000
-1.62700 3018.00000
-1.62600 3017.00000
-1.62500 3016.00000
-1.62400 3015.00000
-1.62200 3014.00000
-1.62100 3013.00000
-1.62000 3012.00000
-1.61900 3011.00000
-1.61700 3010.00000
-1.61600 3009.00000
-1.61500 3008.00000
-1.61300 3007.00000
-1.61200 3006.00000
-1.61100 3005.00000
-1.61000 3004.00000
-1.60800 3003.00000
-1.60700 3002.00000
-1.60600 3001.00000
-1.60400 3000.00000
-1.60300 2999.00000
-1.60200 2998.00000
-1.60100 2997.00000
-1.59900 2996.00000
-1.59800 2995.00000
-1.59700 2994.00000
-1.59600 2993.00000
-1.59400 2992.00000
-1.59300 2991.00000
-1.59200 2990.00000
-1.59100 2989.00000
-1.58900 2988.00000
-1.58800 2987.00000
-1.58700 2986.00000
-1.58500 2985.00000
-1.58400 2984.00000
-1.58300 2983.00000
-1.58200 2982.00000
-1.58000 2981.00000
-1.57900 2980.00000
-1.57800 2979.00000
-1.57700 2978.00000
-1.57500 2977.00000
-1.57400 2976.00000
-1.57300 2975.00000
-1.57200 2974.00000
-1.57000 2973.00000
-1.56900 2972.00000
-1.56800 2971.00000
-1.56700 2970.00000
-1.56500 2969.00000
-1.56400 2968.00000
-1.56300 2967.00000
-1.56100 2966.00000
-1.56000 2965.00000
-1.55900 2964.00000
-1.55800 2963.00000
-1.55600 2962.00000
-1.55500 2961.00000
-1.55400 2960.00000
-1.55300 2959.00000
-1.55100 2958.00000
-1.55000 2957.00000
-1.54900 2956.00000
-1.54800 2955.00000
-1.54600 2954.00000
-1.54500 2953.00000
-1.54400 2952.00000
-1.54300 2951.00000
-1.54100 2950.00000
-1.54000 2949.00000
-1.53900 2948.00000
-1.53800 2947.00000
-1.53600 2946.00000
-1.53500 2945.00000
-1.53400 2944.00000
-1.53300 2943.00000
-1.53100 2942.00000
-1.53000 2941.00000
-1.52900 2940.00000
-1.52800 2939.00000
-1.52600 2938.00000
-1.52500 2937.00000
-1.52400 2936.00000
-1.52300 2935.00000
-1.52100 2934.00000
-1.52000 2933.00000
-1.51900 2932.00000
-1.51800 2931.00000
-1.51600 2930.00000
-1.51500 2929.00000
-1.51400 2928.00000
-1.51300 2927.00000
-1.51200 2926.00000
-1.51000 2925.00000
-1.50900 2924.00000
-1.50800 2923.00000
-1.50700 2922.00000
-1.50500 2921.00000
-1.50400 2920.00000
-1.50300 2919.00000
-1.50200 2918.00000
-1.50000 2917.00000
-1.49900 2916.00000
-1.49800 2915.00000
-1.49700 2914.00000
-1.49500 2913.00000
-1.49400 2912.00000
-1.49300 2911.00000
-1.49200 2910.00000
-1.49000 2909.00000
-1.48900 2908.00000
-1.48800 2907.00000
-1.48700 2906.00000
-1.48600 2905.00000
-1.48400 2904.00000
-1.48300 2903.00000
-1.48200 2902.00000
-1.48100 2901.00000
-1.47900 2900.00000
-1.47800 2899.00000
-1.47700 2898.00000
-1.47600 2897.00000
-1.47400 2896.00000
-1.47300 2895.00000
-1.47200 2894.00000
-1.47100 2893.00000
-1.47000 2892.00000
-1.46800 2891.00000
-1.46700 2890.00000
-1.46600 2889.00000
-1.46500 2888.00000
-1.46300 2887.00000
-1.46200 2886.00000
-1.46100 2885.00000
-1.46000 2884.00000
-1.45900 2883.00000
-1.45700 2882.00000
-1.45600 2881.00000
-1.45500 2880.00000
-1.45400 2879.00000
-1.45200 2878.00000
-1.45100 2877.00000
-1.45000 2876.00000
-1.44900 2875.00000
-1.44800 2874.00000
-1.44600 2873.00000
-1.44500 2872.00000
-1.44400 2871.00000
-1.44300 2870.00000
-1.44100 2869.00000
-1.44000 2868.00000
-1.43900 2867.00000
-1.43800 2866.00000
-1.43700 2865.00000
-1.43500 2864.00000
-1.43400 2863.00000
-1.43300 2862.00000
-1.43200 2861.00000
-1.43100 2860.00000
-1.42900 2859.00000
-1.42800 2858.00000
-1.42700 2857.00000
-1.42600 2856.00000
-1.42400 2855.00000
-1.42300 2854.00000
-1.42200 2853.00000
-1.42100 2852.00000
-1.42000 2851.00000
-1.41800 2850.00000
-1.41700 2849.00000
-1.41600 2848.00000
-1.41500 2847.00000
-1.41400 2846.00000
-1.41200 2845.00000
-1.41100 2844.00000
-1.41000 2843.00000
-1.40900 2842.00000
-1.40800 2841.00000
-1.40600 2840.00000
-1.40500 2839.00000
-1.40400 2838.00000
-1.40300 2837.00000
-1.40200 2836.00000
-1.40000 2835.00000
-1.39900 2834.00000
-1.39800 2833.00000
-1.39700 2832.00000
-1.39600 2831.00000
-1.39400 2830.00000
-1.39300 2829.00000
-1.39200 2828.00000
-1.39100 2827.00000
-1.39000 2826.00000
-1.38800 2825.00000
-1.38700 2824.00000
-1.38600 2823.00000
-1.38500 2822.00000
-1.38400 2821.00000
-1.38200 2820.00000
-1.38100 2819.00000
-1.38000 2818.00000
-1.37900 2817.00000
-1.37800 2816.00000
-1.37600 2815.00000
-1.37500 2814.00000
-1.37400 2813.00000
-1.37300 2812.00000
-1.37200 2811.00000
-1.37000 2810.00000
-1.36900 2809.00000
-1.36800 2808.00000
-1.36700 2807.00000
-1.36600 2806.00000
-1.36400 2805.00000
-1.36300 2804.00000
-1.36200 2803.00000
-1.36100 2802.00000
-1.36000 2801.00000
-1.35900 2800.00000
-1.35700 2799.00000
-1.35600 2798.00000
-1.35500 2797.00000
-1.35400 2796.00000
-1.35300 2795.00000
-1.35100 2794.00000
-1.35000 2793.00000
-1.34900 2792.00000
-1.34800 2791.00000
-1.34700 2790.00000
-1.34500 2789.00000
-1.34400 2788.00000
-1.34300 2787.00000
-1.34200 2786.00000
-1.34100 2785.00000
-1.34000 2784.00000
-1.33800 2783.00000
-1.33700 2782.00000
-1.33600 2781.00000
-1.33500 2780.00000
-1.33400 2779.00000
-1.33300 2778.00000
-1.33100 2777.00000
-1.33000 2776.00000
-1.32900 2775.00000
-1.32800 2774.00000
-1.32700 2773.00000
-1.32500 2772.00000
-1.32400 2771.00000
-1.32300 2770.00000
-1.32200 2769.00000
-1.32100 2768.00000
-1.32000 2767.00000
-1.31800 2766.00000
-1.31700 2765.00000
-1.31600 2764.00000
-1.31500 2763.00000
-1.31400 2762.00000
-1.31300 2761.00000
-1.31100 2760.00000
-1.31000 2759.00000
-1.30900 2758.00000
-1.30800 2757.00000
-1.30700 2756.00000
-1.30600 2755.00000
-1.30400 2754.00000
-1.30300 2753.00000
-1.30200 2752.00000
-1.30100 2751.00000
-1.30000 2750.00000
-1.29900 2749.00000
-1.29700 2748.00000
-1.29600 2747.00000
-1.29500 2746.00000
-1.29400 2745.00000
-1.29300 2744.00000
-1.29200 2743.00000
-1.29000 2742.00000
-1.28900 2741.00000
-1.28800 2740.00000
-1.28700 2739.00000
-1.28600 2738.00000
-1.28500 2737.00000
-1.28300 2736.00000
-1.28200 2735.00000
-1.28100 2734.00000
-1.28000 2733.00000
-1.27900 2732.00000
-1.27800 2731.00000
-1.27700 2730.00000
-1.27500 2729.00000
-1.27400 2728.00000
-1.27300 2727.00000
-1.27200 2726.00000
-1.27100 2725.00000
-1.27000 2724.00000
-1.26800 2723.00000
-1.26700 2722.00000
-1.26600 2721.00000
-1.26500 2720.00000
-1.26400 2719.00000
-1.26300 2718.00000
-1.26200 2717.00000
-1.26000 2716.00000
-1.25900 2715.00000
-1.25800 2714.00000
-1.25700 2713.00000
-1.25600 2712.00000
-1.25500 2711.00000
-1.25300 2710.00000
-1.25200 2709.00000
-1.25100 2708.00000
-1.25000 2707.00000
-1.24900 2706.00000
-1.24800 2705.00000
-1.24700 2704.00000
-1.24500 2703.00000
-1.24400 2702.00000
-1.24300 2701.00000
-1.24200 2700.00000
-1.24100 2699.00000
-1.24000 2698.00000
-1.23900 2697.00000
-1.23700 2696.00000
-1.23600 2695.00000
-1.23500 2694.00000
-1.23400 2693.00000
-1.23300 2692.00000
-1.23200 2691.00000
-1.23100 2690.00000
-1.22900 2689.00000
-1.22800 2688.00000
-1.22700 2687.00000
-1.22600 2686.00000
-1.22500 2685.00000
-1.22400 2684.00000
-1.22300 2683.00000
-1.22200 2682.00000
-1.22000 2681.00000
-1.21900 2680.00000
-1.21800 2679.00000
-1.21700 2678.00000
-1.21600 2677.00000
-1.21500 2676.00000
-1.21400 2675.00000
-1.21200 2674.00000
-1.21100 2673.00000
-1.21000 2672.00000
-1.20900 2671.00000
-1.20800 2670.00000
-1.20700 2669.00000
-1.20600 2668.00000
-1.20500 2667.00000
-1.20300 2666.00000
-1.20200 2665.00000
-1.20100 2664.00000
-1.20000 2663.00000
-1.19900 2662.00000
-1.19800 2661.00000
-1.19700 2660.00000
-1.19600 2659.00000
-1.19400 2658.00000
-1.19300 2657.00000
-1.19200 2656.00000
-1.19100 2655.00000
-1.19000 2654.00000
-1.18900 2653.00000
-1.18800 2652.00000
-1.18700 2651.00000
-1.18500 2650.00000
-1.18400 2649.00000
-1.18300 2648.00000
-1.18200 2647.00000
-1.18100 2646.00000
-1.18000 2645.00000
-1.17900 2644.00000
-1.17800 2643.00000
-1.17600 2642.00000
-1.17500 2641.00000
-1.17400 2640.00000
-1.17300 2639.00000
-1.17200 2638.00000
-1.17100 2637.00000
-1.17000 2636.00000
-1.16900 2635.00000
-1.16800 2634.00000
-1.16600 2633.00000
-1.16500 2632.00000
-1.16400 2631.00000
-1.16300 2630.00000
-1.16200 2629.00000
-1.16100 2628.00000
-1.16000 2627.00000
-1.15900 2626.00000
-1.15800 2625.00000
-1.15600 2624.00000
-1.15500 2623.00000
-1.15400 2622.00000
-1.15300 2621.00000
-1.15200 2620.00000
-1.15100 2619.00000
-1.15000 2618.00000
-1.14900 2617.00000
-1.14800 2616.00000
-1.14600 2615.00000
-1.14500 2614.00000
-1.14400 2613.00000
-1.14300 2612.00000
-1.14200 2611.00000
-1.14100 2610.00000
-1.14000 2609.00000
-1.13900 2608.00000
-1.13800 2607.00000
-1.13700 2606.00000
-1.13500 2605.00000
-1.13400 2604.00000
-1.13300 2603.00000
-1.13200 2602.00000
-1.13100 2601.00000
-1.13000 2600.00000
-1.12900 2599.00000
-1.12800 2598.00000
-1.12700 2597.00000
-1.12600 2596.00000
-1.12400 2595.00000
-1.12300 2594.00000
-1.12200 2593.00000
-1.12100 2592.00000
-1.12000 2591.00000
-1.11900 2590.00000
-1.11800 2589.00000
-1.11700 2588.00000
-1.11600 2587.00000
-1.11500 2586.00000
-1.11400 2585.00000
-1.11200 2584.00000
-1.11100 2583.00000
-1.11000 2582.00000
-1.10900 2581.00000
-1.10800 2580.00000
-1.10700 2579.00000
-1.10600 2578.00000
-1.10500 2577.00000
-1.10400 2576.00000
-1.10300 2575.00000
-1.10200 2574.00000
-1.10100 2573.00000
-1.09900 2572.00000
-1.09800 2571.00000
-1.09700 2570.00000
-1.09600 2569.00000
-1.09500 2568.00000
-1.09400 2567.00000
-1.09300 2566.00000
-1.09200 2565.00000
-1.09100 2564.00000
-1.09000 2563.00000
-1.08900 2562.00000
-1.08800 2561.00000
-1.08600 2560.00000
-1.08500 2559.00000
-1.08400 2558.00000
-1.08300 2557.00000
-1.08200 2556.00000
-1.08100 2555.00000
-1.08000 2554.00000
-1.07900 2553.00000
-1.07800 2552.00000
-1.07700 2551.00000
-1.07600 2550.00000
-1.07500 2549.00000
-1.07400 2548.00000
-1.07200 2547.00000
-1.07100 2546.00000
-1.07000 2545.00000
-1.06900 2544.00000
-1.06800 2543.00000
-1.06700 2542.00000
-1.06600 2541.00000
-1.06500 2540.00000
-1.06400 2539.00000
-1.06300 2538.00000
-1.06200 2537.00000
-1.06100 2536.00000
-1.06000 2535.00000
-1.05900 2534.00000
-1.05700 2533.00000
-1.05600 2532.00000
-1.05500 2531.00000
-1.05400 2530.00000
-1.05300 2529.00000
-1.05200 2528.00000
-1.05100 2527.00000
-1.05000 2526.00000
-1.04900 2525.00000
-1.04800 2524.00000
-1.04700 2523.00000
-1.04600 2522.00000
-1.04500 2521.00000
-1.04400 2520.00000
-1.04300 2519.00000
-1.04200 2518.00000
-1.04000 2517.00000
-1.03900 2516.00000
-1.03800 2515.00000
-1.03700 2514.00000
-1.03600 2513.00000
-1.03500 2512.00000
-1.03400 2511.00000
-1.03300 2510.00000
-1.03200 2509.00000
-1.03100 2508.00000
-1.03000 2507.00000
-1.02900 2506.00000
-1.02800 2505.00000
-1.02700 2504.00000
-1.02600 2503.00000
-1.02500 2502.00000
-1.02400 2501.00000
-1.02300 2500.00000
-1.02100 2499.00000
-1.02000 2498.00000
-1.01900 2497.00000
-1.01800 2496.00000
-1.01700 2495.00000
-1.01600 2494.00000
-1.01500 2493.00000
-1.01400 2492.00000
-1.01300 2491.00000
-1.01200 2490.00000
-1.01100 2489.00000
-1.01000 2488.00000
-1.00900 2487.00000
-1.00800 2486.00000
-1.00700 2485.00000
-1.00600 2484.00000
-1.00500 2483.00000
-1.00400 2482.00000
-1.00300 2481.00000
-1.00200 2480.00000
-1.00100 2479.00000
-1.00000 2478.00000
-0.99900 2477.00000
-0.99700 2476.00000
-0.99600 2475.00000
-0.99500 2474.00000
-0.99400 2473.00000
-0.99300 2472.00000
-0.99200 2471.00000
-0.99100 2470.00000
-0.99000 2469.00000
-0.98900 2468.00000
-0.98800 2467.00000
-0.98700 2466.00000
-0.98600 2465.00000
-0.98500 2464.00000
-0.98400 2463.00000
-0.98300 2462.00000
-0.98200 2461.00000
-0.98100 2460.00000
-0.98000 2459.00000
-0.97900 2458.00000
-0.97800 2457.00000
-0.97700 2456.00000
-0.97600 2455.00000
-0.97500 2454.00000
-0.97400 2453.00000
-0.97300 2452.00000
-0.97200 2451.00000
-0.97100 2450.00000
-0.97000 2449.00000
-0.96900 2448.00000
-0.96800 2447.00000
-0.96700 2446.00000
-0.96500 2445.00000
-0.96400 2444.00000
-0.96300 2443.00000
-0.96200 2442.00000
-0.96100 2441.00000
-0.96000 2440.00000
-0.95900 2439.00000
-0.95800 2438.00000
-0.95700 2437.00000
-0.95600 2436.00000
-0.95500 2435.00000
-0.95400 2434.00000
-0.95300 2433.00000
-0.95200 2432.00000
-0.95100 2431.00000
-0.95000 2430.00000
-0.94900 2429.00000
-0.94800 2428.00000
-0.94700 2427.00000
-0.94600 2426.00000
-0.94500 2425.00000
-0.94400 2424.00000
-0.94300 2423.00000
-0.94200 2422.00000
-0.94100 2421.00000
-0.94000 2420.00000
-0.93900 2419.00000
-0.93800 2418.00000
-0.93700 2417.00000
-0.93600 2416.00000
-0.93500 2415.00000
-0.93400 2414.00000
-0.93300 2413.00000
-0.93200 2412.00000
-0.93100 2411.00000
-0.93000 2410.00000
-0.92900 2409.00000
-0.92800 2408.00000
-0.92700 2407.00000
-0.92600 2406.00000
-0.92500 2405.00000
-0.92400 2404.00000
-0.92300 2403.00000
-0.92200 2402.00000
-0.92100 2401.00000
-0.92000 2400.00000
-0.91900 2399.00000
-0.91800 2398.00000
-0.91700 2397.00000
-0.91600 2396.00000
-0.91500 2395.00000
-0.91400 2394.00000
-0.91300 2393.00000
-0.91200 2392.00000
-0.91100 2391.00000
-0.91000 2390.00000
-0.90900 2389.00000
-0.90800 2388.00000
-0.90700 2387.00000
-0.90600 2386.00000
-0.90500 2385.00000
-0.90400 2384.00000
-0.90300 2383.00000
-0.90200 2382.00000
-0.90100 2381.00000
-0.90000 2380.00000
-0.89900 2379.00000
-0.89800 2378.00000
-0.89700 2377.00000
-0.89600 2376.00000
-0.89500 2375.00000
-0.89400 2374.00000
-0.89300 2373.00000
-0.89200 2372.00000
-0.89100 2371.00000
-0.89000 2370.00000
-0.88900 2369.00000
-0.88800 2368.00000
-0.88700 2367.00000
-0.88600 2366.00000
-0.88500 2365.00000
-0.88400 2364.00000
-0.88300 2363.00000
-0.88200 2362.00000
-0.88100 2361.00000
-0.88000 2360.00000
-0.87900 2359.00000
-0.87800 2358.00000
-0.87700 2357.00000
-0.87600 2356.00000
-0.87500 2355.00000
-0.87400 2354.00000
-0.87300 2353.00000
-0.87200 2352.00000
-0.87100 2351.00000
-0.87000 2350.00000
-0.86900 2348.00000
-0.86800 2347.00000
-0.86700 2346.00000
-0.86600 2345.00000
-0.86500 2344.00000
-0.86400 2343.00000
-0.86300 2342.00000
-0.86200 2341.00000
-0.86100 2340.00000
-0.86000 2339.00000
-0.85900 2338.00000
-0.85800 2337.00000
-0.85700 2336.00000
-0.85600 2335.00000
-0.85500 2334.00000
-0.85400 2333.00000
-0.85300 2332.00000
-0.85200 2331.00000
-0.85100 2330.00000
-0.85000 2329.00000
-0.84900 2328.00000
-0.84800 2327.00000
-0.84700 2326.00000
-0.84600 2325.00000
-0.84500 2324.00000
-0.84400 2323.00000
-0.84300 2322.00000
-0.84200 2321.00000
-0.84100 2320.00000
-0.84000 2319.00000
-0.83900 2317.00000
-0.83800 2316.00000
-0.83700 2315.00000
-0.83600 2314.00000
-0.83500 2313.00000
-0.83400 2312.00000
-0.83300 2311.00000
-0.83200 2310.00000
-0.83100 2309.00000
-0.83000 2308.00000
-0.82900 2307.00000
-0.82800 2306.00000
-0.82700 2305.00000
-0.82600 2304.00000
-0.82500 2303.00000
-0.82400 2302.00000
-0.82300 2301.00000
-0.82200 2300.00000
-0.82100 2299.00000
-0.82000 2298.00000
-0.81900 2297.00000
-0.81800 2295.00000
-0.81700 2294.00000
-0.81600 2293.00000
-0.81500 2292.00000
-0.81400 2291.00000
-0.81300 2290.00000
-0.81200 2289.00000
-0.81100 2288.00000
-0.81000 2287.00000
-0.80900 2286.00000
-0.80800 2285.00000
-0.80700 2284.00000
-0.80600 2283.00000
-0.80500 2282.00000
-0.80400 2281.00000
-0.80300 2280.00000
-0.80200 2278.00000
-0.80100 2277.00000
-0.80000 2276.00000
-0.79900 2275.00000
-0.79800 2274.00000
-0.79700 2273.00000
-0.79600 2272.00000
-0.79500 2271.00000
-0.79400 2270.00000
-0.79300 2269.00000
-0.79200 2268.00000
-0.79100 2267.00000
-0.79000 2266.00000
-0.78900 2265.00000
-0.78800 2264.00000
-0.78700 2262.00000
-0.78600 2261.00000
-0.78500 2260.00000
-0.78400 2259.00000
-0.78300 2258.00000
-0.78200 2257.00000
-0.78100 2256.00000
-0.78000 2255.00000
-0.77900 2254.00000
-0.77800 2253.00000
-0.77700 2252.00000
-0.77600 2251.00000
-0.77500 2250.00000
-0.77400 2248.00000
-0.77300 2247.00000
-0.77200 2246.00000
-0.77100 2245.00000
-0.77000 2244.00000
-0.76900 2243.00000
-0.76800 2242.00000
-0.76700 2241.00000
-0.76600 2240.00000
-0.76500 2239.00000
-0.76400 2238.00000
-0.76300 2236.00000
-0.76200 2235.00000
-0.76100 2234.00000
-0.76000 2233.00000
-0.75900 2232.00000
-0.75800 2231.00000
-0.75700 2230.00000
-0.75600 2229.00000
-0.75500 2228.00000
-0.75400 2227.00000
-0.75300 2226.00000
-0.75200 2224.00000
-0.75100 2223.00000
-0.75000 2222.00000
-0.74900 2221.00000
-0.74800 2220.00000
-0.74700 2219.00000
-0.74600 2218.00000
-0.74500 2217.00000
-0.74400 2216.00000
-0.74300 2215.00000
-0.74200 2213.00000
-0.74100 2212.00000
-0.74000 2211.00000
-0.73900 2210.00000
-0.73800 2209.00000
-0.73700 2208.00000
-0.73600 2207.00000
-0.73500 2206.00000
-0.73400 2205.00000
-0.73300 2203.00000
-0.73200 2202.00000
-0.73100 2201.00000
-0.73000 2200.00000
-0.72900 2199.00000
-0.72800 2198.00000
-0.72700 2197.00000
-0.72600 2196.00000
-0.72500 2194.00000
-0.72400 2193.00000
-0.72300 2192.00000
-0.72200 2191.00000
-0.72100 2190.00000
-0.72000 2189.00000
-0.71900 2188.00000
-0.71800 2187.00000
-0.71700 2186.00000
-0.71600 2184.00000
-0.71500 2183.00000
-0.71400 2182.00000
-0.71300 2181.00000
-0.71200 2180.00000
-0.71100 2179.00000
-0.71000 2178.00000
-0.70900 2176.00000
-0.70800 2175.00000
-0.70700 2174.00000
-0.70600 2173.00000
-0.70500 2172.00000
-0.70400 2171.00000
-0.70300 2170.00000
-0.70200 2169.00000
-0.70100 2167.00000
-0.70000 2166.00000
-0.69900 2165.00000
-0.69800 2164.00000
-0.69700 2163.00000
-0.69600 2162.00000
-0.69500 2161.00000
-0.69400 2159.00000
-0.69300 2158.00000
-0.69200 2157.00000
-0.69100 2156.00000
-0.69000 2155.00000
-0.68900 2154.00000
-0.68800 2153.00000
-0.68700 2151.00000
-0.68600 2150.00000
-0.68500 2149.00000
-0.68400 2148.00000
-0.68300 2147.00000
-0.68200 2146.00000
-0.68100 2144.00000
-0.68000 2143.00000
-0.67900 2142.00000
-0.67800 2141.00000
-0.67700 2140.00000
-0.67600 2139.00000
-0.67500 2138.00000
-0.67400 2136.00000
-0.67300 2135.00000
-0.67200 2134.00000
-0.67100 2133.00000
-0.67000 2132.00000
-0.66900 2131.00000
-0.66800 2129.00000
-0.66700 2128.00000
-0.66600 2127.00000
-0.66500 2126.00000
-0.66400 2125.00000
-0.66300 2124.00000
-0.66200 2122.00000
-0.66100 2121.00000
-0.66000 2120.00000
-0.65900 2119.00000
-0.65800 2118.00000
-0.65700 2117.00000
-0.65600 2115.00000
-0.65500 2114.00000
-0.65400 2113.00000
-0.65300 2112.00000
-0.65200 2111.00000
-0.65100 2109.00000
-0.65000 2108.00000
-0.64900 2107.00000
-0.64800 2106.00000
-0.64700 2105.00000
-0.64600 2104.00000
-0.64500 2102.00000
-0.64400 2101.00000
-0.64300 2100.00000
-0.64200 2099.00000
-0.64100 2098.00000
-0.64000 2096.00000
-0.63900 2095.00000
-0.63800 2094.00000
-0.63700 2093.00000
-0.63600 2092.00000
-0.63500 2090.00000
-0.63400 2089.00000
-0.63300 2088.00000
-0.63200 2087.00000
-0.63100 2086.00000
-0.63000 2084.00000
-0.62900 2083.00000
-0.62800 2082.00000
-0.62700 2081.00000
-0.62600 2080.00000
-0.62500 2078.00000
-0.62400 2077.00000
-0.62300 2076.00000
-0.62200 2075.00000
-0.62100 2074.00000
-0.62000 2072.00000
-0.61900 2071.00000
-0.61800 2070.00000
-0.61700 2069.00000
-0.61600 2068.00000
-0.61500 2066.00000
-0.61400 2065.00000
-0.61300 2064.00000
-0.61200 2063.00000
-0.61100 2061.00000
-0.61000 2060.00000
-0.60900 2059.00000
-0.60800 2058.00000
-0.60700 2057.00000
-0.60600 2055.00000
-0.60500 2054.00000
-0.60400 2053.00000
-0.60300 2052.00000
-0.60200 2050.00000
-0.60100 2049.00000
-0.60000 2048.00000
-0.59900 2047.00000
-0.59800 2045.00000
-0.59700 2044.00000
-0.59600 2043.00000
-0.59500 2042.00000
-0.59400 2041.00000
-0.59300 2039.00000
-0.59200 2038.00000
-0.59100 2037.00000
-0.59000 2036.00000
-0.58900 2034.00000
-0.58800 2033.00000
-0.58700 2032.00000
-0.58600 2031.00000
-0.58500 2029.00000
-0.58400 2028.00000
-0.58300 2027.00000
-0.58200 2026.00000
-0.58100 2024.00000
-0.58000 2023.00000
-0.57900 2022.00000
-0.57800 2021.00000
-0.57700 2019.00000
-0.57600 2018.00000
-0.57500 2017.00000
-0.57400 2015.00000
-0.57300 2014.00000
-0.57200 2013.00000
-0.57100 2012.00000
-0.57000 2010.00000
-0.56900 2009.00000
-0.56800 2008.00000
-0.56700 2007.00000
-0.56600 2005.00000
-0.56500 2004.00000
-0.56400 2003.00000
-0.56300 2002.00000
-0.56200 2000.00000
-0.56100 1999.00000
-0.56000 1998.00000
-0.55900 1996.00000
-0.55800 1995.00000
-0.55700 1994.00000
-0.55600 1993.00000
-0.55500 1991.00000
-0.55400 1990.00000
-0.55300 1989.00000
-0.55200 1987.00000
-0.55100 1986.00000
-0.55000 1985.00000
-0.54900 1984.00000
-0.54800 1982.00000
-0.54700 1981.00000
-0.54600 1980.00000
-0.54500 1978.00000
-0.54400 1977.00000
-0.54300 1976.00000
-0.54200 1974.00000
-0.54100 1973.00000
-0.54000 1972.00000
-0.53900 1971.00000
-0.53800 1969.00000
-0.53700 1968.00000
-0.53600 1967.00000
-0.53500 1965.00000
-0.53400 1964.00000
-0.53300 1963.00000
-0.53200 1961.00000
-0.53100 1960.00000
-0.53000 1959.00000
-0.52900 1957.00000
-0.52800 1956.00000
-0.52700 1955.00000
-0.52600 1953.00000
-0.52500 1952.00000
-0.52400 1951.00000
-0.52300 1949.00000
-0.52200 1948.00000
-0.52100 1947.00000
-0.52000 1945.00000
-0.51900 1944.00000
-0.51800 1943.00000
-0.51700 1941.00000
-0.51600 1940.00000
-0.51500 1939.00000
-0.51400 1937.00000
-0.51300 1936.00000
-0.51200 1935.00000
-0.51100 1933.00000
-0.51000 1932.00000
-0.50900 1931.00000
-0.50800 1929.00000
-0.50700 1928.00000
-0.50600 1927.00000
-0.50500 1925.00000
-0.50400 1924.00000
-0.50300 1923.00000
-0.50200 1921.00000
-0.50100 1920.00000
-0.50000 1918.00000
-0.49900 1917.00000
-0.49800 1916.00000
-0.49700 1914.00000
-0.49600 1913.00000
-0.49500 1912.00000
-0.49400 1910.00000
-0.49300 1909.00000
-0.49200 1907.00000
-0.49100 1906.00000
-0.49000 1905.00000
-0.48900 1903.00000
-0.48800 1902.00000
-0.48700 1901.00000
-0.48600 1899.00000
-0.48500 1898.00000
-0.48400 1896.00000
-0.48300 1895.00000
-0.48200 1894.00000
-0.48100 1892.00000
-0.48000 1891.00000
-0.47900 1889.00000
-0.47800 1888.00000
-0.47700 1887.00000
-0.47600 1885.00000
-0.47500 1884.00000
-0.47400 1882.00000
-0.47300 1881.00000
-0.47200 1880.00000
-0.47100 1878.00000
-0.47000 1877.00000
-0.46900 1875.00000
-0.46800 1874.00000
-0.46700 1873.00000
-0.46600 1871.00000
-0.46500 1870.00000
-0.46400 1868.00000
-0.46300 1867.00000
-0.46200 1865.00000
-0.46100 1864.00000
-0.46000 1863.00000
-0.45900 1861.00000
-0.45800 1860.00000
-0.45700 1858.00000
-0.45600 1857.00000
-0.45500 1855.00000
-0.45400 1854.00000
-0.45300 1853.00000
-0.45200 1851.00000
-0.45100 1850.00000
-0.45000 1848.00000
-0.44900 1847.00000
-0.44800 1845.00000
-0.44700 1844.00000
-0.44600 1842.00000
-0.44500 1841.00000
-0.44400 1839.00000
-0.44300 1838.00000
-0.44200 1837.00000
-0.44100 1835.00000
-0.44000 1834.00000
-0.43900 1832.00000
-0.43800 1831.00000
-0.43700 1829.00000
-0.43600 1828.00000
-0.43500 1826.00000
-0.43400 1825.00000
-0.43300 1823.00000
-0.43200 1822.00000
-0.43100 1820.00000
-0.43000 1819.00000
-0.42900 1817.00000
-0.42800 1816.00000
-0.42700 1814.00000
-0.42600 1813.00000
-0.42500 1811.00000
-0.42400 1810.00000
-0.42300 1808.00000
-0.42200 1807.00000
-0.42100 1805.00000
-0.42000 1804.00000
-0.41900 1802.00000
-0.41800 1801.00000
-0.41700 1799.00000
-0.41600 1798.00000
-0.41500 1796.00000
-0.41400 1795.00000
-0.41300 1793.00000
-0.41200 1792.00000
-0.41100 1790.00000
-0.41000 1789.00000
-0.40900 1787.00000
-0.40800 1785.00000
-0.40700 1784.00000
-0.40600 1782.00000
-0.40500 1781.00000
-0.40400 1779.00000
-0.40300 1778.00000
-0.40200 1776.00000
-0.40100 1775.00000
-0.40000 1773.00000
-0.39900 1772.00000
-0.39800 1770.00000
-0.39700 1768.00000
-0.39600 1767.00000
-0.39500 1765.00000
-0.39400 1764.00000
-0.39300 1762.00000
-0.39200 1761.00000
-0.39100 1759.00000
-0.39000 1757.00000
-0.38900 1756.00000
-0.38800 1754.00000
-0.38700 1753.00000
-0.38600 1751.00000
-0.38500 1749.00000
-0.38400 1748.00000
-0.38300 1746.00000
-0.38200 1745.00000
-0.38100 1743.00000
-0.38000 1741.00000
-0.37900 1740.00000
-0.37800 1738.00000
-0.37700 1737.00000
-0.37600 1735.00000
-0.37500 1733.00000
-0.37400 1732.00000
-0.37300 1730.00000
-0.37200 1729.00000
-0.37100 1727.00000
-0.37000 1725.00000
-0.36900 1724.00000
-0.36800 1722.00000
-0.36700 1720.00000
-0.36600 1719.00000
-0.36500 1717.00000
-0.36400 1715.00000
-0.36300 1714.00000
-0.36200 1712.00000
-0.36100 1710.00000
-0.36000 1709.00000
-0.35900 1707.00000
-0.35800 1705.00000
-0.35700 1704.00000
-0.35600 1702.00000
-0.35500 1700.00000
-0.35400 1699.00000
-0.35300 1697.00000
-0.35200 1695.00000
-0.35100 1694.00000
-0.35000 1692.00000
-0.34900 1690.00000
-0.34800 1689.00000
-0.34700 1687.00000
-0.34600 1685.00000
-0.34500 1683.00000
-0.34400 1682.00000
-0.34300 1680.00000
-0.34200 1678.00000
-0.34100 1677.00000
-0.34000 1675.00000
-0.33900 1673.00000
-0.33800 1671.00000
-0.33700 1670.00000
-0.33600 1668.00000
-0.33500 1666.00000
-0.33400 1664.00000
-0.33300 1663.00000
-0.33200 1661.00000
-0.33100 1659.00000
-0.33000 1657.00000
-0.32900 1656.00000
-0.32800 1654.00000
-0.32700 1652.00000
-0.32600 1650.00000
-0.32500 1649.00000
-0.32400 1647.00000
-0.32300 1645.00000
-0.32200 1643.00000
-0.32100 1641.00000
-0.32000 1640.00000
-0.31900 1638.00000
-0.31800 1636.00000
-0.31700 1634.00000
-0.31600 1632.00000
-0.31500 1631.00000
-0.31400 1629.00000
-0.31300 1627.00000
-0.31200 1625.00000
-0.31100 1623.00000
-0.31000 1622.00000
-0.30900 1620.00000
-0.30800 1618.00000
-0.30700 1616.00000
-0.30600 1614.00000
-0.30500 1612.00000
-0.30400 1610.00000
-0.30300 1609.00000
-0.30200 1607.00000
-0.30100 1605.00000
-0.30000 1603.00000
-0.29900 1601.00000
-0.29800 1599.00000
-0.29700 1597.00000
-0.29600 1595.00000
-0.29500 1594.00000
-0.29400 1592.00000
-0.29300 1590.00000
-0.29200 1588.00000
-0.29100 1586.00000
-0.29000 1584.00000
-0.28900 1582.00000
-0.28800 1580.00000
-0.28700 1578.00000
-0.28600 1576.00000
-0.28500 1574.00000
-0.28400 1572.00000
-0.28300 1570.00000
-0.28200 1568.00000
-0.28100 1567.00000
-0.28000 1565.00000
-0.27900 1563.00000
-0.27800 1561.00000
-0.27700 1559.00000
-0.27600 1557.00000
-0.27500 1555.00000
-0.27400 1553.00000
-0.27300 1551.00000
-0.27200 1549.00000
-0.27100 1547.00000
-0.27000 1545.00000
-0.26900 1543.00000
-0.26800 1541.00000
-0.26700 1539.00000
-0.26600 1537.00000
-0.26500 1535.00000
-0.26400 1532.00000
-0.26300 1530.00000
-0.26200 1528.00000
-0.26100 1526.00000
-0.26000 1524.00000
-0.25900 1522.00000
-0.25800 1520.00000
-0.25700 1518.00000
-0.25600 1516.00000
-0.25500 1514.00000
-0.25400 1512.00000
-0.25300 1510.00000
-0.25200 1507.00000
-0.25100 1505.00000
-0.25000 1503.00000
-0.24900 1501.00000
-0.24800 1499.00000
-0.24700 1497.00000
-0.24600 1495.00000
-0.24500 1493.00000
-0.24400 1490.00000
-0.24300 1488.00000
-0.24200 1486.00000
-0.24100 1484.00000
-0.24000 1482.00000
-0.23900 1479.00000
-0.23800 1477.00000
-0.23700 1475.00000
-0.23600 1473.00000
-0.23500 1471.00000
-0.23400 1468.00000
-0.23300 1466.00000
-0.23200 1464.00000
-0.23100 1462.00000
-0.23000 1459.00000
-0.22900 1457.00000
-0.22800 1455.00000
-0.22700 1453.00000
-0.22600 1450.00000
-0.22500 1448.00000
-0.22400 1446.00000
-0.22300 1443.00000
-0.22200 1441.00000
-0.22100 1439.00000
-0.22000 1437.00000
-0.21900 1434.00000
-0.21800 1432.00000
-0.21700 1429.00000
-0.21600 1427.00000
-0.21500 1425.00000
-0.21400 1422.00000
-0.21300 1420.00000
-0.21200 1418.00000
-0.21100 1415.00000
-0.21000 1413.00000
-0.20900 1410.00000
-0.20800 1408.00000
-0.20700 1406.00000
-0.20600 1403.00000
-0.20500 1401.00000
-0.20400 1398.00000
-0.20300 1396.00000
-0.20200 1393.00000
-0.20100 1391.00000
-0.20000 1388.00000
-0.19900 1386.00000
-0.19800 1383.00000
-0.19700 1381.00000
-0.19600 1378.00000
-0.19500 1376.00000
-0.19400 1373.00000
-0.19300 1371.00000
-0.19200 1368.00000
-0.19100 1365.00000
-0.19000 1363.00000
-0.18900 1360.00000
-0.18800 1358.00000
-0.18700 1355.00000
-0.18600 1352.00000
-0.18500 1350.00000
-0.18400 1347.00000
-0.18300 1344.00000
-0.18200 1342.00000
-0.18100 1339.00000
-0.18000 1336.00000
-0.17900 1334.00000
-0.17800 1331.00000
-0.17700 1328.00000
-0.17600 1325.00000
-0.17500 1323.00000
-0.17400 1320.00000
-0.17300 1317.00000
-0.17200 1314.00000
-0.17100 1312.00000
-0.17000 1309.00000
-0.16900 1306.00000
-0.16800 1303.00000
-0.16700 1300.00000
-0.16600 1297.00000
-0.16500 1295.00000
-0.16400 1292.00000
-0.16300 1289.00000
-0.16200 1286.00000
-0.16100 1283.00000
-0.16000 1280.00000
-0.15900 1277.00000
-0.15800 1274.00000
-0.15700 1271.00000
-0.15600 1268.00000
-0.15500 1265.00000
-0.15400 1262.00000
-0.15300 1259.00000
-0.15200 1256.00000
-0.15100 1253.00000
-0.15000 1250.00000
-0.14900 1247.00000
-0.14800 1243.00000
-0.14700 1240.00000
-0.14600 1237.00000
-0.14500 1234.00000
-0.14400 1231.00000
-0.14300 1228.00000
-0.14200 1224.00000
-0.14100 1221.00000
-0.14000 1218.00000
-0.13900 1215.00000
-0.13800 1211.00000
-0.13700 1208.00000
-0.13600 1205.00000
-0.13500 1201.00000
-0.13400 1198.00000
-0.13300 1195.00000
-0.13200 1191.00000
-0.13100 1188.00000
-0.13000 1184.00000
-0.12900 1181.00000
-0.12800 1177.00000
-0.12700 1174.00000
-0.12600 1170.00000
-0.12500 1167.00000
-0.12400 1163.00000
-0.12300 1160.00000
-0.12200 1156.00000
-0.12100 1152.00000
-0.12000 1149.00000
-0.11900 1145.00000
-0.11800 1141.00000
-0.11700 1138.00000
-0.11600 1134.00000
-0.11500 1130.00000
-0.11400 1126.00000
-0.11300 1123.00000
-0.11200 1119.00000
-0.11100 1115.00000
-0.11000 1111.00000
-0.10900 1107.00000
-0.10800 1103.00000
-0.10700 1099.00000
-0.10600 1095.00000
-0.10500 1091.00000
-0.10400 1087.00000
-0.10300 1083.00000
-0.10200 1079.00000
-0.10100 1075.00000
-0.10000 1070.00000
-0.09900 1066.00000
-0.09800 1062.00000
-0.09700 1058.00000
-0.09600 1053.00000
-0.09500 1049.00000
-0.09400 1045.00000
-0.09300 1040.00000
-0.09200 1036.00000
-0.09100 1031.00000
-0.09000 1027.00000
-0.08900 1022.00000
-0.08800 1018.00000
-0.08700 1013.00000
-0.08600 1008.00000
-0.08500 1003.00000
-0.08400 999.00000
-0.08300 994.00000
-0.08200 989.00000
-0.08100 984.00000
-0.08000 979.00000
-0.07900 974.00000
-0.07800 969.00000
-0.07700 964.00000
-0.07600 959.00000
-0.07500 954.00000
-0.07400 949.00000
-0.07300 943.00000
-0.07200 938.00000
-0.07100 933.00000
-0.07000 927.00000
-0.06900 922.00000
-0.06800 916.00000
-0.06700 911.00000
-0.06500 899.00000
-0.06400 894.00000
-0.06300 888.00000
-0.06200 882.00000
-0.06100 876.00000
-0.06000 870.00000
-0.05900 864.00000
-0.05700 851.00000
-0.05600 845.00000
-0.05300 825.00000
-0.05200 819.00000
-0.05100 812.00000
-0.05000 805.00000
-0.04900 798.00000
-0.04800 791.00000
-0.04700 784.00000
-0.04500 770.00000
-0.04400 762.00000
-0.04300 755.00000
-0.04200 747.00000
-0.04100 739.00000
-0.03800 715.00000
-0.03700 707.00000
-0.03600 699.00000
-0.03500 690.00000
-0.03300 673.00000
-0.03200 664.00000
-0.03000 645.00000
-0.02900 636.00000
-0.02300 574.00000
-0.02200 563.00000
-0.02100 552.00000
-0.02000 540.00000
-0.01900 528.00000
-0.01700 503.00000
-0.01600 490.00000
-0.01500 477.00000
-0.01400 463.00000
-0.01300 449.00000
-0.01200 434.00000
-0.01100 419.00000
-0.00900 386.00000
-0.00700 351.00000
-0.00600 332.00000
-0.00500 311.00000
