-1.50400 4998.00000
-1.50300 4997.00000
-1.50200 4996.00000
-1.50100 4994.00000
-1.50000 4993.00000
-1.49900 4992.00000
-1.49800 4990.00000
-1.49700 4989.00000
-1.49600 4987.00000
-1.49500 4986.00000
-1.49400 4985.00000
-1.49300 4983.00000
-1.49200 4982.00000
-1.49100 4981.00000
-1.49000 4979.00000
-1.48900 4978.00000
-1.48800 4976.00000
-1.48700 4975.00000
-1.48600 4974.00000
-1.48500 4972.00000
-1.48400 4971.00000
-1.48300 4970.00000
-1.48200 4968.00000
-1.48100 4967.00000
-1.48000 4965.00000
-1.47900 4964.00000
-1.47800 4963.00000
-1.47700 4961.00000
-1.47600 4960.00000
-1.47500 4958.00000
-1.47400 4957.00000
-1.47300 4956.00000
-1.47200 4954.00000
-1.47100 4953.00000
-1.47000 4952.00000
-1.46900 4950.00000
-1.46800 4949.00000
-1.46700 4947.00000
-1.46600 4946.00000
-1.46500 4945.00000
-1.46400 4943.00000
-1.46300 4942.00000
-1.46200 4940.00000
-1.46100 4939.00000
-1.46000 4938.00000
-1.45900 4936.00000
-1.45800 4935.00000
-1.45700 4934.00000
-1.45600 4932.00000
-1.45500 4931.00000
-1.45400 4929.00000
-1.45300 4928.00000
-1.45200 4927.00000
-1.45100 4925.00000
-1.45000 4924.00000
-1.44900 4922.00000
-1.44800 4921.00000
-1.44700 4920.00000
-1.44600 4918.00000
-1.44500 4917.00000
-1.44400 4915.00000
-1.44300 4914.00000
-1.44200 4913.00000
-1.44100 4911.00000
-1.44000 4910.00000
-1.43900 4908.00000
-1.43800 4907.00000
-1.43700 4906.00000
-1.43600 4904.00000
-1.43500 4903.00000
-1.43400 4901.00000
-1.43300 4900.00000
-1.43200 4899.00000
-1.43100 4897.00000
-1.43000 4896.00000
-1.42900 4894.00000
-1.42800 4893.00000
-1.42700 4892.00000
-1.42600 4890.00000
-1.42500 4889.00000
-1.42400 4887.00000
-1.42300 4886.00000
-1.42200 4885.00000
-1.42100 4883.00000
-1.42000 4882.00000
-1.41900 4880.00000
-1.41800 4879.00000
-1.41700 4878.00000
-1.41600 4876.00000
-1.41500 4875.00000
-1.41400 4873.00000
-1.41300 4872.00000
-1.41200 4871.00000
-1.41100 4869.00000
-1.41000 4868.00000
-1.40900 4866.00000
-1.40800 4865.00000
-1.40700 4864.00000
-1.40600 4862.00000
-1.40500 4861.00000
-1.40400 4859.00000
-1.40300 4858.00000
-1.40200 4856.00000
-1.40100 4855.00000
-1.40000 4854.00000
-1.39900 4852.00000
-1.39800 4851.00000
-1.39700 4849.00000
-1.39600 4848.00000
-1.39500 4847.00000
-1.39400 4845.00000
-1.39300 4844.00000
-1.39200 4842.00000
-1.39100 4841.00000
-1.39000 4840.00000
-1.38900 4838.00000
-1.38800 4837.00000
-1.38700 4835.00000
-1.38600 4834.00000
-1.38500 4832.00000
-1.38400 4831.00000
-1.38300 4830.00000
-1.38200 4828.00000
-1.38100 4827.00000
-1.38000 4825.00000
-1.37900 4824.00000
-1.37800 4822.00000
-1.37700 4821.00000
-1.37600 4820.00000
-1.37500 4818.00000
-1.37400 4817.00000
-1.37300 4815.00000
-1.37200 4814.00000
-1.37100 4813.00000
-1.37000 4811.00000
-1.36900 4810.00000
-1.36800 4808.00000
-1.36700 4807.00000
-1.36600 4805.00000
-1.36500 4804.00000
-1.36400 4803.00000
-1.36300 4801.00000
-1.36200 4800.00000
-1.36100 4798.00000
-1.36000 4797.00000
-1.35900 4795.00000
-1.35800 4794.00000
-1.35700 4792.00000
-1.35600 4791.00000
-1.35500 4790.00000
-1.35400 4788.00000
-1.35300 4787.00000
-1.35200 4785.00000
-1.35100 4784.00000
-1.35000 4782.00000
-1.34900 4781.00000
-1.34800 4780.00000
-1.34700 4778.00000
-1.34600 4777.00000
-1.34500 4775.00000
-1.34400 4774.00000
-1.34300 4772.00000
-1.34200 4771.00000
-1.34100 4770.00000
-1.34000 4768.00000
-1.33900 4767.00000
-1.33800 4765.00000
-1.33700 4764.00000
-1.33600 4762.00000
-1.33500 4761.00000
-1.33400 4759.00000
-1.33300 4758.00000
-1.33200 4757.00000
-1.33100 4755.00000
-1.33000 4754.00000
-1.32900 4752.00000
-1.32800 4751.00000
-1.32700 4749.00000
-1.32600 4748.00000
-1.32500 4746.00000
-1.32400 4745.00000
-1.32300 4744.00000
-1.32200 4742.00000
-1.32100 4741.00000
-1.32000 4739.00000
-1.31900 4738.00000
-1.31800 4736.00000
-1.31700 4735.00000
-1.31600 4733.00000
-1.31500 4732.00000
-1.31400 4730.00000
-1.31300 4729.00000
-1.31200 4728.00000
-1.31100 4726.00000
-1.31000 4725.00000
-1.30900 4723.00000
-1.30800 4722.00000
-1.30700 4720.00000
-1.30600 4719.00000
-1.30500 4717.00000
-1.30400 4716.00000
-1.30300 4714.00000
-1.30200 4713.00000
-1.30100 4712.00000
-1.30000 4710.00000
-1.29900 4709.00000
-1.29800 4707.00000
-1.29700 4706.00000
-1.29600 4704.00000
-1.29500 4703.00000
-1.29400 4701.00000
-1.29300 4700.00000
-1.29200 4698.00000
-1.29100 4697.00000
-1.29000 4695.00000
-1.28900 4694.00000
-1.28800 4693.00000
-1.28700 4691.00000
-1.28600 4690.00000
-1.28500 4688.00000
-1.28400 4687.00000
-1.28300 4685.00000
-1.28200 4684.00000
-1.28100 4682.00000
-1.28000 4681.00000
-1.27900 4679.00000
-1.27800 4678.00000
-1.27700 4676.00000
-1.27600 4675.00000
-1.27500 4673.00000
-1.27400 4672.00000
-1.27300 4671.00000
-1.27200 4669.00000
-1.27100 4668.00000
-1.27000 4666.00000
-1.26900 4665.00000
-1.26800 4663.00000
-1.26700 4662.00000
-1.26600 4660.00000
-1.26500 4659.00000
-1.26400 4657.00000
-1.26300 4656.00000
-1.26200 4654.00000
-1.26100 4653.00000
-1.26000 4651.00000
-1.25900 4650.00000
-1.25800 4648.00000
-1.25700 4647.00000
-1.25600 4645.00000
-1.25500 4644.00000
-1.25400 4642.00000
-1.25300 4641.00000
-1.25200 4639.00000
-1.25100 4638.00000
-1.25000 4637.00000
-1.24900 4635.00000
-1.24800 4634.00000
-1.24700 4632.00000
-1.24600 4631.00000
-1.24500 4629.00000
-1.24400 4628.00000
-1.24300 4626.00000
-1.24200 4625.00000
-1.24100 4623.00000
-1.24000 4622.00000
-1.23900 4620.00000
-1.23800 4619.00000
-1.23700 4617.00000
-1.23600 4616.00000
-1.23500 4614.00000
-1.23400 4613.00000
-1.23300 4611.00000
-1.23200 4610.00000
-1.23100 4608.00000
-1.23000 4607.00000
-1.22900 4605.00000
-1.22800 4604.00000
-1.22700 4602.00000
-1.22600 4601.00000
-1.22500 4599.00000
-1.22400 4598.00000
-1.22300 4596.00000
-1.22200 4595.00000
-1.22100 4593.00000
-1.22000 4592.00000
-1.21900 4590.00000
-1.21800 4589.00000
-1.21700 4587.00000
-1.21600 4586.00000
-1.21500 4584.00000
-1.21400 4583.00000
-1.21300 4581.00000
-1.21200 4580.00000
-1.21100 4578.00000
-1.21000 4577.00000
-1.20900 4575.00000
-1.20800 4574.00000
-1.20700 4572.00000
-1.20600 4571.00000
-1.20500 4569.00000
-1.20400 4568.00000
-1.20300 4566.00000
-1.20200 4565.00000
-1.20100 4563.00000
-1.20000 4562.00000
-1.19900 4560.00000
-1.19800 4559.00000
-1.19700 4557.00000
-1.19600 4556.00000
-1.19500 4554.00000
-1.19400 4553.00000
-1.19300 4551.00000
-1.19200 4550.00000
-1.19100 4548.00000
-1.19000 4546.00000
-1.18900 4545.00000
-1.18800 4543.00000
-1.18700 4542.00000
-1.18600 4540.00000
-1.18500 4539.00000
-1.18400 4537.00000
-1.18300 4536.00000
-1.18200 4534.00000
-1.18100 4533.00000
-1.18000 4531.00000
-1.17900 4530.00000
-1.17800 4528.00000
-1.17700 4527.00000
-1.17600 4525.00000
-1.17500 4524.00000
-1.17400 4522.00000
-1.17300 4521.00000
-1.17200 4519.00000
-1.17100 4518.00000
-1.17000 4516.00000
-1.16900 4515.00000
-1.16800 4513.00000
-1.16700 4511.00000
-1.16600 4510.00000
-1.16500 4508.00000
-1.16400 4507.00000
-1.16300 4505.00000
-1.16200 4504.00000
-1.16100 4502.00000
-1.16000 4501.00000
-1.15900 4499.00000
-1.15800 4498.00000
-1.15700 4496.00000
-1.15600 4495.00000
-1.15500 4493.00000
-1.15400 4492.00000
-1.15300 4490.00000
-1.15200 4488.00000
-1.15100 4487.00000
-1.15000 4485.00000
-1.14900 4484.00000
-1.14800 4482.00000
-1.14700 4481.00000
-1.14600 4479.00000
-1.14500 4478.00000
-1.14400 4476.00000
-1.14300 4475.00000
-1.14200 4473.00000
-1.14100 4471.00000
-1.14000 4470.00000
-1.13900 4468.00000
-1.13800 4467.00000
-1.13700 4465.00000
-1.13600 4464.00000
-1.13500 4462.00000
-1.13400 4461.00000
-1.13300 4459.00000
-1.13200 4458.00000
-1.13100 4456.00000
-1.13000 4454.00000
-1.12900 4453.00000
-1.12800 4451.00000
-1.12700 4450.00000
-1.12600 4448.00000
-1.12500 4447.00000
-1.12400 4445.00000
-1.12300 4444.00000
-1.12200 4442.00000
-1.12100 4440.00000
-1.12000 4439.00000
-1.11900 4437.00000
-1.11800 4436.00000
-1.11700 4434.00000
-1.11600 4433.00000
-1.11500 4431.00000
-1.11400 4430.00000
-1.11300 4428.00000
-1.11200 4426.00000
-1.11100 4425.00000
-1.11000 4423.00000
-1.10900 4422.00000
-1.10800 4420.00000
-1.10700 4419.00000
-1.10600 4417.00000
-1.10500 4415.00000
-1.10400 4414.00000
-1.10300 4412.00000
-1.10200 4411.00000
-1.10100 4409.00000
-1.10000 4408.00000
-1.09900 4406.00000
-1.09800 4404.00000
-1.09700 4403.00000
-1.09600 4401.00000
-1.09500 4400.00000
-1.09400 4398.00000
-1.09300 4397.00000
-1.09200 4395.00000
-1.09100 4393.00000
-1.09000 4392.00000
-1.08900 4390.00000
-1.08800 4389.00000
-1.08700 4387.00000
-1.08600 4386.00000
-1.08500 4384.00000
-1.08400 4382.00000
-1.08300 4381.00000
-1.08200 4379.00000
-1.08100 4378.00000
-1.08000 4376.00000
-1.07900 4375.00000
-1.07800 4373.00000
-1.07700 4371.00000
-1.07600 4370.00000
-1.07500 4368.00000
-1.07400 4367.00000
-1.07300 4365.00000
-1.07200 4363.00000
-1.07100 4362.00000
-1.07000 4360.00000
-1.06900 4359.00000
-1.06800 4357.00000
-1.06700 4355.00000
-1.06600 4354.00000
-1.06500 4352.00000
-1.06400 4351.00000
-1.06300 4349.00000
-1.06200 4347.00000
-1.06100 4346.00000
-1.06000 4344.00000
-1.05900 4343.00000
-1.05800 4341.00000
-1.05700 4340.00000
-1.05600 4338.00000
-1.05500 4336.00000
-1.05400 4335.00000
-1.05300 4333.00000
-1.05200 4332.00000
-1.05100 4330.00000
-1.05000 4328.00000
-1.04900 4327.00000
-1.04800 4325.00000
-1.04700 4323.00000
-1.04600 4322.00000
-1.04500 4320.00000
-1.04400 4319.00000
-1.04300 4317.00000
-1.04200 4315.00000
-1.04100 4314.00000
-1.04000 4312.00000
-1.03900 4311.00000
-1.03800 4309.00000
-1.03700 4307.00000
-1.03600 4306.00000
-1.03500 4304.00000
-1.03400 4303.00000
-1.03300 4301.00000
-1.03200 4299.00000
-1.03100 4298.00000
-1.03000 4296.00000
-1.02900 4294.00000
-1.02800 4293.00000
-1.02700 4291.00000
-1.02600 4290.00000
-1.02500 4288.00000
-1.02400 4286.00000
-1.02300 4285.00000
-1.02200 4283.00000
-1.02100 4282.00000
-1.02000 4280.00000
-1.01900 4278.00000
-1.01800 4277.00000
-1.01700 4275.00000
-1.01600 4273.00000
-1.01500 4272.00000
-1.01400 4270.00000
-1.01300 4269.00000
-1.01200 4267.00000
-1.01100 4265.00000
-1.01000 4264.00000
-1.00900 4262.00000
-1.00800 4260.00000
-1.00700 4259.00000
-1.00600 4257.00000
-1.00500 4255.00000
-1.00400 4254.00000
-1.00300 4252.00000
-1.00200 4251.00000
-1.00100 4249.00000
-1.00000 4247.00000
-0.99900 4246.00000
-0.99800 4244.00000
-0.99700 4242.00000
-0.99600 4241.00000
-0.99500 4239.00000
-0.99400 4237.00000
-0.99300 4236.00000
-0.99200 4234.00000
-0.99100 4232.00000
-0.99000 4231.00000
-0.98900 4229.00000
-0.98800 4228.00000
-0.98700 4226.00000
-0.98600 4224.00000
-0.98500 4223.00000
-0.98400 4221.00000
-0.98300 4219.00000
-0.98200 4218.00000
-0.98100 4216.00000
-0.98000 4214.00000
-0.97900 4213.00000
-0.97800 4211.00000
-0.97700 4209.00000
-0.97600 4208.00000
-0.97500 4206.00000
-0.97400 4204.00000
-0.97300 4203.00000
-0.97200 4201.00000
-0.97100 4199.00000
-0.97000 4198.00000
-0.96900 4196.00000
-0.96800 4194.00000
-0.96700 4193.00000
-0.96600 4191.00000
-0.96500 4189.00000
-0.96400 4188.00000
-0.96300 4186.00000
-0.96200 4184.00000
-0.96100 4183.00000
-0.96000 4181.00000
-0.95900 4179.00000
-0.95800 4178.00000
-0.95700 4176.00000
-0.95600 4174.00000
-0.95500 4173.00000
-0.95400 4171.00000
-0.95300 4169.00000
-0.95200 4168.00000
-0.95100 4166.00000
-0.95000 4164.00000
-0.94900 4163.00000
-0.94800 4161.00000
-0.94700 4159.00000
-0.94600 4158.00000
-0.94500 4156.00000
-0.94400 4154.00000
-0.94300 4153.00000
-0.94200 4151.00000
-0.94100 4149.00000
-0.94000 4148.00000
-0.93900 4146.00000
-0.93800 4144.00000
-0.93700 4142.00000
-0.93600 4141.00000
-0.93500 4139.00000
-0.93400 4137.00000
-0.93300 4136.00000
-0.93200 4134.00000
-0.93100 4132.00000
-0.93000 4131.00000
-0.92900 4129.00000
-0.92800 4127.00000
-0.92700 4126.00000
-0.92600 4124.00000
-0.92500 4122.00000
-0.92400 4120.00000
-0.92300 4119.00000
-0.92200 4117.00000
-0.92100 4115.00000
-0.92000 4114.00000
-0.91900 4112.00000
-0.91800 4110.00000
-0.91700 4109.00000
-0.91600 4107.00000
-0.91500 4105.00000
-0.91400 4103.00000
-0.91300 4102.00000
-0.91200 4100.00000
-0.91100 4098.00000
-0.91000 4097.00000
-0.90900 4095.00000
-0.90800 4093.00000
-0.90700 4091.00000
-0.90600 4090.00000
-0.90500 4088.00000
-0.90400 4086.00000
-0.90300 4085.00000
-0.90200 4083.00000
-0.90100 4081.00000
-0.90000 4079.00000
-0.89900 4078.00000
-0.89800 4076.00000
-0.89700 4074.00000
-0.89600 4073.00000
-0.89500 4071.00000
-0.89400 4069.00000
-0.89300 4067.00000
-0.89200 4066.00000
-0.89100 4064.00000
-0.89000 4062.00000
-0.88900 4060.00000
-0.88800 4059.00000
-0.88700 4057.00000
-0.88600 4055.00000
-0.88500 4054.00000
-0.88400 4052.00000
-0.88300 4050.00000
-0.88200 4048.00000
-0.88100 4047.00000
-0.88000 4045.00000
-0.87900 4043.00000
-0.87800 4041.00000
-0.87700 4040.00000
-0.87600 4038.00000
-0.87500 4036.00000
-0.87400 4034.00000
-0.87300 4033.00000
-0.87200 4031.00000
-0.87100 4029.00000
-0.87000 4027.00000
-0.86900 4026.00000
-0.86800 4024.00000
-0.86700 4022.00000
-0.86600 4020.00000
-0.86500 4019.00000
-0.86400 4017.00000
-0.86300 4015.00000
-0.86200 4013.00000
-0.86100 4012.00000
-0.86000 4010.00000
-0.85900 4008.00000
-0.85800 4006.00000
-0.85700 4005.00000
-0.85600 4003.00000
-0.85500 4001.00000
-0.85400 3999.00000
-0.85300 3998.00000
-0.85200 3996.00000
-0.85100 3994.00000
-0.85000 3992.00000
-0.84900 3991.00000
-0.84800 3989.00000
-0.84700 3987.00000
-0.84600 3985.00000
-0.84500 3983.00000
-0.84400 3982.00000
-0.84300 3980.00000
-0.84200 3978.00000
-0.84100 3976.00000
-0.84000 3975.00000
-0.83900 3973.00000
-0.83800 3971.00000
-0.83700 3969.00000
-0.83600 3967.00000
-0.83500 3966.00000
-0.83400 3964.00000
-0.83300 3962.00000
-0.83200 3960.00000
-0.83100 3959.00000
-0.83000 3957.00000
-0.82900 3955.00000
-0.82800 3953.00000
-0.82700 3951.00000
-0.82600 3950.00000
-0.82500 3948.00000
-0.82400 3946.00000
-0.82300 3944.00000
-0.82200 3942.00000
-0.82100 3941.00000
-0.82000 3939.00000
-0.81900 3937.00000
-0.81800 3935.00000
-0.81700 3933.00000
-0.81600 3932.00000
-0.81500 3930.00000
-0.81400 3928.00000
-0.81300 3926.00000
-0.81200 3924.00000
-0.81100 3923.00000
-0.81000 3921.00000
-0.80900 3919.00000
-0.80800 3917.00000
-0.80700 3915.00000
-0.80600 3914.00000
-0.80500 3912.00000
-0.80400 3910.00000
-0.80300 3908.00000
-0.80200 3906.00000
-0.80100 3904.00000
-0.80000 3903.00000
-0.79900 3901.00000
-0.79800 3899.00000
-0.79700 3897.00000
-0.79600 3895.00000
-0.79500 3894.00000
-0.79400 3892.00000
-0.79300 3890.00000
-0.79200 3888.00000
-0.79100 3886.00000
-0.79000 3884.00000
-0.78900 3883.00000
-0.78800 3881.00000
-0.78700 3879.00000
-0.78600 3877.00000
-0.78500 3875.00000
-0.78400 3873.00000
-0.78300 3872.00000
-0.78200 3870.00000
-0.78100 3868.00000
-0.78000 3866.00000
-0.77900 3864.00000
-0.77800 3862.00000
-0.77700 3861.00000
-0.77600 3859.00000
-0.77500 3857.00000
-0.77400 3855.00000
-0.77300 3853.00000
-0.77200 3851.00000
-0.77100 3849.00000
-0.77000 3848.00000
-0.76900 3846.00000
-0.76800 3844.00000
-0.76700 3842.00000
-0.76600 3840.00000
-0.76500 3838.00000
-0.76400 3836.00000
-0.76300 3835.00000
-0.76200 3833.00000
-0.76100 3831.00000
-0.76000 3829.00000
-0.75900 3827.00000
-0.75800 3825.00000
-0.75700 3823.00000
-0.75600 3822.00000
-0.75500 3820.00000
-0.75400 3818.00000
-0.75300 3816.00000
-0.75200 3814.00000
-0.75100 3812.00000
-0.75000 3810.00000
-0.74900 3808.00000
-0.74800 3807.00000
-0.74700 3805.00000
-0.74600 3803.00000
-0.74500 3801.00000
-0.74400 3799.00000
-0.74300 3797.00000
-0.74200 3795.00000
-0.74100 3793.00000
-0.74000 3791.00000
-0.73900 3790.00000
-0.73800 3788.00000
-0.73700 3786.00000
-0.73600 3784.00000
-0.73500 3782.00000
-0.73400 3780.00000
-0.73300 3778.00000
-0.73200 3776.00000
-0.73100 3774.00000
-0.73000 3772.00000
-0.72900 3771.00000
-0.72800 3769.00000
-0.72700 3767.00000
-0.72600 3765.00000
-0.72500 3763.00000
-0.72400 3761.00000
-0.72300 3759.00000
-0.72200 3757.00000
-0.72100 3755.00000
-0.72000 3753.00000
-0.71900 3751.00000
-0.71800 3750.00000
-0.71700 3748.00000
-0.71600 3746.00000
-0.71500 3744.00000
-0.71400 3742.00000
-0.71300 3740.00000
-0.71200 3738.00000
-0.71100 3736.00000
-0.71000 3734.00000
-0.70900 3732.00000
-0.70800 3730.00000
-0.70700 3728.00000
-0.70600 3726.00000
-0.70500 3724.00000
-0.70400 3723.00000
-0.70300 3721.00000
-0.70200 3719.00000
-0.70100 3717.00000
-0.70000 3715.00000
-0.69900 3713.00000
-0.69800 3711.00000
-0.69700 3709.00000
-0.69600 3707.00000
-0.69500 3705.00000
-0.69400 3703.00000
-0.69300 3701.00000
-0.69200 3699.00000
-0.69100 3697.00000
-0.69000 3695.00000
-0.68900 3693.00000
-0.68800 3691.00000
-0.68700 3689.00000
-0.68600 3687.00000
-0.68500 3685.00000
-0.68400 3684.00000
-0.68300 3682.00000
-0.68200 3680.00000
-0.68100 3678.00000
-0.68000 3676.00000
-0.67900 3674.00000
-0.67800 3672.00000
-0.67700 3670.00000
-0.67600 3668.00000
-0.67500 3666.00000
-0.67400 3664.00000
-0.67300 3662.00000
-0.67200 3660.00000
-0.67100 3658.00000
-0.67000 3656.00000
-0.66900 3654.00000
-0.66800 3652.00000
-0.66700 3650.00000
-0.66600 3648.00000
-0.66500 3646.00000
-0.66400 3644.00000
-0.66300 3642.00000
-0.66200 3640.00000
-0.66100 3638.00000
-0.66000 3636.00000
-0.65900 3634.00000
-0.65800 3632.00000
-0.65700 3630.00000
-0.65600 3628.00000
-0.65500 3626.00000
-0.65400 3624.00000
-0.65300 3622.00000
-0.65200 3620.00000
-0.65100 3618.00000
-0.65000 3616.00000
-0.64900 3614.00000
-0.64800 3612.00000
-0.64700 3610.00000
-0.64600 3608.00000
-0.64500 3606.00000
-0.64400 3604.00000
-0.64300 3602.00000
-0.64200 3600.00000
-0.64100 3598.00000
-0.64000 3596.00000
-0.63900 3593.00000
-0.63800 3591.00000
-0.63700 3589.00000
-0.63600 3587.00000
-0.63500 3585.00000
-0.63400 3583.00000
-0.63300 3581.00000
-0.63200 3579.00000
-0.63100 3577.00000
-0.63000 3575.00000
-0.62900 3573.00000
-0.62800 3571.00000
-0.62700 3569.00000
-0.62600 3567.00000
-0.62500 3565.00000
-0.62400 3563.00000
-0.62300 3561.00000
-0.62200 3559.00000
-0.62100 3557.00000
-0.62000 3554.00000
-0.61900 3552.00000
-0.61800 3550.00000
-0.61700 3548.00000
-0.61600 3546.00000
-0.61500 3544.00000
-0.61400 3542.00000
-0.61300 3540.00000
-0.61200 3538.00000
-0.61100 3536.00000
-0.61000 3534.00000
-0.60900 3532.00000
-0.60800 3530.00000
-0.60700 3527.00000
-0.60600 3525.00000
-0.60500 3523.00000
-0.60400 3521.00000
-0.60300 3519.00000
-0.60200 3517.00000
-0.60100 3515.00000
-0.60000 3513.00000
-0.59900 3511.00000
-0.59800 3509.00000
-0.59700 3506.00000
-0.59600 3504.00000
-0.59500 3502.00000
-0.59400 3500.00000
-0.59300 3498.00000
-0.59200 3496.00000
-0.59100 3494.00000
-0.59000 3492.00000
-0.58900 3489.00000
-0.58800 3487.00000
-0.58700 3485.00000
-0.58600 3483.00000
-0.58500 3481.00000
-0.58400 3479.00000
-0.58300 3477.00000
-0.58200 3475.00000
-0.58100 3472.00000
-0.58000 3470.00000
-0.57900 3468.00000
-0.57800 3466.00000
-0.57700 3464.00000
-0.57600 3462.00000
-0.57500 3460.00000
-0.57400 3457.00000
-0.57300 3455.00000
-0.57200 3453.00000
-0.57100 3451.00000
-0.57000 3449.00000
-0.56900 3447.00000
-0.56800 3444.00000
-0.56700 3442.00000
-0.56600 3440.00000
-0.56500 3438.00000
-0.56400 3436.00000
-0.56300 3434.00000
-0.56200 3431.00000
-0.56100 3429.00000
-0.56000 3427.00000
-0.55900 3425.00000
-0.55800 3423.00000
-0.55700 3420.00000
-0.55600 3418.00000
-0.55500 3416.00000
-0.55400 3414.00000
-0.55300 3412.00000
-0.55200 3409.00000
-0.55100 3407.00000
-0.55000 3405.00000
-0.54900 3403.00000
-0.54800 3401.00000
-0.54700 3398.00000
-0.54600 3396.00000
-0.54500 3394.00000
-0.54400 3392.00000
-0.54300 3390.00000
-0.54200 3387.00000
-0.54100 3385.00000
-0.54000 3383.00000
-0.53900 3381.00000
-0.53800 3378.00000
-0.53700 3376.00000
-0.53600 3374.00000
-0.53500 3372.00000
-0.53400 3369.00000
-0.53300 3367.00000
-0.53200 3365.00000
-0.53100 3363.00000
-0.53000 3360.00000
-0.52900 3358.00000
-0.52800 3356.00000
-0.52700 3354.00000
-0.52600 3351.00000
-0.52500 3349.00000
-0.52400 3347.00000
-0.52300 3345.00000
-0.52200 3342.00000
-0.52100 3340.00000
-0.52000 3338.00000
-0.51900 3335.00000
-0.51800 3333.00000
-0.51700 3331.00000
-0.51600 3329.00000
-0.51500 3326.00000
-0.51400 3324.00000
-0.51300 3322.00000
-0.51200 3319.00000
-0.51100 3317.00000
-0.51000 3315.00000
-0.50900 3313.00000
-0.50800 3310.00000
-0.50700 3308.00000
-0.50600 3306.00000
-0.50500 3303.00000
-0.50400 3301.00000
-0.50300 3299.00000
-0.50200 3296.00000
-0.50100 3294.00000
-0.50000 3292.00000
-0.49900 3289.00000
-0.49800 3287.00000
-0.49700 3285.00000
-0.49600 3282.00000
-0.49500 3280.00000
-0.49400 3278.00000
-0.49300 3275.00000
-0.49200 3273.00000
-0.49100 3271.00000
-0.49000 3268.00000
-0.48900 3266.00000
-0.48800 3264.00000
-0.48700 3261.00000
-0.48600 3259.00000
-0.48500 3256.00000
-0.48400 3254.00000
-0.48300 3252.00000
-0.48200 3249.00000
-0.48100 3247.00000
-0.48000 3245.00000
-0.47900 3242.00000
-0.47800 3240.00000
-0.47700 3237.00000
-0.47600 3235.00000
-0.47500 3233.00000
-0.47400 3230.00000
-0.47300 3228.00000
-0.47200 3225.00000
-0.47100 3223.00000
-0.47000 3221.00000
-0.46900 3218.00000
-0.46800 3216.00000
-0.46700 3213.00000
-0.46600 3211.00000
-0.46500 3209.00000
-0.46400 3206.00000
-0.46300 3204.00000
-0.46200 3201.00000
-0.46100 3199.00000
-0.46000 3196.00000
-0.45900 3194.00000
-0.45800 3191.00000
-0.45700 3189.00000
-0.45600 3187.00000
-0.45500 3184.00000
-0.45400 3182.00000
-0.45300 3179.00000
-0.45200 3177.00000
-0.45100 3174.00000
-0.45000 3172.00000
-0.44900 3169.00000
-0.44800 3167.00000
-0.44700 3164.00000
-0.44600 3162.00000
-0.44500 3159.00000
-0.44400 3157.00000
-0.44300 3154.00000
-0.44200 3152.00000
-0.44100 3149.00000
-0.44000 3147.00000
-0.43900 3144.00000
-0.43800 3142.00000
-0.43700 3139.00000
-0.43600 3137.00000
-0.43500 3134.00000
-0.43400 3132.00000
-0.43300 3129.00000
-0.43200 3127.00000
-0.43100 3124.00000
-0.43000 3122.00000
-0.42900 3119.00000
-0.42800 3116.00000
-0.42700 3114.00000
-0.42600 3111.00000
-0.42500 3109.00000
-0.42400 3106.00000
-0.42300 3104.00000
-0.42200 3101.00000
-0.42100 3098.00000
-0.42000 3096.00000
-0.41900 3093.00000
-0.41800 3091.00000
-0.41700 3088.00000
-0.41600 3086.00000
-0.41500 3083.00000
-0.41400 3080.00000
-0.41300 3078.00000
-0.41200 3075.00000
-0.41100 3073.00000
-0.41000 3070.00000
-0.40900 3067.00000
-0.40800 3065.00000
-0.40700 3062.00000
-0.40600 3059.00000
-0.40500 3057.00000
-0.40400 3054.00000
-0.40300 3051.00000
-0.40200 3049.00000
-0.40100 3046.00000
-0.40000 3044.00000
-0.39900 3041.00000
-0.39800 3038.00000
-0.39700 3036.00000
-0.39600 3033.00000
-0.39500 3030.00000
-0.39400 3028.00000
-0.39300 3025.00000
-0.39200 3022.00000
-0.39100 3019.00000
-0.39000 3017.00000
-0.38900 3014.00000
-0.38800 3011.00000
-0.38700 3009.00000
-0.38600 3006.00000
-0.38500 3003.00000
-0.38400 3000.00000
-0.38300 2998.00000
-0.38200 2995.00000
-0.38100 2992.00000
-0.38000 2990.00000
-0.37900 2987.00000
-0.37800 2984.00000
-0.37700 2981.00000
-0.37600 2978.00000
-0.37500 2976.00000
-0.37400 2973.00000
-0.37300 2970.00000
-0.37200 2967.00000
-0.37100 2965.00000
-0.37000 2962.00000
-0.36900 2959.00000
-0.36800 2956.00000
-0.36700 2953.00000
-0.36600 2951.00000
-0.36500 2948.00000
-0.36400 2945.00000
-0.36300 2942.00000
-0.36200 2939.00000
-0.36100 2937.00000
-0.36000 2934.00000
-0.35900 2931.00000
-0.35800 2928.00000
-0.35700 2925.00000
-0.35600 2922.00000
-0.35500 2919.00000
-0.35400 2917.00000
-0.35300 2914.00000
-0.35200 2911.00000
-0.35100 2908.00000
-0.35000 2905.00000
-0.34900 2902.00000
-0.34800 2899.00000
-0.34700 2896.00000
-0.34600 2893.00000
-0.34500 2890.00000
-0.34400 2888.00000
-0.34300 2885.00000
-0.34200 2882.00000
-0.34100 2879.00000
-0.34000 2876.00000
-0.33900 2873.00000
-0.33800 2870.00000
-0.33700 2867.00000
-0.33600 2864.00000
-0.33500 2861.00000
-0.33400 2858.00000
-0.33300 2855.00000
-0.33200 2852.00000
-0.33100 2849.00000
-0.33000 2846.00000
-0.32900 2843.00000
-0.32800 2840.00000
-0.32700 2837.00000
-0.32600 2834.00000
-0.32500 2831.00000
-0.32400 2828.00000
-0.32300 2825.00000
-0.32200 2822.00000
-0.32100 2819.00000
-0.32000 2816.00000
-0.31900 2813.00000
-0.31800 2810.00000
-0.31700 2806.00000
-0.31600 2803.00000
-0.31500 2800.00000
-0.31400 2797.00000
-0.31300 2794.00000
-0.31200 2791.00000
-0.31100 2788.00000
-0.31000 2785.00000
-0.30900 2782.00000
-0.30800 2778.00000
-0.30700 2775.00000
-0.30600 2772.00000
-0.30500 2769.00000
-0.30400 2766.00000
-0.30300 2763.00000
-0.30200 2759.00000
-0.30100 2756.00000
-0.30000 2753.00000
-0.29900 2750.00000
-0.29800 2747.00000
-0.29700 2743.00000
-0.29600 2740.00000
-0.29500 2737.00000
-0.29400 2734.00000
-0.29300 2730.00000
-0.29200 2727.00000
-0.29100 2724.00000
-0.29000 2721.00000
-0.28900 2717.00000
-0.28800 2714.00000
-0.28700 2711.00000
-0.28600 2707.00000
-0.28500 2704.00000
-0.28400 2701.00000
-0.28300 2698.00000
-0.28200 2694.00000
-0.28100 2691.00000
-0.28000 2688.00000
-0.27900 2684.00000
-0.27800 2681.00000
-0.27700 2677.00000
-0.27600 2674.00000
-0.27500 2671.00000
-0.27400 2667.00000
-0.27300 2664.00000
-0.27200 2660.00000
-0.27100 2657.00000
-0.27000 2654.00000
-0.26900 2650.00000
-0.26800 2647.00000
-0.26700 2643.00000
-0.26600 2640.00000
-0.26500 2636.00000
-0.26400 2633.00000
-0.26300 2629.00000
-0.26200 2626.00000
-0.26100 2622.00000
-0.26000 2619.00000
-0.25900 2615.00000
-0.25800 2612.00000
-0.25700 2608.00000
-0.25600 2604.00000
-0.25500 2601.00000
-0.25400 2597.00000
-0.25300 2594.00000
-0.25200 2590.00000
-0.25100 2586.00000
-0.25000 2583.00000
-0.24900 2579.00000
-0.24800 2576.00000
-0.24700 2572.00000
-0.24600 2568.00000
-0.24500 2565.00000
-0.24400 2561.00000
-0.24300 2557.00000
-0.24200 2553.00000
-0.24100 2550.00000
-0.24000 2546.00000
-0.23900 2542.00000
-0.23800 2539.00000
-0.23700 2535.00000
-0.23600 2531.00000
-0.23500 2527.00000
-0.23400 2523.00000
-0.23300 2520.00000
-0.23200 2516.00000
-0.23100 2512.00000
-0.23000 2508.00000
-0.22900 2504.00000
-0.22800 2500.00000
-0.22700 2496.00000
-0.22600 2493.00000
-0.22500 2489.00000
-0.22400 2485.00000
-0.22300 2481.00000
-0.22200 2477.00000
-0.22100 2473.00000
-0.22000 2469.00000
-0.21900 2465.00000
-0.21800 2461.00000
-0.21700 2457.00000
-0.21600 2453.00000
-0.21500 2449.00000
-0.21400 2445.00000
-0.21300 2441.00000
-0.21200 2437.00000
-0.21100 2433.00000
-0.21000 2429.00000
-0.20900 2424.00000
-0.20800 2420.00000
-0.20700 2416.00000
-0.20600 2412.00000
-0.20500 2408.00000
-0.20400 2404.00000
-0.20300 2399.00000
-0.20200 2395.00000
-0.20100 2391.00000
-0.20000 2387.00000
-0.19900 2382.00000
-0.19800 2378.00000
-0.19700 2374.00000
-0.19600 2369.00000
-0.19500 2365.00000
-0.19400 2361.00000
-0.19300 2356.00000
-0.19200 2352.00000
-0.19100 2348.00000
-0.19000 2343.00000
-0.18900 2339.00000
-0.18800 2334.00000
-0.18700 2330.00000
-0.18600 2325.00000
-0.18500 2321.00000
-0.18400 2316.00000
-0.18300 2312.00000
-0.18200 2307.00000
-0.18100 2303.00000
-0.18000 2298.00000
-0.17900 2293.00000
-0.17800 2289.00000
-0.17700 2284.00000
-0.17600 2279.00000
-0.17500 2275.00000
-0.17400 2270.00000
-0.17300 2265.00000
-0.17200 2261.00000
-0.17100 2256.00000
-0.17000 2251.00000
-0.16900 2246.00000
-0.16800 2241.00000
-0.16700 2236.00000
-0.16600 2232.00000
-0.16500 2227.00000
-0.16400 2222.00000
-0.16300 2217.00000
-0.16200 2212.00000
-0.16100 2207.00000
-0.16000 2202.00000
-0.15900 2197.00000
-0.15800 2192.00000
-0.15700 2187.00000
-0.15600 2181.00000
-0.15500 2176.00000
-0.15400 2171.00000
-0.15300 2166.00000
-0.15200 2161.00000
-0.15100 2155.00000
-0.15000 2150.00000
-0.14900 2145.00000
-0.14800 2140.00000
-0.14700 2134.00000
-0.14600 2129.00000
-0.14500 2123.00000
-0.14400 2118.00000
-0.14300 2112.00000
-0.14200 2107.00000
-0.14100 2101.00000
-0.14000 2096.00000
-0.13900 2090.00000
-0.13800 2085.00000
-0.13700 2079.00000
-0.13600 2073.00000
-0.13500 2068.00000
-0.13400 2062.00000
-0.13300 2056.00000
-0.13200 2050.00000
-0.13100 2045.00000
-0.13000 2039.00000
-0.12900 2033.00000
-0.12800 2027.00000
-0.12700 2021.00000
-0.12600 2015.00000
-0.12500 2009.00000
-0.12400 2003.00000
-0.12300 1997.00000
-0.12200 1990.00000
-0.12100 1984.00000
-0.12000 1978.00000
-0.11900 1972.00000
-0.11800 1965.00000
-0.11700 1959.00000
-0.11600 1953.00000
-0.11500 1946.00000
-0.11400 1940.00000
-0.11300 1933.00000
-0.11200 1927.00000
-0.11100 1920.00000
-0.11000 1913.00000
-0.10900 1907.00000
-0.10800 1900.00000
-0.10700 1893.00000
-0.10600 1886.00000
-0.10500 1879.00000
-0.10400 1872.00000
-0.10300 1865.00000
-0.10200 1858.00000
-0.10100 1851.00000
-0.10000 1844.00000
-0.09900 1837.00000
-0.09800 1830.00000
-0.09700 1822.00000
-0.09600 1815.00000
-0.09500 1807.00000
-0.09400 1800.00000
-0.09300 1792.00000
-0.09200 1785.00000
-0.09100 1777.00000
-0.09000 1769.00000
-0.08900 1762.00000
-0.08800 1754.00000
-0.08700 1746.00000
-0.08600 1738.00000
-0.08500 1730.00000
-0.08400 1722.00000
-0.08300 1713.00000
-0.08200 1705.00000
-0.08100 1697.00000
-0.08000 1688.00000
-0.07900 1680.00000
-0.07800 1671.00000
-0.07600 1654.00000
-0.07500 1645.00000
-0.07400 1636.00000
-0.07300 1627.00000
-0.07200 1618.00000
-0.07100 1609.00000
-0.07000 1599.00000
-0.06900 1590.00000
-0.06800 1581.00000
-0.06700 1571.00000
-0.06600 1561.00000
-0.06400 1542.00000
-0.06300 1532.00000
-0.06100 1511.00000
-0.06000 1501.00000
-0.05800 1480.00000
-0.05700 1469.00000
-0.05600 1458.00000
-0.05500 1447.00000
-0.05400 1436.00000
-0.05200 1414.00000
-0.05100 1402.00000
-0.05000 1390.00000
-0.04700 1354.00000
-0.04500 1329.00000
-0.04400 1317.00000
-0.04300 1304.00000
-0.04200 1291.00000
-0.04100 1277.00000
-0.04000 1264.00000
-0.03900 1250.00000
-0.03800 1236.00000
-0.03600 1208.00000
-0.03500 1193.00000
-0.03300 1163.00000
-0.03200 1147.00000
-0.02900 1099.00000
-0.02800 1082.00000
-0.02700 1065.00000
-0.02600 1048.00000
-0.02400 1012.00000
-0.02300 993.00000
-0.02200 974.00000
-0.02000 934.00000
-0.01900 914.00000
-0.01800 893.00000
-0.01700 871.00000
-0.01600 848.00000
-0.01500 825.00000
-0.01300 777.00000
-0.01200 751.00000
-0.01100 725.00000
-0.00900 668.00000
-0.00800 638.00000
-0.00700 607.00000
-0.00500 538.00000
-0.00400 501.00000
-0.00200 417.00000
-0.00100 368.00000
