-0.445 2104.500
-0.444 2102.500
-0.443 2101.000
-0.442 2099.500
-0.441 2097.500
-0.440 2096.000
-0.439 2094.500
-0.438 2092.500
-0.437 2091.000
-0.436 2089.000
-0.435 2087.500
-0.434 2086.000
-0.433 2084.000
-0.432 2082.500
-0.431 2081.000
-0.430 2079.000
-0.429 2077.500
-0.428 2075.500
-0.427 2074.000
-0.426 2072.000
-0.425 2070.500
-0.424 2069.000
-0.423 2067.000
-0.422 2065.500
-0.421 2063.500
-0.420 2062.000
-0.419 2060.000
-0.418 2058.500
-0.417 2056.500
-0.416 2055.000
-0.415 2053.500
-0.414 2051.500
-0.413 2050.000
-0.412 2048.000
-0.411 2046.500
-0.410 2044.500
-0.409 2043.000
-0.408 2041.000
-0.407 2039.500
-0.406 2037.500
-0.405 2035.500
-0.404 2034.000
-0.403 2032.000
-0.402 2030.500
-0.401 2028.500
-0.400 2027.000
-0.399 2025.000
-0.398 2023.500
-0.397 2021.500
-0.396 2019.500
-0.395 2018.000
-0.394 2016.000
-0.393 2014.500
-0.392 2012.500
-0.391 2010.500
-0.390 2009.000
-0.389 2007.000
-0.388 2005.500
-0.387 2003.500
-0.386 2001.500
-0.385 2000.000
-0.384 1998.000
-0.383 1996.000
-0.382 1994.500
-0.381 1992.500
-0.380 1990.500
-0.379 1989.000
-0.378 1987.000
-0.377 1985.000
-0.376 1983.500
-0.375 1981.500
-0.374 1979.500
-0.373 1978.000
-0.372 1976.000
-0.371 1974.000
-0.370 1972.000
-0.369 1970.500
-0.368 1968.500
-0.367 1966.500
-0.366 1964.500
-0.365 1963.000
-0.364 1961.000
-0.363 1959.000
-0.362 1957.000
-0.361 1955.500
-0.360 1953.500
-0.359 1951.500
-0.358 1949.500
-0.357 1947.500
-0.356 1945.500
-0.355 1944.000
-0.354 1942.000
-0.353 1940.000
-0.352 1938.000
-0.351 1936.000
-0.350 1934.000
-0.349 1932.000
-0.348 1930.500
-0.347 1928.500
-0.346 1926.500
-0.345 1924.500
-0.344 1922.500
-0.343 1920.500
-0.342 1918.500
-0.341 1916.500
-0.340 1914.500
-0.339 1912.500
-0.338 1910.500
-0.337 1908.500
-0.336 1906.500
-0.335 1904.500
-0.334 1902.500
-0.333 1900.500
-0.332 1898.500
-0.331 1896.500
-0.330 1894.500
-0.329 1892.500
-0.328 1890.500
-0.327 1888.500
-0.326 1886.500
-0.325 1884.500
-0.324 1882.500
-0.323 1880.500
-0.322 1878.500
-0.321 1876.500
-0.320 1874.500
-0.319 1872.500
-0.318 1870.500
-0.317 1868.000
-0.316 1866.000
-0.315 1864.000
-0.314 1862.000
-0.313 1860.000
-0.312 1858.000
-0.311 1856.000
-0.310 1853.500
-0.309 1851.500
-0.308 1849.500
-0.307 1847.500
-0.306 1845.500
-0.305 1843.000
-0.304 1841.000
-0.303 1839.000
-0.302 1837.000
-0.301 1834.500
-0.300 1832.500
-0.299 1830.500
-0.298 1828.000
-0.297 1826.000
-0.296 1824.000
-0.295 1821.500
-0.294 1819.500
-0.293 1817.500
-0.292 1815.000
-0.291 1813.000
-0.290 1811.000
-0.289 1808.500
-0.288 1806.500
-0.287 1804.000
-0.286 1802.000
-0.285 1800.000
-0.284 1797.500
-0.283 1795.500
-0.282 1793.000
-0.281 1791.000
-0.280 1788.500
-0.279 1786.500
-0.278 1784.000
-0.277 1782.000
-0.276 1779.500
-0.275 1777.500
-0.274 1775.000
-0.273 1773.000
-0.272 1770.500
-0.271 1768.000
-0.270 1766.000
-0.269 1763.500
-0.268 1761.500
-0.267 1759.000
-0.266 1756.500
-0.265 1754.500
-0.264 1752.000
-0.263 1749.667
-0.262 1747.500
-0.261 1745.000
-0.260 1742.500
-0.259 1740.000
-0.258 1738.000
-0.257 1735.333
-0.256 1733.000
-0.255 1730.667
-0.254 1728.000
-0.253 1726.000
-0.252 1723.333
-0.251 1721.000
-0.250 1718.667
-0.249 1716.000
-0.248 1713.500
-0.247 1711.500
-0.246 1709.000
-0.245 1706.333
-0.244 1704.000
-0.243 1701.333
-0.242 1699.000
-0.241 1696.333
-0.240 1694.000
-0.239 1691.333
-0.238 1689.000
-0.237 1686.333
-0.236 1684.000
-0.235 1681.333
-0.234 1679.000
-0.233 1676.000
-0.232 1673.667
-0.231 1671.000
-0.230 1668.667
-0.229 1666.000
-0.228 1663.333
-0.227 1661.000
-0.226 1658.000
-0.225 1655.667
-0.224 1653.000
-0.223 1650.333
-0.222 1647.667
-0.221 1645.000
-0.220 1642.333
-0.219 1639.667
-0.218 1637.000
-0.217 1634.333
-0.216 1631.667
-0.215 1629.000
-0.214 1626.000
-0.213 1623.333
-0.212 1620.667
-0.211 1618.000
-0.210 1615.333
-0.209 1612.333
-0.208 1609.667
-0.207 1607.000
-0.206 1604.000
-0.205 1601.333
-0.204 1598.667
-0.203 1595.667
-0.202 1593.000
-0.201 1590.000
-0.200 1587.333
-0.199 1584.333
-0.198 1581.333
-0.197 1578.667
-0.196 1575.667
-0.195 1573.000
-0.194 1570.000
-0.193 1567.000
-0.192 1564.000
-0.191 1561.000
-0.190 1558.000
-0.189 1555.000
-0.188 1552.000
-0.187 1549.000
-0.186 1546.000
-0.185 1543.000
-0.184 1540.000
-0.183 1537.000
-0.182 1534.000
-0.181 1531.000
-0.180 1528.000
-0.179 1525.000
-0.178 1521.667
-0.177 1518.667
-0.176 1515.333
-0.175 1512.333
-0.174 1509.000
-0.173 1506.000
-0.172 1502.667
-0.171 1499.667
-0.170 1496.333
-0.169 1493.000
-0.168 1490.000
-0.167 1486.667
-0.166 1483.333
-0.165 1480.000
-0.164 1476.667
-0.163 1473.333
-0.162 1470.000
-0.161 1466.667
-0.160 1463.333
-0.159 1460.000
-0.158 1456.667
-0.157 1453.333
-0.156 1450.000
-0.155 1446.333
-0.154 1443.000
-0.153 1439.333
-0.152 1436.000
-0.151 1432.333
-0.150 1429.000
-0.149 1425.333
-0.148 1421.667
-0.147 1418.333
-0.146 1414.667
-0.145 1411.000
-0.144 1407.333
-0.143 1403.667
-0.142 1400.000
-0.141 1396.333
-0.140 1392.667
-0.139 1389.000
-0.138 1385.000
-0.137 1381.333
-0.136 1377.667
-0.135 1373.667
-0.134 1370.000
-0.133 1366.000
-0.132 1362.000
-0.131 1358.333
-0.130 1354.333
-0.129 1350.333
-0.128 1346.333
-0.127 1342.333
-0.126 1338.333
-0.125 1334.333
-0.124 1330.333
-0.123 1326.000
-0.122 1322.000
-0.121 1318.000
-0.120 1313.667
-0.119 1309.500
-0.118 1305.333
-0.117 1301.000
-0.116 1296.667
-0.115 1292.333
-0.114 1288.000
-0.113 1283.667
-0.112 1279.333
-0.111 1275.000
-0.110 1270.333
-0.109 1266.000
-0.108 1261.333
-0.107 1257.000
-0.106 1252.250
-0.105 1247.667
-0.104 1243.000
-0.103 1238.250
-0.102 1233.667
-0.101 1229.000
-0.100 1224.000
-0.099 1219.250
-0.098 1214.333
-0.097 1209.500
-0.096 1204.500
-0.095 1199.500
-0.094 1194.500
-0.093 1189.500
-0.092 1184.500
-0.091 1179.250
-0.090 1174.000
-0.089 1169.000
-0.088 1163.750
-0.087 1158.250
-0.086 1153.000
-0.085 1147.500
-0.084 1142.250
-0.083 1136.750
-0.082 1131.250
-0.081 1125.500
-0.080 1120.000
-0.079 1114.250
-0.078 1108.500
-0.077 1102.750
-0.076 1096.750
-0.075 1091.000
-0.074 1085.000
-0.073 1079.000
-0.072 1073.000
-0.071 1066.750
-0.070 1060.500
-0.069 1054.250
-0.068 1048.000
-0.067 1041.500
-0.066 1035.000
-0.065 1028.500
-0.064 1022.000
-0.063 1015.250
-0.062 1008.500
-0.061 1001.800
-0.060 994.750
-0.059 987.750
-0.058 980.800
-0.057 973.600
-0.056 966.400
-0.055 959.000
-0.054 951.750
-0.053 944.200
-0.052 936.600
-0.051 929.000
-0.050 921.000
-0.049 913.200
-0.048 905.200
-0.047 897.000
-0.046 888.800
-0.045 880.500
-0.044 872.000
-0.043 863.400
-0.042 854.667
-0.041 845.833
-0.040 836.833
-0.039 827.667
-0.038 818.400
-0.037 809.000
-0.036 799.400
-0.035 789.667
-0.034 779.667
-0.033 769.667
-0.032 759.333
-0.031 748.833
-0.030 738.167
-0.029 727.286
-0.028 716.143
-0.027 704.857
-0.026 693.286
-0.025 681.429
-0.024 669.333
-0.023 657.000
-0.022 644.286
-0.021 631.286
-0.020 618.000
-0.019 604.375
-0.018 590.375
-0.017 576.000
-0.016 561.125
-0.015 545.778
-0.014 530.000
-0.013 513.667
-0.012 496.800
-0.011 479.300
-0.010 461.100
-0.009 442.091
-0.008 422.200
-0.007 401.417
-0.006 379.500
-0.005 356.250
-0.004 331.500
-0.003 304.938
-0.002 276.000
-0.001 244.000
