-0.0840 2096.0000
-0.0835 2091.0000
-0.0830 2086.0000
-0.0825 2081.0000
-0.0820 2076.0000
-0.0815 2071.0000
-0.0810 2066.0000
-0.0805 2061.0000
-0.0800 2056.0000
-0.0795 2051.0000
-0.0790 2046.0000
-0.0775 2030.0000
-0.0770 2025.0000
-0.0765 2020.0000
-0.0755 2009.0000
-0.0750 2004.0000
-0.0740 1993.0000
-0.0735 1988.0000
-0.0730 1982.0000
-0.0725 1977.0000
-0.0720 1971.0000
-0.0715 1966.0000
-0.0710 1960.0000
-0.0705 1955.0000
-0.0700 1949.0000
-0.0695 1943.0000
-0.0690 1938.0000
-0.0685 1932.0000
-0.0680 1926.0000
-0.0670 1915.0000
-0.0665 1909.0000
-0.0660 1903.0000
-0.0655 1897.0000
-0.0650 1891.0000
-0.0645 1885.0000
-0.0640 1879.0000
-0.0635 1873.0000
-0.0630 1867.0000
-0.0625 1861.0000
-0.0620 1855.0000
-0.0615 1849.0000
-0.0610 1843.0000
-0.0605 1837.0000
-0.0600 1830.0000
-0.0590 1818.0000
-0.0585 1811.0000
-0.0580 1805.0000
-0.0575 1798.0000
-0.0570 1792.0000
-0.0565 1785.0000
-0.0560 1779.0000
-0.0555 1772.0000
-0.0550 1766.0000
-0.0545 1759.0000
-0.0540 1752.0000
-0.0535 1745.0000
-0.0530 1739.0000
-0.0525 1732.0000
-0.0520 1725.0000
-0.0515 1718.0000
-0.0510 1711.0000
-0.0505 1704.0000
-0.0500 1697.0000
-0.0495 1690.0000
-0.0485 1675.0000
-0.0480 1668.0000
-0.0475 1661.0000
-0.0470 1653.0000
-0.0465 1646.0000
-0.0460 1638.0000
-0.0455 1631.0000
-0.0450 1623.0000
-0.0445 1615.0000
-0.0440 1608.0000
-0.0435 1600.0000
-0.0430 1592.0000
-0.0425 1584.0000
-0.0420 1576.0000
-0.0415 1568.0000
-0.0410 1560.0000
-0.0400 1544.0000
-0.0390 1527.0000
-0.0385 1519.0000
-0.0380 1510.0000
-0.0375 1502.0000
-0.0370 1493.0000
-0.0365 1484.0000
-0.0360 1476.0000
-0.0355 1467.0000
-0.0350 1458.0000
-0.0345 1449.0000
-0.0340 1440.0000
-0.0330 1421.0000
-0.0310 1383.0000
-0.0305 1374.0000
-0.0300 1364.0000
-0.0290 1344.0000
-0.0285 1334.0000
-0.0280 1324.0000
-0.0275 1313.0000
-0.0270 1303.0000
-0.0265 1292.0000
-0.0260 1282.0000
-0.0255 1271.0000
-0.0250 1260.0000
-0.0240 1238.0000
-0.0230 1215.0000
-0.0220 1192.0000
-0.0210 1168.0000
-0.0205 1156.0000
-0.0195 1131.0000
-0.0190 1118.0000
-0.0180 1093.0000
-0.0175 1079.0000
-0.0170 1066.0000
-0.0165 1052.0000
-0.0160 1039.0000
-0.0155 1025.0000
-0.0140 981.0000
-0.0135 966.0000
-0.0130 951.0000
-0.0120 920.0000
-0.0115 904.0000
-0.0110 887.0000
-0.0095 836.0000
-0.0090 818.0000
-0.0085 800.0000
-0.0075 762.0000
-0.0070 743.0000
-0.0065 723.0000
-0.0060 702.0000
-0.0055 681.0000
-0.0050 659.0000
-0.0040 612.0000
-0.0035 588.0000
-0.0030 563.0000
-0.0025 537.0000
-0.0020 509.0000
-0.0015 480.0000
-0.0010 450.0000
