-0.1110 2084.0000
-0.1100 2077.0000
-0.1090 2070.0000
-0.1070 2055.0000
-0.1060 2048.0000
-0.1050 2040.0000
-0.1040 2033.0000
-0.1030 2025.0000
-0.1010 2010.0000
-0.1000 2002.0000
-0.0990 1994.0000
-0.0960 1971.0000
-0.0930 1946.0000
-0.0920 1938.0000
-0.0910 1930.0000
-0.0890 1913.0000
-0.0870 1896.0000
-0.0860 1887.0000
-0.0840 1870.0000
-0.0830 1861.0000
-0.0820 1852.0000
-0.0810 1843.0000
-0.0800 1834.0000
-0.0780 1815.0000
-0.0770 1806.0000
-0.0760 1796.0000
-0.0750 1787.0000
-0.0740 1777.0000
-0.0730 1767.0000
-0.0690 1727.0000
-0.0680 1717.0000
-0.0670 1707.0000
-0.0660 1696.0000
-0.0650 1686.0000
-0.0640 1675.0000
-0.0630 1664.0000
-0.0620 1653.0000
-0.0610 1642.0000
-0.0600 1631.0000
-0.0590 1620.0000
-0.0580 1608.0000
-0.0560 1585.0000
-0.0550 1573.0000
-0.0540 1561.0000
-0.0530 1549.0000
-0.0520 1536.0000
-0.0510 1524.0000
-0.0500 1511.0000
-0.0490 1498.0000
-0.0480 1485.0000
-0.0470 1472.0000
-0.0460 1459.0000
-0.0450 1445.0000
-0.0440 1431.0000
-0.0430 1417.0000
-0.0420 1403.0000
-0.0410 1389.0000
-0.0400 1374.0000
-0.0390 1359.0000
-0.0380 1344.0000
-0.0370 1329.0000
-0.0350 1297.0000
-0.0340 1281.0000
-0.0320 1248.0000
-0.0300 1213.0000
-0.0290 1195.0000
-0.0280 1177.0000
-0.0270 1159.0000
-0.0260 1140.0000
-0.0250 1120.0000
-0.0230 1080.0000
-0.0210 1038.0000
-0.0170 947.0000
-0.0160 923.0000
-0.0150 898.0000
-0.0140 872.0000
-0.0130 845.0000
-0.0120 817.0000
-0.0110 788.0000
-0.0100 758.0000
-0.0090 727.0000
-0.0080 694.0000
-0.0070 660.0000
-0.0060 624.0000
-0.0030 501.0000
-0.0020 453.0000
-0.0010 400.0000
