-0.2330 2097.0000
-0.2320 2093.0000
-0.2310 2090.0000
-0.2300 2087.0000
-0.2290 2084.0000
-0.2270 2077.0000
-0.2260 2074.0000
-0.2250 2071.0000
-0.2230 2064.0000
-0.2220 2061.0000
-0.2210 2058.0000
-0.2200 2054.0000
-0.2190 2051.0000
-0.2180 2048.0000
-0.2170 2044.0000
-0.2160 2041.0000
-0.2140 2034.0000
-0.2130 2031.0000
-0.2120 2027.0000
-0.2110 2024.0000
-0.2090 2017.0000
-0.2070 2010.0000
-0.2060 2007.0000
-0.2050 2003.0000
-0.2040 2000.0000
-0.2030 1996.0000
-0.2010 1989.0000
-0.1990 1982.0000
-0.1980 1978.0000
-0.1970 1975.0000
-0.1960 1971.0000
-0.1940 1964.0000
-0.1930 1960.0000
-0.1910 1953.0000
-0.1900 1949.0000
-0.1880 1942.0000
-0.1870 1938.0000
-0.1860 1934.0000
-0.1840 1927.0000
-0.1830 1923.0000
-0.1820 1919.0000
-0.1810 1915.0000
-0.1800 1911.0000
-0.1780 1904.0000
-0.1770 1900.0000
-0.1760 1896.0000
-0.1750 1892.0000
-0.1740 1888.0000
-0.1730 1884.0000
-0.1720 1880.0000
-0.1710 1876.0000
-0.1700 1872.0000
-0.1690 1868.0000
-0.1680 1864.0000
-0.1670 1860.0000
-0.1660 1856.0000
-0.1650 1852.0000
-0.1640 1848.0000
-0.1620 1839.0000
-0.1610 1835.0000
-0.1600 1831.0000
-0.1590 1827.0000
-0.1570 1818.0000
-0.1560 1814.0000
-0.1550 1810.0000
-0.1540 1805.0000
-0.1530 1801.0000
-0.1520 1797.0000
-0.1510 1792.0000
-0.1500 1788.0000
-0.1480 1779.0000
-0.1460 1770.0000
-0.1440 1761.0000
-0.1430 1756.0000
-0.1420 1752.0000
-0.1410 1747.0000
-0.1390 1738.0000
-0.1380 1733.0000
-0.1360 1724.0000
-0.1350 1719.0000
-0.1340 1714.0000
-0.1330 1709.0000
-0.1310 1700.0000
-0.1300 1695.0000
-0.1290 1690.0000
-0.1280 1685.0000
-0.1270 1680.0000
-0.1260 1675.0000
-0.1250 1670.0000
-0.1240 1665.0000
-0.1220 1654.0000
-0.1210 1649.0000
-0.1200 1644.0000
-0.1190 1639.0000
-0.1170 1628.0000
-0.1160 1623.0000
-0.1140 1612.0000
-0.1120 1601.0000
-0.1100 1590.0000
-0.1090 1584.0000
-0.1080 1579.0000
-0.1070 1573.0000
-0.1060 1567.0000
-0.1040 1556.0000
-0.1030 1550.0000
-0.1020 1544.0000
-0.1010 1538.0000
-0.1000 1532.0000
-0.0990 1526.0000
-0.0980 1520.0000
-0.0970 1514.0000
-0.0960 1508.0000
-0.0940 1495.0000
-0.0930 1489.0000
-0.0920 1483.0000
-0.0910 1476.0000
-0.0900 1470.0000
-0.0890 1463.0000
-0.0880 1457.0000
-0.0870 1450.0000
-0.0850 1437.0000
-0.0840 1430.0000
-0.0830 1423.0000
-0.0820 1416.0000
-0.0810 1409.0000
-0.0800 1402.0000
-0.0790 1395.0000
-0.0780 1388.0000
-0.0760 1373.0000
-0.0750 1366.0000
-0.0730 1351.0000
-0.0720 1343.0000
-0.0710 1336.0000
-0.0700 1328.0000
-0.0690 1320.0000
-0.0680 1312.0000
-0.0670 1304.0000
-0.0660 1296.0000
-0.0640 1280.0000
-0.0630 1271.0000
-0.0620 1263.0000
-0.0600 1246.0000
-0.0590 1237.0000
-0.0580 1228.0000
-0.0570 1219.0000
-0.0560 1210.0000
-0.0550 1201.0000
-0.0540 1192.0000
-0.0510 1163.0000
-0.0500 1154.0000
-0.0490 1144.0000
-0.0480 1134.0000
-0.0470 1124.0000
-0.0460 1113.0000
-0.0450 1103.0000
-0.0440 1092.0000
-0.0420 1071.0000
-0.0410 1060.0000
-0.0400 1048.0000
-0.0390 1037.0000
-0.0380 1025.0000
-0.0350 989.0000
-0.0340 977.0000
-0.0330 964.0000
-0.0320 951.0000
-0.0310 938.0000
-0.0300 925.0000
-0.0290 911.0000
-0.0280 897.0000
-0.0270 883.0000
-0.0260 869.0000
-0.0250 854.0000
-0.0240 839.0000
-0.0230 823.0000
-0.0220 807.0000
-0.0200 774.0000
-0.0190 757.0000
-0.0180 740.0000
-0.0170 722.0000
-0.0150 684.0000
-0.0140 664.0000
-0.0130 644.0000
-0.0110 601.0000
-0.0100 578.0000
-0.0090 554.0000
-0.0080 529.0000
-0.0070 503.0000
-0.0060 475.0000
-0.0050 446.0000
-0.0040 415.0000
-0.0030 382.0000
-0.0010 305.0000
