-0.3150 2097.0000
-0.3140 2095.0000
-0.3130 2093.0000
-0.3120 2090.0000
-0.3110 2088.0000
-0.3100 2086.0000
-0.3090 2083.0000
-0.3080 2081.0000
-0.3070 2078.0000
-0.3060 2076.0000
-0.3050 2074.0000
-0.3040 2071.0000
-0.3030 2069.0000
-0.3020 2067.0000
-0.3010 2064.0000
-0.3000 2062.0000
-0.2990 2059.0000
-0.2980 2057.0000
-0.2960 2052.0000
-0.2950 2050.0000
-0.2940 2047.0000
-0.2930 2045.0000
-0.2920 2042.0000
-0.2910 2040.0000
-0.2900 2037.0000
-0.2890 2035.0000
-0.2880 2032.0000
-0.2870 2030.0000
-0.2860 2027.0000
-0.2850 2025.0000
-0.2840 2022.0000
-0.2830 2020.0000
-0.2820 2017.0000
-0.2810 2015.0000
-0.2800 2012.0000
-0.2790 2010.0000
-0.2780 2007.0000
-0.2770 2005.0000
-0.2760 2002.0000
-0.2750 2000.0000
-0.2740 1997.0000
-0.2730 1995.0000
-0.2720 1992.0000
-0.2710 1989.0000
-0.2700 1987.0000
-0.2690 1984.0000
-0.2680 1982.0000
-0.2670 1979.0000
-0.2660 1976.0000
-0.2650 1974.0000
-0.2640 1971.0000
-0.2630 1969.0000
-0.2620 1966.0000
-0.2610 1963.0000
-0.2600 1961.0000
-0.2590 1958.0000
-0.2580 1955.0000
-0.2570 1953.0000
-0.2560 1950.0000
-0.2550 1947.0000
-0.2540 1945.0000
-0.2530 1942.0000
-0.2520 1939.0000
-0.2510 1936.0000
-0.2500 1934.0000
-0.2490 1931.0000
-0.2480 1928.0000
-0.2470 1925.0000
-0.2460 1923.0000
-0.2450 1920.0000
-0.2440 1917.0000
-0.2430 1914.0000
-0.2420 1912.0000
-0.2410 1909.0000
-0.2400 1906.0000
-0.2390 1903.0000
-0.2380 1900.0000
-0.2360 1895.0000
-0.2350 1892.0000
-0.2340 1889.0000
-0.2330 1886.0000
-0.2320 1883.0000
-0.2310 1880.0000
-0.2300 1877.0000
-0.2280 1872.0000
-0.2270 1869.0000
-0.2260 1866.0000
-0.2250 1863.0000
-0.2240 1860.0000
-0.2230 1857.0000
-0.2220 1854.0000
-0.2210 1851.0000
-0.2200 1848.0000
-0.2190 1845.0000
-0.2180 1842.0000
-0.2170 1839.0000
-0.2160 1836.0000
-0.2150 1833.0000
-0.2140 1830.0000
-0.2130 1827.0000
-0.2120 1824.0000
-0.2110 1821.0000
-0.2090 1814.0000
-0.2080 1811.0000
-0.2070 1808.0000
-0.2060 1805.0000
-0.2050 1802.0000
-0.2040 1799.0000
-0.2030 1796.0000
-0.2020 1792.0000
-0.2010 1789.0000
-0.2000 1786.0000
-0.1990 1783.0000
-0.1970 1776.0000
-0.1960 1773.0000
-0.1950 1770.0000
-0.1930 1763.0000
-0.1920 1760.0000
-0.1910 1757.0000
-0.1900 1753.0000
-0.1890 1750.0000
-0.1880 1747.0000
-0.1870 1743.0000
-0.1860 1740.0000
-0.1840 1733.0000
-0.1830 1730.0000
-0.1820 1726.0000
-0.1810 1723.0000
-0.1800 1719.0000
-0.1790 1716.0000
-0.1780 1712.0000
-0.1770 1709.0000
-0.1760 1705.0000
-0.1750 1702.0000
-0.1740 1698.0000
-0.1730 1695.0000
-0.1720 1691.0000
-0.1700 1684.0000
-0.1690 1680.0000
-0.1680 1677.0000
-0.1670 1673.0000
-0.1660 1669.0000
-0.1640 1662.0000
-0.1630 1658.0000
-0.1620 1654.0000
-0.1610 1651.0000
-0.1600 1647.0000
-0.1590 1643.0000
-0.1580 1639.0000
-0.1570 1635.0000
-0.1550 1628.0000
-0.1540 1624.0000
-0.1530 1620.0000
-0.1520 1616.0000
-0.1510 1612.0000
-0.1500 1608.0000
-0.1490 1604.0000
-0.1480 1600.0000
-0.1470 1596.0000
-0.1460 1592.0000
-0.1450 1588.0000
-0.1440 1584.0000
-0.1430 1580.0000
-0.1410 1571.0000
-0.1400 1567.0000
-0.1390 1563.0000
-0.1380 1559.0000
-0.1360 1550.0000
-0.1350 1546.0000
-0.1340 1542.0000
-0.1330 1537.0000
-0.1320 1533.0000
-0.1300 1524.0000
-0.1290 1520.0000
-0.1280 1515.0000
-0.1270 1511.0000
-0.1260 1506.0000
-0.1250 1502.0000
-0.1240 1497.0000
-0.1220 1488.0000
-0.1210 1483.0000
-0.1190 1474.0000
-0.1180 1469.0000
-0.1170 1464.0000
-0.1160 1459.0000
-0.1140 1450.0000
-0.1130 1445.0000
-0.1120 1440.0000
-0.1110 1435.0000
-0.1100 1430.0000
-0.1090 1425.0000
-0.1080 1420.0000
-0.1060 1409.0000
-0.1050 1404.0000
-0.1040 1399.0000
-0.1030 1394.0000
-0.1020 1388.0000
-0.1010 1383.0000
-0.1000 1378.0000
-0.0990 1372.0000
-0.0980 1367.0000
-0.0970 1361.0000
-0.0960 1356.0000
-0.0950 1350.0000
-0.0930 1339.0000
-0.0920 1333.0000
-0.0910 1327.0000
-0.0890 1316.0000
-0.0880 1310.0000
-0.0870 1304.0000
-0.0860 1298.0000
-0.0850 1292.0000
-0.0820 1273.0000
-0.0810 1267.0000
-0.0790 1254.0000
-0.0780 1248.0000
-0.0770 1241.0000
-0.0750 1228.0000
-0.0740 1221.0000
-0.0720 1208.0000
-0.0710 1201.0000
-0.0700 1194.0000
-0.0690 1187.0000
-0.0680 1180.0000
-0.0660 1165.0000
-0.0650 1158.0000
-0.0640 1150.0000
-0.0630 1143.0000
-0.0620 1135.0000
-0.0610 1128.0000
-0.0600 1120.0000
-0.0580 1104.0000
-0.0570 1096.0000
-0.0560 1088.0000
-0.0550 1080.0000
-0.0540 1071.0000
-0.0530 1063.0000
-0.0520 1054.0000
-0.0510 1046.0000
-0.0500 1037.0000
-0.0470 1010.0000
-0.0460 1001.0000
-0.0450 991.0000
-0.0440 982.0000
-0.0420 962.0000
-0.0410 952.0000
-0.0400 942.0000
-0.0390 932.0000
-0.0380 921.0000
-0.0370 911.0000
-0.0340 878.0000
-0.0320 855.0000
-0.0310 843.0000
-0.0290 819.0000
-0.0280 806.0000
-0.0250 767.0000
-0.0230 740.0000
-0.0220 725.0000
-0.0210 711.0000
-0.0200 696.0000
-0.0180 665.0000
-0.0170 648.0000
-0.0160 632.0000
-0.0140 597.0000
-0.0130 578.0000
-0.0120 559.0000
-0.0100 519.0000
-0.0090 498.0000
-0.0080 475.0000
-0.0070 452.0000
-0.0060 427.0000
-0.0050 401.0000
-0.0040 373.0000
-0.0030 343.0000
