-0.0460 2097.0000
-0.0445 2062.0000
-0.0440 2052.0000
-0.0435 2042.0000
-0.0430 2032.0000
-0.0425 2021.0000
-0.0415 2004.0000
-0.0410 1998.0000
-0.0405 1985.0000
-0.0400 1974.0000
-0.0385 1941.0000
-0.0380 1928.0000
-0.0375 1917.0000
-0.0365 1901.0000
-0.0355 1876.0000
-0.0350 1865.0000
-0.0345 1853.0000
-0.0340 1837.0000
-0.0330 1823.0000
-0.0325 1809.0000
-0.0320 1797.0000
-0.0315 1784.0000
-0.0310 1765.0000
-0.0305 1764.0000
-0.0300 1751.0000
-0.0290 1723.0000
-0.0285 1708.0000
-0.0280 1696.0000
-0.0260 1642.0000
-0.0255 1633.0000
-0.0250 1621.0000
-0.0245 1603.0000
-0.0240 1588.0000
-0.0235 1575.0000
-0.0225 1547.0000
-0.0210 1503.0000
-0.0205 1486.0000
-0.0200 1470.0000
-0.0195 1458.0000
-0.0190 1438.0000
-0.0185 1422.0000
-0.0180 1407.0000
-0.0175 1387.0000
-0.0170 1378.0000
-0.0165 1357.0000
-0.0160 1336.0000
-0.0155 1320.0000
-0.0150 1297.0000
-0.0145 1284.0000
-0.0140 1260.0000
-0.0135 1248.0000
-0.0130 1225.0000
-0.0125 1208.0000
-0.0120 1192.0000
-0.0115 1160.0000
-0.0110 1145.0000
-0.0105 1131.0000
-0.0100 1102.0000
-0.0095 1075.0000
-0.0090 1050.0000
-0.0085 1028.0000
-0.0080 1002.0000
-0.0075 980.0000
-0.0070 958.0000
-0.0065 938.0000
-0.0060 900.0000
-0.0055 882.0000
-0.0050 848.0000
-0.0045 816.0000
-0.0040 787.0000
-0.0035 760.0000
-0.0030 723.0000
-0.0025 689.0000
-0.0020 658.0000
-0.0015 617.0000
-0.0010 580.0000
