-0.0700 2094.0000
-0.0695 2088.0000
-0.0690 2082.0000
-0.0685 2076.0000
-0.0675 2063.0000
-0.0670 2057.0000
-0.0665 2051.0000
-0.0660 2045.0000
-0.0655 2038.0000
-0.0650 2032.0000
-0.0645 2026.0000
-0.0640 2019.0000
-0.0635 2013.0000
-0.0630 2006.0000
-0.0625 2000.0000
-0.0620 1994.0000
-0.0610 1980.0000
-0.0605 1974.0000
-0.0600 1967.0000
-0.0595 1960.0000
-0.0585 1947.0000
-0.0580 1940.0000
-0.0565 1919.0000
-0.0560 1912.0000
-0.0555 1905.0000
-0.0545 1891.0000
-0.0540 1884.0000
-0.0535 1876.0000
-0.0530 1869.0000
-0.0525 1862.0000
-0.0520 1854.0000
-0.0515 1847.0000
-0.0510 1839.0000
-0.0505 1832.0000
-0.0495 1817.0000
-0.0490 1809.0000
-0.0485 1801.0000
-0.0480 1794.0000
-0.0475 1786.0000
-0.0470 1778.0000
-0.0465 1770.0000
-0.0460 1762.0000
-0.0455 1754.0000
-0.0450 1746.0000
-0.0440 1729.0000
-0.0435 1721.0000
-0.0420 1696.0000
-0.0415 1687.0000
-0.0410 1678.0000
-0.0405 1670.0000
-0.0400 1661.0000
-0.0385 1633.0000
-0.0380 1625.0000
-0.0375 1616.0000
-0.0370 1607.0000
-0.0365 1597.0000
-0.0360 1588.0000
-0.0355 1578.0000
-0.0345 1559.0000
-0.0335 1540.0000
-0.0330 1530.0000
-0.0325 1520.0000
-0.0320 1510.0000
-0.0315 1499.0000
-0.0310 1489.0000
-0.0305 1479.0000
-0.0300 1469.0000
-0.0295 1458.0000
-0.0290 1447.0000
-0.0280 1425.0000
-0.0275 1414.0000
-0.0270 1403.0000
-0.0260 1380.0000
-0.0250 1357.0000
-0.0245 1345.0000
-0.0240 1333.0000
-0.0230 1309.0000
-0.0225 1297.0000
-0.0220 1284.0000
-0.0200 1232.0000
-0.0190 1205.0000
-0.0185 1192.0000
-0.0175 1163.0000
-0.0165 1134.0000
-0.0160 1119.0000
-0.0150 1089.0000
-0.0145 1073.0000
-0.0140 1057.0000
-0.0135 1041.0000
-0.0130 1025.0000
-0.0125 1008.0000
-0.0120 991.0000
-0.0115 974.0000
-0.0105 938.0000
-0.0100 919.0000
-0.0090 882.0000
-0.0085 862.0000
-0.0075 821.0000
-0.0060 756.0000
-0.0050 710.0000
-0.0045 685.0000
-0.0040 660.0000
-0.0035 634.0000
-0.0030 606.0000
-0.0025 578.0000
-0.0020 548.0000
-0.0015 517.0000
-0.0010 484.0000
-0.0005 449.0000
