-0.4420 2099.0000
-0.4410 2097.0000
-0.4400 2096.0000
-0.4390 2094.0000
-0.4380 2092.0000
-0.4370 2091.0000
-0.4360 2089.0000
-0.4350 2087.0000
-0.4340 2086.0000
-0.4330 2084.0000
-0.4320 2082.0000
-0.4310 2081.0000
-0.4300 2079.0000
-0.4290 2077.0000
-0.4280 2075.0000
-0.4270 2074.0000
-0.4260 2072.0000
-0.4250 2070.0000
-0.4240 2069.0000
-0.4230 2067.0000
-0.4220 2065.0000
-0.4210 2063.0000
-0.4200 2062.0000
-0.4190 2060.0000
-0.4180 2058.0000
-0.4170 2056.0000
-0.4160 2055.0000
-0.4150 2053.0000
-0.4140 2051.0000
-0.4130 2050.0000
-0.4120 2048.0000
-0.4110 2046.0000
-0.4100 2044.0000
-0.4090 2043.0000
-0.4080 2041.0000
-0.4070 2039.0000
-0.4060 2037.0000
-0.4050 2035.0000
-0.4040 2034.0000
-0.4030 2032.0000
-0.4020 2030.0000
-0.4010 2028.0000
-0.4000 2027.0000
-0.3990 2025.0000
-0.3980 2023.0000
-0.3970 2021.0000
-0.3960 2019.0000
-0.3950 2018.0000
-0.3940 2016.0000
-0.3930 2014.0000
-0.3920 2012.0000
-0.3910 2010.0000
-0.3900 2009.0000
-0.3890 2007.0000
-0.3880 2005.0000
-0.3870 2003.0000
-0.3860 2001.0000
-0.3850 2000.0000
-0.3840 1998.0000
-0.3830 1996.0000
-0.3820 1994.0000
-0.3810 1992.0000
-0.3800 1990.0000
-0.3790 1989.0000
-0.3780 1987.0000
-0.3770 1985.0000
-0.3760 1983.0000
-0.3750 1981.0000
-0.3740 1979.0000
-0.3730 1978.0000
-0.3720 1976.0000
-0.3710 1974.0000
-0.3700 1972.0000
-0.3690 1970.0000
-0.3680 1968.0000
-0.3670 1966.0000
-0.3660 1964.0000
-0.3650 1963.0000
-0.3640 1961.0000
-0.3630 1959.0000
-0.3620 1957.0000
-0.3610 1955.0000
-0.3600 1953.0000
-0.3590 1951.0000
-0.3580 1949.0000
-0.3570 1947.0000
-0.3560 1945.0000
-0.3550 1944.0000
-0.3540 1942.0000
-0.3530 1940.0000
-0.3520 1938.0000
-0.3510 1936.0000
-0.3500 1934.0000
-0.3490 1932.0000
-0.3480 1930.0000
-0.3470 1928.0000
-0.3460 1926.0000
-0.3450 1924.0000
-0.3440 1922.0000
-0.3430 1920.0000
-0.3420 1918.0000
-0.3410 1916.0000
-0.3400 1914.0000
-0.3390 1912.0000
-0.3380 1910.0000
-0.3370 1908.0000
-0.3360 1906.0000
-0.3350 1904.0000
-0.3340 1902.0000
-0.3330 1900.0000
-0.3320 1898.0000
-0.3310 1896.0000
-0.3300 1894.0000
-0.3290 1892.0000
-0.3280 1890.0000
-0.3270 1888.0000
-0.3260 1886.0000
-0.3250 1884.0000
-0.3240 1882.0000
-0.3230 1880.0000
-0.3220 1878.0000
-0.3210 1876.0000
-0.3200 1874.0000
-0.3190 1872.0000
-0.3180 1870.0000
-0.3170 1868.0000
-0.3160 1866.0000
-0.3150 1864.0000
-0.3140 1862.0000
-0.3130 1860.0000
-0.3120 1858.0000
-0.3110 1856.0000
-0.3100 1853.0000
-0.3090 1851.0000
-0.3080 1849.0000
-0.3070 1847.0000
-0.3060 1845.0000
-0.3050 1843.0000
-0.3040 1841.0000
-0.3030 1839.0000
-0.3010 1834.0000
-0.3000 1832.0000
-0.2990 1830.0000
-0.2980 1828.0000
-0.2970 1826.0000
-0.2960 1824.0000
-0.2950 1821.0000
-0.2940 1819.0000
-0.2930 1817.0000
-0.2920 1815.0000
-0.2910 1813.0000
-0.2900 1811.0000
-0.2890 1808.0000
-0.2880 1806.0000
-0.2870 1804.0000
-0.2860 1802.0000
-0.2850 1800.0000
-0.2840 1797.0000
-0.2830 1795.0000
-0.2820 1793.0000
-0.2810 1791.0000
-0.2800 1788.0000
-0.2790 1786.0000
-0.2780 1784.0000
-0.2770 1782.0000
-0.2760 1779.0000
-0.2750 1777.0000
-0.2740 1775.0000
-0.2720 1770.0000
-0.2710 1768.0000
-0.2700 1766.0000
-0.2690 1763.0000
-0.2680 1761.0000
-0.2670 1759.0000
-0.2660 1756.0000
-0.2650 1754.0000
-0.2640 1752.0000
-0.2630 1749.0000
-0.2620 1747.0000
-0.2610 1745.0000
-0.2600 1742.0000
-0.2590 1740.0000
-0.2580 1738.0000
-0.2570 1735.0000
-0.2560 1733.0000
-0.2550 1730.0000
-0.2540 1728.0000
-0.2530 1726.0000
-0.2520 1723.0000
-0.2510 1721.0000
-0.2500 1718.0000
-0.2490 1716.0000
-0.2480 1713.0000
-0.2470 1711.0000
-0.2460 1709.0000
-0.2450 1706.0000
-0.2440 1704.0000
-0.2430 1701.0000
-0.2420 1699.0000
-0.2410 1696.0000
-0.2400 1694.0000
-0.2390 1691.0000
-0.2380 1689.0000
-0.2370 1686.0000
-0.2360 1684.0000
-0.2350 1681.0000
-0.2330 1676.0000
-0.2320 1673.0000
-0.2310 1671.0000
-0.2300 1668.0000
-0.2290 1666.0000
-0.2280 1663.0000
-0.2260 1658.0000
-0.2250 1655.0000
-0.2240 1653.0000
-0.2230 1650.0000
-0.2220 1647.0000
-0.2210 1645.0000
-0.2200 1642.0000
-0.2190 1639.0000
-0.2180 1637.0000
-0.2170 1634.0000
-0.2160 1631.0000
-0.2150 1629.0000
-0.2140 1626.0000
-0.2130 1623.0000
-0.2110 1618.0000
-0.2100 1615.0000
-0.2090 1612.0000
-0.2070 1607.0000
-0.2060 1604.0000
-0.2050 1601.0000
-0.2040 1598.0000
-0.2020 1593.0000
-0.2010 1590.0000
-0.2000 1587.0000
-0.1990 1584.0000
-0.1980 1581.0000
-0.1970 1578.0000
-0.1950 1573.0000
-0.1940 1570.0000
-0.1930 1567.0000
-0.1920 1564.0000
-0.1910 1561.0000
-0.1900 1558.0000
-0.1890 1555.0000
-0.1880 1552.0000
-0.1870 1549.0000
-0.1860 1546.0000
-0.1850 1543.0000
-0.1840 1540.0000
-0.1830 1537.0000
-0.1820 1534.0000
-0.1810 1531.0000
-0.1800 1528.0000
-0.1770 1518.0000
-0.1760 1515.0000
-0.1750 1512.0000
-0.1740 1509.0000
-0.1730 1506.0000
-0.1710 1499.0000
-0.1700 1496.0000
-0.1690 1493.0000
-0.1680 1490.0000
-0.1670 1486.0000
-0.1660 1483.0000
-0.1650 1480.0000
-0.1630 1473.0000
-0.1620 1470.0000
-0.1600 1463.0000
-0.1590 1460.0000
-0.1570 1453.0000
-0.1560 1450.0000
-0.1550 1446.0000
-0.1540 1443.0000
-0.1530 1439.0000
-0.1520 1436.0000
-0.1510 1432.0000
-0.1500 1429.0000
-0.1490 1425.0000
-0.1470 1418.0000
-0.1460 1414.0000
-0.1450 1411.0000
-0.1440 1407.0000
-0.1420 1400.0000
-0.1410 1396.0000
-0.1400 1392.0000
-0.1390 1389.0000
-0.1380 1385.0000
-0.1370 1381.0000
-0.1360 1377.0000
-0.1340 1370.0000
-0.1330 1366.0000
-0.1320 1362.0000
-0.1310 1358.0000
-0.1300 1354.0000
-0.1290 1350.0000
-0.1280 1346.0000
-0.1270 1342.0000
-0.1260 1338.0000
-0.1250 1334.0000
-0.1240 1330.0000
-0.1230 1326.0000
-0.1220 1322.0000
-0.1190 1309.0000
-0.1180 1305.0000
-0.1170 1301.0000
-0.1150 1292.0000
-0.1140 1288.0000
-0.1120 1279.0000
-0.1110 1275.0000
-0.1100 1270.0000
-0.1090 1266.0000
-0.1080 1261.0000
-0.1060 1252.0000
-0.1050 1247.0000
-0.1040 1243.0000
-0.1030 1238.0000
-0.1020 1233.0000
-0.1000 1224.0000
-0.0990 1219.0000
-0.0980 1214.0000
-0.0970 1209.0000
-0.0960 1204.0000
-0.0950 1199.0000
-0.0940 1194.0000
-0.0930 1189.0000
-0.0920 1184.0000
-0.0910 1179.0000
-0.0900 1174.0000
-0.0890 1169.0000
-0.0870 1158.0000
-0.0860 1153.0000
-0.0850 1147.0000
-0.0840 1142.0000
-0.0820 1131.0000
-0.0810 1125.0000
-0.0800 1120.0000
-0.0790 1114.0000
-0.0780 1108.0000
-0.0750 1091.0000
-0.0740 1085.0000
-0.0730 1079.0000
-0.0720 1073.0000
-0.0700 1060.0000
-0.0690 1054.0000
-0.0680 1048.0000
-0.0670 1041.0000
-0.0660 1035.0000
-0.0650 1028.0000
-0.0640 1022.0000
-0.0630 1015.0000
-0.0620 1008.0000
-0.0600 995.0000
-0.0590 988.0000
-0.0580 981.0000
-0.0570 973.0000
-0.0560 966.0000
-0.0550 959.0000
-0.0540 951.0000
-0.0530 944.0000
-0.0520 936.0000
-0.0510 929.0000
-0.0500 921.0000
-0.0490 913.0000
-0.0480 905.0000
-0.0470 897.0000
-0.0460 889.0000
-0.0450 880.0000
-0.0440 872.0000
-0.0430 863.0000
-0.0410 846.0000
-0.0400 837.0000
-0.0380 818.0000
-0.0370 809.0000
-0.0360 799.0000
-0.0350 789.0000
-0.0330 769.0000
-0.0320 759.0000
-0.0310 749.0000
-0.0300 738.0000
-0.0280 716.0000
-0.0270 705.0000
-0.0250 681.0000
-0.0230 657.0000
-0.0200 618.0000
-0.0190 604.0000
-0.0180 590.0000
-0.0170 576.0000
-0.0160 561.0000
-0.0140 530.0000
-0.0130 513.0000
-0.0110 479.0000
-0.0100 461.0000
-0.0090 442.0000
-0.0080 422.0000
-0.0070 401.0000
-0.0060 379.0000
-0.0040 331.0000
-0.0030 305.0000
