-0.0500 2096.0000
-0.0495 2085.0000
-0.0490 2076.0000
-0.0485 2067.0000
-0.0480 2058.0000
-0.0475 2049.0000
-0.0470 2040.0000
-0.0465 2030.0000
-0.0460 2021.0000
-0.0455 2010.0000
-0.0450 2004.0000
-0.0445 1997.0000
-0.0435 1976.0000
-0.0430 1966.0000
-0.0425 1957.0000
-0.0420 1947.0000
-0.0415 1937.0000
-0.0410 1926.0000
-0.0405 1917.0000
-0.0400 1910.0000
-0.0395 1899.0000
-0.0390 1888.0000
-0.0385 1877.0000
-0.0380 1867.0000
-0.0375 1856.0000
-0.0370 1844.0000
-0.0365 1837.0000
-0.0360 1827.0000
-0.0355 1815.0000
-0.0350 1804.0000
-0.0345 1793.0000
-0.0335 1767.0000
-0.0330 1764.0000
-0.0325 1749.0000
-0.0305 1696.0000
-0.0290 1665.0000
-0.0285 1653.0000
-0.0275 1633.0000
-0.0270 1616.0000
-0.0265 1603.0000
-0.0255 1575.0000
-0.0250 1565.0000
-0.0245 1550.0000
-0.0240 1535.0000
-0.0230 1510.0000
-0.0225 1495.0000
-0.0215 1470.0000
-0.0205 1435.0000
-0.0200 1422.0000
-0.0195 1406.0000
-0.0190 1389.0000
-0.0185 1378.0000
-0.0175 1336.0000
-0.0170 1327.0000
-0.0165 1308.0000
-0.0160 1297.0000
-0.0155 1274.0000
-0.0150 1260.0000
-0.0145 1239.0000
-0.0140 1225.0000
-0.0135 1202.0000
-0.0130 1185.0000
-0.0125 1160.0000
-0.0120 1145.0000
-0.0115 1129.0000
-0.0110 1102.0000
-0.0105 1083.0000
-0.0100 1062.0000
-0.0095 1041.0000
-0.0090 1020.0000
-0.0080 974.0000
-0.0075 948.0000
-0.0070 924.0000
-0.0065 900.0000
-0.0060 873.0000
-0.0055 848.0000
-0.0050 816.0000
-0.0045 789.0000
-0.0040 760.0000
-0.0030 700.0000
-0.0025 668.0000
-0.0020 630.0000
-0.0015 596.0000
-0.0010 558.0000
-0.0005 516.0000
