-0.1000 2082.0000
-0.0995 2078.0000
-0.0990 2074.0000
-0.0985 2070.0000
-0.0980 2066.0000
-0.0975 2062.0000
-0.0965 2053.0000
-0.0960 2049.0000
-0.0955 2045.0000
-0.0950 2041.0000
-0.0945 2037.0000
-0.0935 2028.0000
-0.0930 2024.0000
-0.0925 2020.0000
-0.0915 2011.0000
-0.0910 2007.0000
-0.0900 1998.0000
-0.0895 1994.0000
-0.0885 1985.0000
-0.0875 1976.0000
-0.0870 1972.0000
-0.0865 1967.0000
-0.0860 1963.0000
-0.0855 1958.0000
-0.0850 1954.0000
-0.0845 1949.0000
-0.0835 1940.0000
-0.0830 1935.0000
-0.0825 1931.0000
-0.0820 1926.0000
-0.0815 1921.0000
-0.0810 1917.0000
-0.0805 1912.0000
-0.0800 1907.0000
-0.0795 1902.0000
-0.0785 1893.0000
-0.0780 1888.0000
-0.0775 1883.0000
-0.0770 1878.0000
-0.0765 1873.0000
-0.0760 1868.0000
-0.0730 1838.0000
-0.0725 1833.0000
-0.0720 1828.0000
-0.0715 1823.0000
-0.0710 1818.0000
-0.0705 1813.0000
-0.0700 1807.0000
-0.0695 1802.0000
-0.0690 1797.0000
-0.0680 1786.0000
-0.0675 1781.0000
-0.0670 1775.0000
-0.0665 1770.0000
-0.0655 1759.0000
-0.0640 1742.0000
-0.0635 1737.0000
-0.0630 1731.0000
-0.0620 1720.0000
-0.0615 1714.0000
-0.0610 1708.0000
-0.0600 1697.0000
-0.0595 1691.0000
-0.0590 1685.0000
-0.0580 1673.0000
-0.0575 1667.0000
-0.0565 1655.0000
-0.0560 1649.0000
-0.0555 1643.0000
-0.0545 1630.0000
-0.0535 1618.0000
-0.0530 1611.0000
-0.0525 1605.0000
-0.0505 1579.0000
-0.0500 1572.0000
-0.0495 1566.0000
-0.0485 1552.0000
-0.0475 1539.0000
-0.0470 1532.0000
-0.0465 1525.0000
-0.0460 1518.0000
-0.0455 1511.0000
-0.0450 1504.0000
-0.0445 1497.0000
-0.0435 1482.0000
-0.0430 1475.0000
-0.0425 1468.0000
-0.0420 1460.0000
-0.0415 1453.0000
-0.0410 1445.0000
-0.0405 1438.0000
-0.0395 1422.0000
-0.0385 1407.0000
-0.0380 1399.0000
-0.0375 1391.0000
-0.0370 1383.0000
-0.0365 1375.0000
-0.0360 1367.0000
-0.0355 1358.0000
-0.0345 1342.0000
-0.0340 1333.0000
-0.0335 1325.0000
-0.0330 1316.0000
-0.0325 1307.0000
-0.0320 1299.0000
-0.0315 1290.0000
-0.0310 1281.0000
-0.0305 1272.0000
-0.0300 1263.0000
-0.0290 1244.0000
-0.0285 1235.0000
-0.0280 1225.0000
-0.0275 1216.0000
-0.0265 1196.0000
-0.0260 1186.0000
-0.0255 1176.0000
-0.0250 1166.0000
-0.0240 1146.0000
-0.0235 1135.0000
-0.0225 1114.0000
-0.0215 1092.0000
-0.0210 1081.0000
-0.0205 1070.0000
-0.0200 1058.0000
-0.0195 1047.0000
-0.0185 1023.0000
-0.0180 1011.0000
-0.0175 999.0000
-0.0170 986.0000
-0.0165 974.0000
-0.0160 961.0000
-0.0155 948.0000
-0.0150 935.0000
-0.0140 908.0000
-0.0135 894.0000
-0.0125 866.0000
-0.0105 805.0000
-0.0100 790.0000
-0.0090 757.0000
-0.0085 740.0000
-0.0075 705.0000
-0.0070 687.0000
-0.0065 669.0000
-0.0060 649.0000
-0.0055 630.0000
-0.0050 610.0000
-0.0045 589.0000
-0.0040 567.0000
-0.0030 521.0000
-0.0025 497.0000
-0.0020 471.0000
-0.0015 445.0000
-0.0010 416.0000
-0.0005 386.0000
