-0.0420 2086.0000
-0.0415 2073.0000
-0.0410 2061.0000
-0.0405 2051.0000
-0.0400 2039.0000
-0.0395 2027.0000
-0.0390 2011.0000
-0.0385 2004.0000
-0.0375 1991.0000
-0.0370 1976.0000
-0.0365 1963.0000
-0.0360 1952.0000
-0.0355 1938.0000
-0.0350 1917.0000
-0.0335 1897.0000
-0.0325 1871.0000
-0.0320 1856.0000
-0.0315 1837.0000
-0.0305 1828.0000
-0.0300 1811.0000
-0.0295 1798.0000
-0.0290 1780.0000
-0.0285 1764.0000
-0.0275 1746.0000
-0.0270 1729.0000
-0.0260 1696.0000
-0.0245 1664.0000
-0.0235 1633.0000
-0.0230 1620.0000
-0.0225 1603.0000
-0.0220 1575.0000
-0.0210 1556.0000
-0.0205 1538.0000
-0.0195 1514.0000
-0.0190 1491.0000
-0.0185 1470.0000
-0.0180 1463.0000
-0.0175 1438.0000
-0.0170 1422.0000
-0.0160 1378.0000
-0.0150 1350.0000
-0.0145 1336.0000
-0.0140 1308.0000
-0.0135 1297.0000
-0.0130 1260.0000
-0.0120 1225.0000
-0.0115 1208.0000
-0.0110 1192.0000
-0.0105 1160.0000
-0.0100 1145.0000
-0.0095 1120.0000
-0.0090 1102.0000
-0.0085 1075.0000
-0.0080 1050.0000
-0.0075 1025.0000
-0.0070 1002.0000
-0.0065 958.0000
-0.0060 938.0000
-0.0050 882.0000
-0.0045 848.0000
-0.0040 816.0000
-0.0035 787.0000
-0.0030 747.0000
-0.0025 711.0000
-0.0020 678.0000
-0.0015 639.0000
-0.0010 598.0000
-0.0005 558.0000
