-0.5300 2099.0000
-0.5290 2097.0000
-0.5280 2096.0000
-0.5270 2094.0000
-0.5260 2093.0000
-0.5250 2092.0000
-0.5240 2090.0000
-0.5230 2089.0000
-0.5220 2087.0000
-0.5210 2086.0000
-0.5200 2084.0000
-0.5190 2083.0000
-0.5180 2082.0000
-0.5170 2080.0000
-0.5160 2079.0000
-0.5150 2077.0000
-0.5140 2076.0000
-0.5130 2074.0000
-0.5120 2073.0000
-0.5110 2072.0000
-0.5100 2070.0000
-0.5090 2069.0000
-0.5080 2067.0000
-0.5070 2066.0000
-0.5060 2064.0000
-0.5050 2063.0000
-0.5040 2061.0000
-0.5030 2060.0000
-0.5020 2058.0000
-0.5010 2057.0000
-0.5000 2056.0000
-0.4990 2054.0000
-0.4980 2053.0000
-0.4970 2051.0000
-0.4960 2050.0000
-0.4950 2048.0000
-0.4940 2047.0000
-0.4930 2045.0000
-0.4920 2044.0000
-0.4910 2042.0000
-0.4900 2041.0000
-0.4890 2039.0000
-0.4880 2038.0000
-0.4870 2036.0000
-0.4860 2035.0000
-0.4850 2033.0000
-0.4840 2032.0000
-0.4830 2030.0000
-0.4820 2029.0000
-0.4810 2027.0000
-0.4800 2026.0000
-0.4790 2024.0000
-0.4780 2023.0000
-0.4770 2021.0000
-0.4760 2020.0000
-0.4750 2018.0000
-0.4740 2017.0000
-0.4730 2015.0000
-0.4720 2014.0000
-0.4710 2012.0000
-0.4700 2011.0000
-0.4690 2009.0000
-0.4680 2008.0000
-0.4670 2006.0000
-0.4660 2005.0000
-0.4650 2003.0000
-0.4640 2002.0000
-0.4630 2000.0000
-0.4620 1999.0000
-0.4610 1997.0000
-0.4600 1996.0000
-0.4590 1994.0000
-0.4580 1993.0000
-0.4570 1991.0000
-0.4560 1990.0000
-0.4550 1988.0000
-0.4540 1986.0000
-0.4530 1985.0000
-0.4520 1983.0000
-0.4510 1982.0000
-0.4500 1980.0000
-0.4490 1979.0000
-0.4480 1977.0000
-0.4470 1976.0000
-0.4460 1974.0000
-0.4450 1972.0000
-0.4440 1971.0000
-0.4430 1969.0000
-0.4420 1968.0000
-0.4410 1966.0000
-0.4400 1965.0000
-0.4390 1963.0000
-0.4380 1961.0000
-0.4370 1960.0000
-0.4360 1958.0000
-0.4350 1957.0000
-0.4340 1955.0000
-0.4330 1954.0000
-0.4320 1952.0000
-0.4310 1950.0000
-0.4300 1949.0000
-0.4290 1947.0000
-0.4280 1946.0000
-0.4270 1944.0000
-0.4260 1942.0000
-0.4250 1941.0000
-0.4240 1939.0000
-0.4230 1938.0000
-0.4220 1936.0000
-0.4210 1934.0000
-0.4200 1933.0000
-0.4190 1931.0000
-0.4180 1929.0000
-0.4170 1928.0000
-0.4160 1926.0000
-0.4150 1925.0000
-0.4140 1923.0000
-0.4130 1921.0000
-0.4120 1920.0000
-0.4110 1918.0000
-0.4100 1916.0000
-0.4090 1915.0000
-0.4080 1913.0000
-0.4070 1911.0000
-0.4060 1910.0000
-0.4050 1908.0000
-0.4040 1907.0000
-0.4030 1905.0000
-0.4020 1903.0000
-0.4010 1902.0000
-0.4000 1900.0000
-0.3990 1898.0000
-0.3980 1897.0000
-0.3970 1895.0000
-0.3960 1893.0000
-0.3950 1891.0000
-0.3940 1890.0000
-0.3930 1888.0000
-0.3920 1886.0000
-0.3910 1885.0000
-0.3900 1883.0000
-0.3890 1881.0000
-0.3880 1880.0000
-0.3870 1878.0000
-0.3860 1876.0000
-0.3850 1875.0000
-0.3840 1873.0000
-0.3830 1871.0000
-0.3820 1869.0000
-0.3810 1868.0000
-0.3800 1866.0000
-0.3790 1864.0000
-0.3780 1863.0000
-0.3770 1861.0000
-0.3760 1859.0000
-0.3750 1857.0000
-0.3740 1856.0000
-0.3730 1854.0000
-0.3720 1852.0000
-0.3710 1850.0000
-0.3700 1849.0000
-0.3690 1847.0000
-0.3680 1845.0000
-0.3670 1843.0000
-0.3660 1842.0000
-0.3650 1840.0000
-0.3640 1838.0000
-0.3630 1836.0000
-0.3620 1834.0000
-0.3610 1833.0000
-0.3600 1831.0000
-0.3590 1829.0000
-0.3580 1827.0000
-0.3570 1826.0000
-0.3560 1824.0000
-0.3550 1822.0000
-0.3540 1820.0000
-0.3530 1818.0000
-0.3520 1817.0000
-0.3510 1815.0000
-0.3500 1813.0000
-0.3490 1811.0000
-0.3480 1809.0000
-0.3470 1807.0000
-0.3460 1806.0000
-0.3450 1804.0000
-0.3440 1802.0000
-0.3430 1800.0000
-0.3420 1798.0000
-0.3410 1796.0000
-0.3400 1795.0000
-0.3390 1793.0000
-0.3380 1791.0000
-0.3370 1789.0000
-0.3360 1787.0000
-0.3350 1785.0000
-0.3340 1783.0000
-0.3330 1782.0000
-0.3320 1780.0000
-0.3310 1778.0000
-0.3300 1776.0000
-0.3290 1774.0000
-0.3280 1772.0000
-0.3270 1770.0000
-0.3260 1768.0000
-0.3250 1766.0000
-0.3240 1765.0000
-0.3230 1763.0000
-0.3220 1761.0000
-0.3210 1759.0000
-0.3200 1757.0000
-0.3190 1755.0000
-0.3180 1753.0000
-0.3170 1751.0000
-0.3160 1749.0000
-0.3150 1747.0000
-0.3140 1745.0000
-0.3130 1743.0000
-0.3120 1741.0000
-0.3110 1739.0000
-0.3100 1737.0000
-0.3090 1735.0000
-0.3070 1732.0000
-0.3060 1730.0000
-0.3050 1728.0000
-0.3040 1726.0000
-0.3030 1724.0000
-0.3020 1722.0000
-0.3010 1720.0000
-0.3000 1718.0000
-0.2990 1716.0000
-0.2980 1714.0000
-0.2970 1712.0000
-0.2950 1707.0000
-0.2940 1705.0000
-0.2930 1703.0000
-0.2920 1701.0000
-0.2910 1699.0000
-0.2900 1697.0000
-0.2890 1695.0000
-0.2880 1693.0000
-0.2870 1691.0000
-0.2860 1689.0000
-0.2850 1687.0000
-0.2840 1685.0000
-0.2830 1683.0000
-0.2820 1681.0000
-0.2810 1679.0000
-0.2800 1676.0000
-0.2790 1674.0000
-0.2780 1672.0000
-0.2770 1670.0000
-0.2760 1668.0000
-0.2750 1666.0000
-0.2740 1664.0000
-0.2730 1662.0000
-0.2720 1659.0000
-0.2710 1657.0000
-0.2700 1655.0000
-0.2690 1653.0000
-0.2680 1651.0000
-0.2670 1649.0000
-0.2660 1646.0000
-0.2650 1644.0000
-0.2640 1642.0000
-0.2630 1640.0000
-0.2620 1638.0000
-0.2610 1635.0000
-0.2600 1633.0000
-0.2590 1631.0000
-0.2580 1629.0000
-0.2570 1627.0000
-0.2560 1624.0000
-0.2550 1622.0000
-0.2540 1620.0000
-0.2530 1618.0000
-0.2520 1615.0000
-0.2510 1613.0000
-0.2500 1611.0000
-0.2480 1606.0000
-0.2470 1604.0000
-0.2460 1602.0000
-0.2450 1599.0000
-0.2440 1597.0000
-0.2430 1595.0000
-0.2420 1592.0000
-0.2410 1590.0000
-0.2400 1588.0000
-0.2390 1585.0000
-0.2380 1583.0000
-0.2370 1581.0000
-0.2360 1578.0000
-0.2350 1576.0000
-0.2340 1573.0000
-0.2330 1571.0000
-0.2320 1569.0000
-0.2310 1566.0000
-0.2300 1564.0000
-0.2290 1561.0000
-0.2280 1559.0000
-0.2260 1554.0000
-0.2250 1552.0000
-0.2240 1549.0000
-0.2230 1547.0000
-0.2220 1544.0000
-0.2210 1542.0000
-0.2200 1539.0000
-0.2190 1537.0000
-0.2180 1534.0000
-0.2170 1532.0000
-0.2160 1529.0000
-0.2150 1527.0000
-0.2140 1524.0000
-0.2130 1522.0000
-0.2120 1519.0000
-0.2100 1514.0000
-0.2090 1511.0000
-0.2080 1509.0000
-0.2070 1506.0000
-0.2050 1501.0000
-0.2040 1498.0000
-0.2030 1496.0000
-0.2020 1493.0000
-0.2010 1490.0000
-0.2000 1488.0000
-0.1990 1485.0000
-0.1980 1482.0000
-0.1960 1477.0000
-0.1950 1474.0000
-0.1940 1471.0000
-0.1930 1469.0000
-0.1920 1466.0000
-0.1910 1463.0000
-0.1900 1460.0000
-0.1880 1455.0000
-0.1870 1452.0000
-0.1860 1449.0000
-0.1850 1446.0000
-0.1830 1441.0000
-0.1820 1438.0000
-0.1810 1435.0000
-0.1800 1432.0000
-0.1790 1429.0000
-0.1780 1426.0000
-0.1770 1423.0000
-0.1760 1420.0000
-0.1750 1417.0000
-0.1740 1414.0000
-0.1730 1411.0000
-0.1720 1408.0000
-0.1710 1405.0000
-0.1700 1402.0000
-0.1690 1399.0000
-0.1680 1396.0000
-0.1670 1393.0000
-0.1660 1390.0000
-0.1650 1387.0000
-0.1640 1384.0000
-0.1630 1381.0000
-0.1620 1378.0000
-0.1610 1375.0000
-0.1590 1368.0000
-0.1580 1365.0000
-0.1570 1362.0000
-0.1560 1359.0000
-0.1540 1352.0000
-0.1530 1349.0000
-0.1520 1346.0000
-0.1500 1339.0000
-0.1490 1336.0000
-0.1470 1329.0000
-0.1460 1326.0000
-0.1450 1322.0000
-0.1440 1319.0000
-0.1420 1312.0000
-0.1410 1309.0000
-0.1400 1305.0000
-0.1390 1302.0000
-0.1380 1298.0000
-0.1360 1291.0000
-0.1350 1287.0000
-0.1340 1284.0000
-0.1330 1280.0000
-0.1310 1273.0000
-0.1300 1269.0000
-0.1280 1262.0000
-0.1270 1258.0000
-0.1260 1254.0000
-0.1230 1243.0000
-0.1220 1239.0000
-0.1210 1235.0000
-0.1200 1231.0000
-0.1190 1227.0000
-0.1180 1223.0000
-0.1170 1219.0000
-0.1160 1215.0000
-0.1150 1211.0000
-0.1140 1207.0000
-0.1130 1203.0000
-0.1120 1199.0000
-0.1110 1195.0000
-0.1090 1186.0000
-0.1080 1182.0000
-0.1070 1178.0000
-0.1050 1169.0000
-0.1040 1165.0000
-0.1020 1156.0000
-0.1000 1147.0000
-0.0980 1138.0000
-0.0970 1133.0000
-0.0960 1129.0000
-0.0950 1124.0000
-0.0930 1115.0000
-0.0920 1110.0000
-0.0910 1105.0000
-0.0900 1100.0000
-0.0890 1095.0000
-0.0850 1075.0000
-0.0840 1070.0000
-0.0830 1065.0000
-0.0820 1060.0000
-0.0810 1055.0000
-0.0790 1044.0000
-0.0780 1039.0000
-0.0770 1033.0000
-0.0760 1028.0000
-0.0750 1022.0000
-0.0740 1017.0000
-0.0730 1011.0000
-0.0720 1005.0000
-0.0710 1000.0000
-0.0700 994.0000
-0.0690 988.0000
-0.0680 982.0000
-0.0670 976.0000
-0.0660 970.0000
-0.0650 964.0000
-0.0640 958.0000
-0.0630 951.0000
-0.0610 939.0000
-0.0600 932.0000
-0.0590 926.0000
-0.0570 912.0000
-0.0550 899.0000
-0.0540 892.0000
-0.0530 885.0000
-0.0510 870.0000
-0.0490 856.0000
-0.0480 848.0000
-0.0460 833.0000
-0.0450 825.0000
-0.0430 809.0000
-0.0420 801.0000
-0.0380 767.0000
-0.0370 758.0000
-0.0360 749.0000
-0.0350 740.0000
-0.0320 711.0000
-0.0290 681.0000
-0.0280 671.0000
-0.0270 660.0000
-0.0250 638.0000
-0.0210 591.0000
-0.0190 566.0000
-0.0180 553.0000
-0.0150 511.0000
-0.0130 481.0000
-0.0120 465.0000
-0.0100 432.0000
-0.0090 414.0000
-0.0070 376.0000
-0.0060 355.0000
-0.0050 334.0000
-0.0040 310.0000
