-2.56500 4999.00000
-2.56400 4998.00000
-2.56300 4997.00000
-2.56200 4996.00000
-2.56000 4995.00000
-2.55900 4994.00000
-2.55800 4993.00000
-2.55700 4992.00000
-2.55600 4991.00000
-2.55500 4990.00000
-2.55400 4989.00000
-2.55300 4988.00000
-2.55100 4987.00000
-2.55000 4986.00000
-2.54900 4985.00000
-2.54800 4984.00000
-2.54700 4983.00000
-2.54600 4982.00000
-2.54500 4981.00000
-2.54300 4980.00000
-2.54200 4979.00000
-2.54100 4978.00000
-2.54000 4977.00000
-2.53900 4976.00000
-2.53800 4975.00000
-2.53700 4974.00000
-2.53600 4973.00000
-2.53400 4972.00000
-2.53300 4971.00000
-2.53200 4970.00000
-2.53100 4969.00000
-2.53000 4968.00000
-2.52900 4967.00000
-2.52800 4966.00000
-2.52600 4965.00000
-2.52500 4964.00000
-2.52400 4963.00000
-2.52300 4962.00000
-2.52200 4961.00000
-2.52100 4960.00000
-2.52000 4959.00000
-2.51900 4958.00000
-2.51700 4957.00000
-2.51600 4956.00000
-2.51500 4955.00000
-2.51400 4954.00000
-2.51300 4953.00000
-2.51200 4952.00000
-2.51100 4951.00000
-2.51000 4950.00000
-2.50800 4949.00000
-2.50700 4948.00000
-2.50600 4947.00000
-2.50500 4946.00000
-2.50400 4945.00000
-2.50300 4944.00000
-2.50200 4943.00000
-2.50100 4942.00000
-2.49900 4941.00000
-2.49800 4940.00000
-2.49700 4939.00000
-2.49600 4938.00000
-2.49500 4937.00000
-2.49400 4936.00000
-2.49300 4935.00000
-2.49200 4934.00000
-2.49000 4933.00000
-2.48900 4932.00000
-2.48800 4931.00000
-2.48700 4930.00000
-2.48600 4929.00000
-2.48500 4928.00000
-2.48400 4927.00000
-2.48300 4926.00000
-2.48200 4925.00000
-2.48000 4924.00000
-2.47900 4923.00000
-2.47800 4922.00000
-2.47700 4921.00000
-2.47600 4920.00000
-2.47500 4919.00000
-2.47400 4918.00000
-2.47300 4917.00000
-2.47100 4916.00000
-2.47000 4915.00000
-2.46900 4914.00000
-2.46800 4913.00000
-2.46700 4912.00000
-2.46600 4911.00000
-2.46500 4910.00000
-2.46400 4909.00000
-2.46300 4908.00000
-2.46100 4907.00000
-2.46000 4906.00000
-2.45900 4905.00000
-2.45800 4904.00000
-2.45700 4903.00000
-2.45600 4902.00000
-2.45500 4901.00000
-2.45400 4900.00000
-2.45200 4899.00000
-2.45100 4898.00000
-2.45000 4897.00000
-2.44900 4896.00000
-2.44800 4895.00000
-2.44700 4894.00000
-2.44600 4893.00000
-2.44500 4892.00000
-2.44400 4891.00000
-2.44200 4890.00000
-2.44100 4889.00000
-2.44000 4888.00000
-2.43900 4887.00000
-2.43800 4886.00000
-2.43700 4885.00000
-2.43600 4884.00000
-2.43500 4883.00000
-2.43400 4882.00000
-2.43200 4881.00000
-2.43100 4880.00000
-2.43000 4879.00000
-2.42900 4878.00000
-2.42800 4877.00000
-2.42700 4876.00000
-2.42600 4875.00000
-2.42500 4874.00000
-2.42400 4873.00000
-2.42200 4872.00000
-2.42100 4871.00000
-2.42000 4870.00000
-2.41900 4869.00000
-2.41800 4868.00000
-2.41700 4867.00000
-2.41600 4866.00000
-2.41500 4865.00000
-2.41400 4864.00000
-2.41200 4863.00000
-2.41100 4862.00000
-2.41000 4861.00000
-2.40900 4860.00000
-2.40800 4859.00000
-2.40700 4858.00000
-2.40600 4857.00000
-2.40500 4856.00000
-2.40400 4855.00000
-2.40300 4854.00000
-2.40100 4853.00000
-2.40000 4852.00000
-2.39900 4851.00000
-2.39800 4850.00000
-2.39700 4849.00000
-2.39600 4848.00000
-2.39500 4847.00000
-2.39400 4846.00000
-2.39300 4845.00000
-2.39100 4844.00000
-2.39000 4843.00000
-2.38900 4842.00000
-2.38800 4841.00000
-2.38700 4840.00000
-2.38600 4839.00000
-2.38500 4838.00000
-2.38400 4837.00000
-2.38300 4836.00000
-2.38200 4835.00000
-2.38000 4834.00000
-2.37900 4833.00000
-2.37800 4832.00000
-2.37700 4831.00000
-2.37600 4830.00000
-2.37500 4829.00000
-2.37400 4828.00000
-2.37300 4827.00000
-2.37200 4826.00000
-2.37100 4825.00000
-2.36900 4824.00000
-2.36800 4823.00000
-2.36700 4822.00000
-2.36600 4821.00000
-2.36500 4820.00000
-2.36400 4819.00000
-2.36300 4818.00000
-2.36200 4817.00000
-2.36100 4816.00000
-2.36000 4815.00000
-2.35800 4814.00000
-2.35700 4813.00000
-2.35600 4812.00000
-2.35500 4811.00000
-2.35400 4810.00000
-2.35300 4809.00000
-2.35200 4808.00000
-2.35100 4807.00000
-2.35000 4806.00000
-2.34900 4805.00000
-2.34800 4804.00000
-2.34600 4803.00000
-2.34500 4802.00000
-2.34400 4801.00000
-2.34300 4800.00000
-2.34200 4799.00000
-2.34100 4798.00000
-2.34000 4797.00000
-2.33900 4796.00000
-2.33800 4795.00000
-2.33700 4794.00000
-2.33600 4793.00000
-2.33400 4792.00000
-2.33300 4791.00000
-2.33200 4790.00000
-2.33100 4789.00000
-2.33000 4788.00000
-2.32900 4787.00000
-2.32800 4786.00000
-2.32700 4785.00000
-2.32600 4784.00000
-2.32500 4783.00000
-2.32300 4782.00000
-2.32200 4781.00000
-2.32100 4780.00000
-2.32000 4779.00000
-2.31900 4778.00000
-2.31800 4777.00000
-2.31700 4776.00000
-2.31600 4775.00000
-2.31500 4774.00000
-2.31400 4773.00000
-2.31300 4772.00000
-2.31200 4771.00000
-2.31000 4770.00000
-2.30900 4769.00000
-2.30800 4768.00000
-2.30700 4767.00000
-2.30600 4766.00000
-2.30500 4765.00000
-2.30400 4764.00000
-2.30300 4763.00000
-2.30200 4762.00000
-2.30100 4761.00000
-2.30000 4760.00000
-2.29800 4759.00000
-2.29700 4758.00000
-2.29600 4757.00000
-2.29500 4756.00000
-2.29400 4755.00000
-2.29300 4754.00000
-2.29200 4753.00000
-2.29100 4752.00000
-2.29000 4751.00000
-2.28900 4750.00000
-2.28800 4749.00000
-2.28700 4748.00000
-2.28500 4747.00000
-2.28400 4746.00000
-2.28300 4745.00000
-2.28200 4744.00000
-2.28100 4743.00000
-2.28000 4742.00000
-2.27900 4741.00000
-2.27800 4740.00000
-2.27700 4739.00000
-2.27600 4738.00000
-2.27500 4737.00000
-2.27400 4736.00000
-2.27300 4735.00000
-2.27100 4734.00000
-2.27000 4733.00000
-2.26900 4732.00000
-2.26800 4731.00000
-2.26700 4730.00000
-2.26600 4729.00000
-2.26500 4728.00000
-2.26400 4727.00000
-2.26300 4726.00000
-2.26200 4725.00000
-2.26100 4724.00000
-2.26000 4723.00000
-2.25800 4722.00000
-2.25700 4721.00000
-2.25600 4720.00000
-2.25500 4719.00000
-2.25400 4718.00000
-2.25300 4717.00000
-2.25200 4716.00000
-2.25100 4715.00000
-2.25000 4714.00000
-2.24900 4713.00000
-2.24800 4712.00000
-2.24700 4711.00000
-2.24600 4710.00000
-2.24500 4709.00000
-2.24300 4708.00000
-2.24200 4707.00000
-2.24100 4706.00000
-2.24000 4705.00000
-2.23900 4704.00000
-2.23800 4703.00000
-2.23700 4702.00000
-2.23600 4701.00000
-2.23500 4700.00000
-2.23400 4699.00000
-2.23300 4698.00000
-2.23200 4697.00000
-2.23100 4696.00000
-2.22900 4695.00000
-2.22800 4694.00000
-2.22700 4693.00000
-2.22600 4692.00000
-2.22500 4691.00000
-2.22400 4690.00000
-2.22300 4689.00000
-2.22200 4688.00000
-2.22100 4687.00000
-2.22000 4686.00000
-2.21900 4685.00000
-2.21800 4684.00000
-2.21700 4683.00000
-2.21600 4682.00000
-2.21500 4681.00000
-2.21300 4680.00000
-2.21200 4679.00000
-2.21100 4678.00000
-2.21000 4677.00000
-2.20900 4676.00000
-2.20800 4675.00000
-2.20700 4674.00000
-2.20600 4673.00000
-2.20500 4672.00000
-2.20400 4671.00000
-2.20300 4670.00000
-2.20200 4669.00000
-2.20100 4668.00000
-2.20000 4667.00000
-2.19900 4666.00000
-2.19700 4665.00000
-2.19600 4664.00000
-2.19500 4663.00000
-2.19400 4662.00000
-2.19300 4661.00000
-2.19200 4660.00000
-2.19100 4659.00000
-2.19000 4658.00000
-2.18900 4657.00000
-2.18800 4656.00000
-2.18700 4655.00000
-2.18600 4654.00000
-2.18500 4653.00000
-2.18400 4652.00000
-2.18300 4651.00000
-2.18100 4650.00000
-2.18000 4649.00000
-2.17900 4648.00000
-2.17800 4647.00000
-2.17700 4646.00000
-2.17600 4645.00000
-2.17500 4644.00000
-2.17400 4643.00000
-2.17300 4642.00000
-2.17200 4641.00000
-2.17100 4640.00000
-2.17000 4639.00000
-2.16900 4638.00000
-2.16800 4637.00000
-2.16700 4636.00000
-2.16600 4635.00000
-2.16500 4634.00000
-2.16300 4633.00000
-2.16200 4632.00000
-2.16100 4631.00000
-2.16000 4630.00000
-2.15900 4629.00000
-2.15800 4628.00000
-2.15700 4627.00000
-2.15600 4626.00000
-2.15500 4625.00000
-2.15400 4624.00000
-2.15300 4623.00000
-2.15200 4622.00000
-2.15100 4621.00000
-2.15000 4620.00000
-2.14900 4619.00000
-2.14800 4618.00000
-2.14700 4617.00000
-2.14600 4616.00000
-2.14400 4615.00000
-2.14300 4614.00000
-2.14200 4613.00000
-2.14100 4612.00000
-2.14000 4611.00000
-2.13900 4610.00000
-2.13800 4609.00000
-2.13700 4608.00000
-2.13600 4607.00000
-2.13500 4606.00000
-2.13400 4605.00000
-2.13300 4604.00000
-2.13200 4603.00000
-2.13100 4602.00000
-2.13000 4601.00000
-2.12900 4600.00000
-2.12800 4599.00000
-2.12700 4598.00000
-2.12600 4597.00000
-2.12400 4596.00000
-2.12300 4595.00000
-2.12200 4594.00000
-2.12100 4593.00000
-2.12000 4592.00000
-2.11900 4591.00000
-2.11800 4590.00000
-2.11700 4589.00000
-2.11600 4588.00000
-2.11500 4587.00000
-2.11400 4586.00000
-2.11300 4585.00000
-2.11200 4584.00000
-2.11100 4583.00000
-2.11000 4582.00000
-2.10900 4581.00000
-2.10800 4580.00000
-2.10700 4579.00000
-2.10600 4578.00000
-2.10500 4577.00000
-2.10300 4576.00000
-2.10200 4575.00000
-2.10100 4574.00000
-2.10000 4573.00000
-2.09900 4572.00000
-2.09800 4571.00000
-2.09700 4570.00000
-2.09600 4569.00000
-2.09500 4568.00000
-2.09400 4567.00000
-2.09300 4566.00000
-2.09200 4565.00000
-2.09100 4564.00000
-2.09000 4563.00000
-2.08900 4562.00000
-2.08800 4561.00000
-2.08700 4560.00000
-2.08600 4559.00000
-2.08500 4558.00000
-2.08400 4557.00000
-2.08300 4556.00000
-2.08200 4555.00000
-2.08100 4554.00000
-2.07900 4553.00000
-2.07800 4552.00000
-2.07700 4551.00000
-2.07600 4550.00000
-2.07500 4549.00000
-2.07400 4548.00000
-2.07300 4547.00000
-2.07200 4546.00000
-2.07100 4545.00000
-2.07000 4544.00000
-2.06900 4543.00000
-2.06800 4542.00000
-2.06700 4541.00000
-2.06600 4540.00000
-2.06500 4539.00000
-2.06400 4538.00000
-2.06300 4537.00000
-2.06200 4536.00000
-2.06100 4535.00000
-2.06000 4534.00000
-2.05900 4533.00000
-2.05800 4532.00000
-2.05700 4531.00000
-2.05600 4530.00000
-2.05500 4529.00000
-2.05400 4528.00000
-2.05200 4527.00000
-2.05100 4526.00000
-2.05000 4525.00000
-2.04900 4524.00000
-2.04800 4523.00000
-2.04700 4522.00000
-2.04600 4521.00000
-2.04500 4520.00000
-2.04400 4519.00000
-2.04300 4518.00000
-2.04200 4517.00000
-2.04100 4516.00000
-2.04000 4515.00000
-2.03900 4514.00000
-2.03800 4513.00000
-2.03700 4512.00000
-2.03600 4511.00000
-2.03500 4510.00000
-2.03400 4509.00000
-2.03300 4508.00000
-2.03200 4507.00000
-2.03100 4506.00000
-2.03000 4505.00000
-2.02900 4504.00000
-2.02800 4503.00000
-2.02700 4502.00000
-2.02600 4501.00000
-2.02500 4500.00000
-2.02400 4499.00000
-2.02300 4498.00000
-2.02200 4497.00000
-2.02100 4496.00000
-2.01900 4495.00000
-2.01800 4494.00000
-2.01700 4493.00000
-2.01600 4492.00000
-2.01500 4491.00000
-2.01400 4490.00000
-2.01300 4489.00000
-2.01200 4488.00000
-2.01100 4487.00000
-2.01000 4486.00000
-2.00900 4485.00000
-2.00800 4484.00000
-2.00700 4483.00000
-2.00600 4482.00000
-2.00500 4481.00000
-2.00400 4480.00000
-2.00300 4479.00000
-2.00200 4478.00000
-2.00100 4477.00000
-2.00000 4476.00000
-1.99900 4475.00000
-1.99800 4474.00000
-1.99700 4473.00000
-1.99600 4472.00000
-1.99500 4471.00000
-1.99400 4470.00000
-1.99300 4469.00000
-1.99200 4468.00000
-1.99100 4467.00000
-1.99000 4466.00000
-1.98900 4465.00000
-1.98800 4464.00000
-1.98700 4463.00000
-1.98600 4462.00000
-1.98500 4461.00000
-1.98400 4460.00000
-1.98300 4459.00000
-1.98200 4458.00000
-1.98100 4457.00000
-1.98000 4456.00000
-1.97900 4455.00000
-1.97700 4454.00000
-1.97600 4453.00000
-1.97500 4452.00000
-1.97400 4451.00000
-1.97300 4450.00000
-1.97200 4449.00000
-1.97100 4448.00000
-1.97000 4447.00000
-1.96900 4446.00000
-1.96800 4445.00000
-1.96700 4444.00000
-1.96600 4443.00000
-1.96500 4442.00000
-1.96400 4441.00000
-1.96300 4440.00000
-1.96200 4439.00000
-1.96100 4438.00000
-1.96000 4437.00000
-1.95900 4436.00000
-1.95800 4435.00000
-1.95700 4434.00000
-1.95600 4433.00000
-1.95500 4432.00000
-1.95400 4431.00000
-1.95300 4430.00000
-1.95200 4429.00000
-1.95100 4428.00000
-1.95000 4427.00000
-1.94900 4426.00000
-1.94800 4425.00000
-1.94700 4424.00000
-1.94600 4423.00000
-1.94500 4422.00000
-1.94400 4421.00000
-1.94300 4420.00000
-1.94200 4419.00000
-1.94100 4418.00000
-1.94000 4417.00000
-1.93900 4416.00000
-1.93800 4415.00000
-1.93700 4414.00000
-1.93600 4413.00000
-1.93500 4412.00000
-1.93400 4411.00000
-1.93300 4410.00000
-1.93200 4409.00000
-1.93100 4408.00000
-1.93000 4407.00000
-1.92900 4406.00000
-1.92800 4405.00000
-1.92700 4404.00000
-1.92600 4403.00000
-1.92500 4402.00000
-1.92400 4401.00000
-1.92300 4400.00000
-1.92200 4399.00000
-1.92100 4398.00000
-1.92000 4397.00000
-1.91900 4396.00000
-1.91800 4395.00000
-1.91700 4394.00000
-1.91600 4393.00000
-1.91500 4392.00000
-1.91400 4391.00000
-1.91300 4390.00000
-1.91200 4389.00000
-1.91100 4388.00000
-1.91000 4387.00000
-1.90900 4386.00000
-1.90800 4385.00000
-1.90700 4384.00000
-1.90600 4383.00000
-1.90500 4382.00000
-1.90400 4381.00000
-1.90300 4380.00000
-1.90200 4379.00000
-1.90100 4378.00000
-1.90000 4377.00000
-1.89900 4376.00000
-1.89800 4375.00000
-1.89700 4374.00000
-1.89600 4373.00000
-1.89500 4372.00000
-1.89400 4371.00000
-1.89300 4370.00000
-1.89200 4369.00000
-1.89100 4368.00000
-1.89000 4367.00000
-1.88900 4366.00000
-1.88800 4365.00000
-1.88700 4364.00000
-1.88600 4363.00000
-1.88500 4362.00000
-1.88400 4361.00000
-1.88300 4360.00000
-1.88200 4359.00000
-1.88100 4358.00000
-1.88000 4357.00000
-1.87900 4356.00000
-1.87800 4355.00000
-1.87700 4354.00000
-1.87600 4353.00000
-1.87500 4352.00000
-1.87400 4351.00000
-1.87300 4350.00000
-1.87200 4349.00000
-1.87100 4348.00000
-1.87000 4347.00000
-1.86900 4346.00000
-1.86800 4345.00000
-1.86700 4344.00000
-1.86600 4343.00000
-1.86500 4342.00000
-1.86400 4341.00000
-1.86300 4340.00000
-1.86200 4339.00000
-1.86100 4338.00000
-1.86000 4337.00000
-1.85900 4336.00000
-1.85800 4335.00000
-1.85700 4334.00000
-1.85600 4333.00000
-1.85500 4332.00000
-1.85400 4331.00000
-1.85300 4330.00000
-1.85200 4329.00000
-1.85100 4328.00000
-1.85000 4327.00000
-1.84900 4326.00000
-1.84800 4325.00000
-1.84700 4324.00000
-1.84600 4323.00000
-1.84500 4322.00000
-1.84400 4321.00000
-1.84300 4320.00000
-1.84200 4319.00000
-1.84100 4318.00000
-1.84000 4317.00000
-1.83900 4316.00000
-1.83800 4315.00000
-1.83700 4314.00000
-1.83600 4313.00000
-1.83500 4312.00000
-1.83400 4311.00000
-1.83300 4310.00000
-1.83200 4309.00000
-1.83100 4308.00000
-1.83000 4307.00000
-1.82900 4306.00000
-1.82800 4305.00000
-1.82700 4304.00000
-1.82600 4303.00000
-1.82500 4302.00000
-1.82400 4301.00000
-1.82300 4300.00000
-1.82200 4299.00000
-1.82100 4298.00000
-1.82000 4297.00000
-1.81900 4296.00000
-1.81800 4295.00000
-1.81700 4294.00000
-1.81600 4293.00000
-1.81500 4292.00000
-1.81400 4291.00000
-1.81300 4290.00000
-1.81200 4289.00000
-1.81100 4288.00000
-1.81000 4287.00000
-1.80900 4286.00000
-1.80800 4285.00000
-1.80700 4284.00000
-1.80600 4283.00000
-1.80500 4282.00000
-1.80400 4281.00000
-1.80300 4280.00000
-1.80200 4279.00000
-1.80100 4278.00000
-1.80000 4277.00000
-1.79900 4276.00000
-1.79800 4275.00000
-1.79700 4274.00000
-1.79600 4273.00000
-1.79500 4272.00000
-1.79400 4270.00000
-1.79300 4269.00000
-1.79200 4268.00000
-1.79100 4267.00000
-1.79000 4266.00000
-1.78900 4265.00000
-1.78800 4264.00000
-1.78700 4263.00000
-1.78600 4262.00000
-1.78500 4261.00000
-1.78400 4260.00000
-1.78300 4259.00000
-1.78200 4258.00000
-1.78100 4257.00000
-1.78000 4256.00000
-1.77900 4255.00000
-1.77800 4254.00000
-1.77700 4253.00000
-1.77600 4252.00000
-1.77500 4251.00000
-1.77400 4250.00000
-1.77300 4249.00000
-1.77200 4248.00000
-1.77100 4247.00000
-1.77000 4246.00000
-1.76900 4245.00000
-1.76800 4244.00000
-1.76700 4243.00000
-1.76600 4242.00000
-1.76500 4241.00000
-1.76400 4240.00000
-1.76300 4239.00000
-1.76200 4238.00000
-1.76100 4237.00000
-1.76000 4236.00000
-1.75900 4235.00000
-1.75800 4234.00000
-1.75700 4233.00000
-1.75600 4232.00000
-1.75500 4230.00000
-1.75400 4229.00000
-1.75300 4228.00000
-1.75200 4227.00000
-1.75100 4226.00000
-1.75000 4225.00000
-1.74900 4224.00000
-1.74800 4223.00000
-1.74700 4222.00000
-1.74600 4221.00000
-1.74500 4220.00000
-1.74400 4219.00000
-1.74300 4218.00000
-1.74200 4217.00000
-1.74100 4216.00000
-1.74000 4215.00000
-1.73900 4214.00000
-1.73800 4213.00000
-1.73700 4212.00000
-1.73600 4211.00000
-1.73500 4210.00000
-1.73400 4209.00000
-1.73300 4208.00000
-1.73200 4207.00000
-1.73100 4206.00000
-1.73000 4205.00000
-1.72900 4204.00000
-1.72800 4203.00000
-1.72700 4202.00000
-1.72600 4201.00000
-1.72500 4199.00000
-1.72400 4198.00000
-1.72300 4197.00000
-1.72200 4196.00000
-1.72100 4195.00000
-1.72000 4194.00000
-1.71900 4193.00000
-1.71800 4192.00000
-1.71700 4191.00000
-1.71600 4190.00000
-1.71500 4189.00000
-1.71400 4188.00000
-1.71300 4187.00000
-1.71200 4186.00000
-1.71100 4185.00000
-1.71000 4184.00000
-1.70900 4183.00000
-1.70800 4182.00000
-1.70700 4181.00000
-1.70600 4180.00000
-1.70500 4179.00000
-1.70400 4178.00000
-1.70300 4177.00000
-1.70200 4176.00000
-1.70100 4175.00000
-1.70000 4173.00000
-1.69900 4172.00000
-1.69800 4171.00000
-1.69700 4170.00000
-1.69600 4169.00000
-1.69500 4168.00000
-1.69400 4167.00000
-1.69300 4166.00000
-1.69200 4165.00000
-1.69100 4164.00000
-1.69000 4163.00000
-1.68900 4162.00000
-1.68800 4161.00000
-1.68700 4160.00000
-1.68600 4159.00000
-1.68500 4158.00000
-1.68400 4157.00000
-1.68300 4156.00000
-1.68200 4155.00000
-1.68100 4154.00000
-1.68000 4153.00000
-1.67900 4152.00000
-1.67800 4150.00000
-1.67700 4149.00000
-1.67600 4148.00000
-1.67500 4147.00000
-1.67400 4146.00000
-1.67300 4145.00000
-1.67200 4144.00000
-1.67100 4143.00000
-1.67000 4142.00000
-1.66900 4141.00000
-1.66800 4140.00000
-1.66700 4139.00000
-1.66600 4138.00000
-1.66500 4137.00000
-1.66400 4136.00000
-1.66300 4135.00000
-1.66200 4134.00000
-1.66100 4133.00000
-1.66000 4132.00000
-1.65900 4130.00000
-1.65800 4129.00000
-1.65700 4128.00000
-1.65600 4127.00000
-1.65500 4126.00000
-1.65400 4125.00000
-1.65300 4124.00000
-1.65200 4123.00000
-1.65100 4122.00000
-1.65000 4121.00000
-1.64900 4120.00000
-1.64800 4119.00000
-1.64700 4118.00000
-1.64600 4117.00000
-1.64500 4116.00000
-1.64400 4115.00000
-1.64300 4114.00000
-1.64200 4113.00000
-1.64100 4111.00000
-1.64000 4110.00000
-1.63900 4109.00000
-1.63800 4108.00000
-1.63700 4107.00000
-1.63600 4106.00000
-1.63500 4105.00000
-1.63400 4104.00000
-1.63300 4103.00000
-1.63200 4102.00000
-1.63100 4101.00000
-1.63000 4100.00000
-1.62900 4099.00000
-1.62800 4098.00000
-1.62700 4097.00000
-1.62600 4096.00000
-1.62500 4095.00000
-1.62400 4093.00000
-1.62300 4092.00000
-1.62200 4091.00000
-1.62100 4090.00000
-1.62000 4089.00000
-1.61900 4088.00000
-1.61800 4087.00000
-1.61700 4086.00000
-1.61600 4085.00000
-1.61500 4084.00000
-1.61400 4083.00000
-1.61300 4082.00000
-1.61200 4081.00000
-1.61100 4080.00000
-1.61000 4079.00000
-1.60900 4077.00000
-1.60800 4076.00000
-1.60700 4075.00000
-1.60600 4074.00000
-1.60500 4073.00000
-1.60400 4072.00000
-1.60300 4071.00000
-1.60200 4070.00000
-1.60100 4069.00000
-1.60000 4068.00000
-1.59900 4067.00000
-1.59800 4066.00000
-1.59700 4065.00000
-1.59600 4064.00000
-1.59500 4062.00000
-1.59400 4061.00000
-1.59300 4060.00000
-1.59200 4059.00000
-1.59100 4058.00000
-1.59000 4057.00000
-1.58900 4056.00000
-1.58800 4055.00000
-1.58700 4054.00000
-1.58600 4053.00000
-1.58500 4052.00000
-1.58400 4051.00000
-1.58300 4050.00000
-1.58200 4049.00000
-1.58100 4047.00000
-1.58000 4046.00000
-1.57900 4045.00000
-1.57800 4044.00000
-1.57700 4043.00000
-1.57600 4042.00000
-1.57500 4041.00000
-1.57400 4040.00000
-1.57300 4039.00000
-1.57200 4038.00000
-1.57100 4037.00000
-1.57000 4036.00000
-1.56900 4035.00000
-1.56800 4033.00000
-1.56700 4032.00000
-1.56600 4031.00000
-1.56500 4030.00000
-1.56400 4029.00000
-1.56300 4028.00000
-1.56200 4027.00000
-1.56100 4026.00000
-1.56000 4025.00000
-1.55900 4024.00000
-1.55800 4023.00000
-1.55700 4022.00000
-1.55600 4021.00000
-1.55500 4019.00000
-1.55400 4018.00000
-1.55300 4017.00000
-1.55200 4016.00000
-1.55100 4015.00000
-1.55000 4014.00000
-1.54900 4013.00000
-1.54800 4012.00000
-1.54700 4011.00000
-1.54600 4010.00000
-1.54500 4009.00000
-1.54400 4008.00000
-1.54300 4006.00000
-1.54200 4005.00000
-1.54100 4004.00000
-1.54000 4003.00000
-1.53900 4002.00000
-1.53800 4001.00000
-1.53700 4000.00000
-1.53600 3999.00000
-1.53500 3998.00000
-1.53400 3997.00000
-1.53300 3996.00000
-1.53200 3994.00000
-1.53100 3993.00000
-1.53000 3992.00000
-1.52900 3991.00000
-1.52800 3990.00000
-1.52700 3989.00000
-1.52600 3988.00000
-1.52500 3987.00000
-1.52400 3986.00000
-1.52300 3985.00000
-1.52200 3984.00000
-1.52100 3982.00000
-1.52000 3981.00000
-1.51900 3980.00000
-1.51800 3979.00000
-1.51700 3978.00000
-1.51600 3977.00000
-1.51500 3976.00000
-1.51400 3975.00000
-1.51300 3974.00000
-1.51200 3973.00000
-1.51100 3972.00000
-1.51000 3970.00000
-1.50900 3969.00000
-1.50800 3968.00000
-1.50700 3967.00000
-1.50600 3966.00000
-1.50500 3965.00000
-1.50400 3964.00000
-1.50300 3963.00000
-1.50200 3962.00000
-1.50100 3961.00000
-1.50000 3959.00000
-1.49900 3958.00000
-1.49800 3957.00000
-1.49700 3956.00000
-1.49600 3955.00000
-1.49500 3954.00000
-1.49400 3953.00000
-1.49300 3952.00000
-1.49200 3951.00000
-1.49100 3950.00000
-1.49000 3948.00000
-1.48900 3947.00000
-1.48800 3946.00000
-1.48700 3945.00000
-1.48600 3944.00000
-1.48500 3943.00000
-1.48400 3942.00000
-1.48300 3941.00000
-1.48200 3940.00000
-1.48100 3939.00000
-1.48000 3937.00000
-1.47900 3936.00000
-1.47800 3935.00000
-1.47700 3934.00000
-1.47600 3933.00000
-1.47500 3932.00000
-1.47400 3931.00000
-1.47300 3930.00000
-1.47200 3929.00000
-1.47100 3927.00000
-1.47000 3926.00000
-1.46900 3925.00000
-1.46800 3924.00000
-1.46700 3923.00000
-1.46600 3922.00000
-1.46500 3921.00000
-1.46400 3920.00000
-1.46300 3919.00000
-1.46200 3917.00000
-1.46100 3916.00000
-1.46000 3915.00000
-1.45900 3914.00000
-1.45800 3913.00000
-1.45700 3912.00000
-1.45600 3911.00000
-1.45500 3910.00000
-1.45400 3909.00000
-1.45300 3907.00000
-1.45200 3906.00000
-1.45100 3905.00000
-1.45000 3904.00000
-1.44900 3903.00000
-1.44800 3902.00000
-1.44700 3901.00000
-1.44600 3900.00000
-1.44500 3899.00000
-1.44400 3897.00000
-1.44300 3896.00000
-1.44200 3895.00000
-1.44100 3894.00000
-1.44000 3893.00000
-1.43900 3892.00000
-1.43800 3891.00000
-1.43700 3890.00000
-1.43600 3889.00000
-1.43500 3887.00000
-1.43400 3886.00000
-1.43300 3885.00000
-1.43200 3884.00000
-1.43100 3883.00000
-1.43000 3882.00000
-1.42900 3881.00000
-1.42800 3880.00000
-1.42700 3878.00000
-1.42600 3877.00000
-1.42500 3876.00000
-1.42400 3875.00000
-1.42300 3874.00000
-1.42200 3873.00000
-1.42100 3872.00000
-1.42000 3871.00000
-1.41900 3869.00000
-1.41800 3868.00000
-1.41700 3867.00000
-1.41600 3866.00000
-1.41500 3865.00000
-1.41400 3864.00000
-1.41300 3863.00000
-1.41200 3862.00000
-1.41100 3860.00000
-1.41000 3859.00000
-1.40900 3858.00000
-1.40800 3857.00000
-1.40700 3856.00000
-1.40600 3855.00000
-1.40500 3854.00000
-1.40400 3853.00000
-1.40300 3851.00000
-1.40200 3850.00000
-1.40100 3849.00000
-1.40000 3848.00000
-1.39900 3847.00000
-1.39800 3846.00000
-1.39700 3845.00000
-1.39600 3844.00000
-1.39500 3842.00000
-1.39400 3841.00000
-1.39300 3840.00000
-1.39200 3839.00000
-1.39100 3838.00000
-1.39000 3837.00000
-1.38900 3836.00000
-1.38800 3834.00000
-1.38700 3833.00000
-1.38600 3832.00000
-1.38500 3831.00000
-1.38400 3830.00000
-1.38300 3829.00000
-1.38200 3828.00000
-1.38100 3827.00000
-1.38000 3825.00000
-1.37900 3824.00000
-1.37800 3823.00000
-1.37700 3822.00000
-1.37600 3821.00000
-1.37500 3820.00000
-1.37400 3819.00000
-1.37300 3817.00000
-1.37200 3816.00000
-1.37100 3815.00000
-1.37000 3814.00000
-1.36900 3813.00000
-1.36800 3812.00000
-1.36700 3811.00000
-1.36600 3809.00000
-1.36500 3808.00000
-1.36400 3807.00000
-1.36300 3806.00000
-1.36200 3805.00000
-1.36100 3804.00000
-1.36000 3803.00000
-1.35900 3801.00000
-1.35800 3800.00000
-1.35700 3799.00000
-1.35600 3798.00000
-1.35500 3797.00000
-1.35400 3796.00000
-1.35300 3795.00000
-1.35200 3793.00000
-1.35100 3792.00000
-1.35000 3791.00000
-1.34900 3790.00000
-1.34800 3789.00000
-1.34700 3788.00000
-1.34600 3786.00000
-1.34500 3785.00000
-1.34400 3784.00000
-1.34300 3783.00000
-1.34200 3782.00000
-1.34100 3781.00000
-1.34000 3780.00000
-1.33900 3778.00000
-1.33800 3777.00000
-1.33700 3776.00000
-1.33600 3775.00000
-1.33500 3774.00000
-1.33400 3773.00000
-1.33300 3772.00000
-1.33200 3770.00000
-1.33100 3769.00000
-1.33000 3768.00000
-1.32900 3767.00000
-1.32800 3766.00000
-1.32700 3765.00000
-1.32600 3763.00000
-1.32500 3762.00000
-1.32400 3761.00000
-1.32300 3760.00000
-1.32200 3759.00000
-1.32100 3758.00000
-1.32000 3757.00000
-1.31900 3755.00000
-1.31800 3754.00000
-1.31700 3753.00000
-1.31600 3752.00000
-1.31500 3751.00000
-1.31400 3750.00000
-1.31300 3748.00000
-1.31200 3747.00000
-1.31100 3746.00000
-1.31000 3745.00000
-1.30900 3744.00000
-1.30800 3743.00000
-1.30700 3741.00000
-1.30600 3740.00000
-1.30500 3739.00000
-1.30400 3738.00000
-1.30300 3737.00000
-1.30200 3736.00000
-1.30100 3734.00000
-1.30000 3733.00000
-1.29900 3732.00000
-1.29800 3731.00000
-1.29700 3730.00000
-1.29600 3729.00000
-1.29500 3727.00000
-1.29400 3726.00000
-1.29300 3725.00000
-1.29200 3724.00000
-1.29100 3723.00000
-1.29000 3722.00000
-1.28900 3720.00000
-1.28800 3719.00000
-1.28700 3718.00000
-1.28600 3717.00000
-1.28500 3716.00000
-1.28400 3715.00000
-1.28300 3713.00000
-1.28200 3712.00000
-1.28100 3711.00000
-1.28000 3710.00000
-1.27900 3709.00000
-1.27800 3708.00000
-1.27700 3706.00000
-1.27600 3705.00000
-1.27500 3704.00000
-1.27400 3703.00000
-1.27300 3702.00000
-1.27200 3700.00000
-1.27100 3699.00000
-1.27000 3698.00000
-1.26900 3697.00000
-1.26800 3696.00000
-1.26700 3695.00000
-1.26600 3693.00000
-1.26500 3692.00000
-1.26400 3691.00000
-1.26300 3690.00000
-1.26200 3689.00000
-1.26100 3687.00000
-1.26000 3686.00000
-1.25900 3685.00000
-1.25800 3684.00000
-1.25700 3683.00000
-1.25600 3682.00000
-1.25500 3680.00000
-1.25400 3679.00000
-1.25300 3678.00000
-1.25200 3677.00000
-1.25100 3676.00000
-1.25000 3674.00000
-1.24900 3673.00000
-1.24800 3672.00000
-1.24700 3671.00000
-1.24600 3670.00000
-1.24500 3669.00000
-1.24400 3667.00000
-1.24300 3666.00000
-1.24200 3665.00000
-1.24100 3664.00000
-1.24000 3663.00000
-1.23900 3661.00000
-1.23800 3660.00000
-1.23700 3659.00000
-1.23600 3658.00000
-1.23500 3657.00000
-1.23400 3655.00000
-1.23300 3654.00000
-1.23200 3653.00000
-1.23100 3652.00000
-1.23000 3651.00000
-1.22900 3649.00000
-1.22800 3648.00000
-1.22700 3647.00000
-1.22600 3646.00000
-1.22500 3645.00000
-1.22400 3644.00000
-1.22300 3642.00000
-1.22200 3641.00000
-1.22100 3640.00000
-1.22000 3639.00000
-1.21900 3638.00000
-1.21800 3636.00000
-1.21700 3635.00000
-1.21600 3634.00000
-1.21500 3633.00000
-1.21400 3632.00000
-1.21300 3630.00000
-1.21200 3629.00000
-1.21100 3628.00000
-1.21000 3627.00000
-1.20900 3626.00000
-1.20800 3624.00000
-1.20700 3623.00000
-1.20600 3622.00000
-1.20500 3621.00000
-1.20400 3620.00000
-1.20300 3618.00000
-1.20200 3617.00000
-1.20100 3616.00000
-1.20000 3615.00000
-1.19900 3613.00000
-1.19800 3612.00000
-1.19700 3611.00000
-1.19600 3610.00000
-1.19500 3609.00000
-1.19400 3607.00000
-1.19300 3606.00000
-1.19200 3605.00000
-1.19100 3604.00000
-1.19000 3603.00000
-1.18900 3601.00000
-1.18800 3600.00000
-1.18700 3599.00000
-1.18600 3598.00000
-1.18500 3597.00000
-1.18400 3595.00000
-1.18300 3594.00000
-1.18200 3593.00000
-1.18100 3592.00000
-1.18000 3590.00000
-1.17900 3589.00000
-1.17800 3588.00000
-1.17700 3587.00000
-1.17600 3586.00000
-1.17500 3584.00000
-1.17400 3583.00000
-1.17300 3582.00000
-1.17200 3581.00000
-1.17100 3580.00000
-1.17000 3578.00000
-1.16900 3577.00000
-1.16800 3576.00000
-1.16700 3575.00000
-1.16600 3573.00000
-1.16500 3572.00000
-1.16400 3571.00000
-1.16300 3570.00000
-1.16200 3569.00000
-1.16100 3567.00000
-1.16000 3566.00000
-1.15900 3565.00000
-1.15800 3564.00000
-1.15700 3562.00000
-1.15600 3561.00000
-1.15500 3560.00000
-1.15400 3559.00000
-1.15300 3558.00000
-1.15200 3556.00000
-1.15100 3555.00000
-1.15000 3554.00000
-1.14900 3553.00000
-1.14800 3551.00000
-1.14700 3550.00000
-1.14600 3549.00000
-1.14500 3548.00000
-1.14400 3546.00000
-1.14300 3545.00000
-1.14200 3544.00000
-1.14100 3543.00000
-1.14000 3542.00000
-1.13900 3540.00000
-1.13800 3539.00000
-1.13700 3538.00000
-1.13600 3537.00000
-1.13500 3535.00000
-1.13400 3534.00000
-1.13300 3533.00000
-1.13200 3532.00000
-1.13100 3530.00000
-1.13000 3529.00000
-1.12900 3528.00000
-1.12800 3527.00000
-1.12700 3525.00000
-1.12600 3524.00000
-1.12500 3523.00000
-1.12400 3522.00000
-1.12300 3521.00000
-1.12200 3519.00000
-1.12100 3518.00000
-1.12000 3517.00000
-1.11900 3516.00000
-1.11800 3514.00000
-1.11700 3513.00000
-1.11600 3512.00000
-1.11500 3511.00000
-1.11400 3509.00000
-1.11300 3508.00000
-1.11200 3507.00000
-1.11100 3506.00000
-1.11000 3504.00000
-1.10900 3503.00000
-1.10800 3502.00000
-1.10700 3501.00000
-1.10600 3499.00000
-1.10500 3498.00000
-1.10400 3497.00000
-1.10300 3496.00000
-1.10200 3494.00000
-1.10100 3493.00000
-1.10000 3492.00000
-1.09900 3491.00000
-1.09800 3489.00000
-1.09700 3488.00000
-1.09600 3487.00000
-1.09500 3486.00000
-1.09400 3484.00000
-1.09300 3483.00000
-1.09200 3482.00000
-1.09100 3481.00000
-1.09000 3479.00000
-1.08900 3478.00000
-1.08800 3477.00000
-1.08700 3476.00000
-1.08600 3474.00000
-1.08500 3473.00000
-1.08400 3472.00000
-1.08300 3470.00000
-1.08200 3469.00000
-1.08100 3468.00000
-1.08000 3467.00000
-1.07900 3465.00000
-1.07800 3464.00000
-1.07700 3463.00000
-1.07600 3462.00000
-1.07500 3460.00000
-1.07400 3459.00000
-1.07300 3458.00000
-1.07200 3457.00000
-1.07100 3455.00000
-1.07000 3454.00000
-1.06900 3453.00000
-1.06800 3452.00000
-1.06700 3450.00000
-1.06600 3449.00000
-1.06500 3448.00000
-1.06400 3446.00000
-1.06300 3445.00000
-1.06200 3444.00000
-1.06100 3443.00000
-1.06000 3441.00000
-1.05900 3440.00000
-1.05800 3439.00000
-1.05700 3438.00000
-1.05600 3436.00000
-1.05500 3435.00000
-1.05400 3434.00000
-1.05300 3432.00000
-1.05200 3431.00000
-1.05100 3430.00000
-1.05000 3429.00000
-1.04900 3427.00000
-1.04800 3426.00000
-1.04700 3425.00000
-1.04600 3423.00000
-1.04500 3422.00000
-1.04400 3421.00000
-1.04300 3420.00000
-1.04200 3418.00000
-1.04100 3417.00000
-1.04000 3416.00000
-1.03900 3415.00000
-1.03800 3413.00000
-1.03700 3412.00000
-1.03600 3411.00000
-1.03500 3409.00000
-1.03400 3408.00000
-1.03300 3407.00000
-1.03200 3405.00000
-1.03100 3404.00000
-1.03000 3403.00000
-1.02900 3402.00000
-1.02800 3400.00000
-1.02700 3399.00000
-1.02600 3398.00000
-1.02500 3396.00000
-1.02400 3395.00000
-1.02300 3394.00000
-1.02200 3393.00000
-1.02100 3391.00000
-1.02000 3390.00000
-1.01900 3389.00000
-1.01800 3387.00000
-1.01700 3386.00000
-1.01600 3385.00000
-1.01500 3384.00000
-1.01400 3382.00000
-1.01300 3381.00000
-1.01200 3380.00000
-1.01100 3378.00000
-1.01000 3377.00000
-1.00900 3376.00000
-1.00800 3374.00000
-1.00700 3373.00000
-1.00600 3372.00000
-1.00500 3371.00000
-1.00400 3369.00000
-1.00300 3368.00000
-1.00200 3367.00000
-1.00100 3365.00000
-1.00000 3364.00000
-0.99900 3363.00000
-0.99800 3361.00000
-0.99700 3360.00000
-0.99600 3359.00000
-0.99500 3357.00000
-0.99400 3356.00000
-0.99300 3355.00000
-0.99200 3354.00000
-0.99100 3352.00000
-0.99000 3351.00000
-0.98900 3350.00000
-0.98800 3348.00000
-0.98700 3347.00000
-0.98600 3346.00000
-0.98500 3344.00000
-0.98400 3343.00000
-0.98300 3342.00000
-0.98200 3340.00000
-0.98100 3339.00000
-0.98000 3338.00000
-0.97900 3336.00000
-0.97800 3335.00000
-0.97700 3334.00000
-0.97600 3332.00000
-0.97500 3331.00000
-0.97400 3330.00000
-0.97300 3329.00000
-0.97200 3327.00000
-0.97100 3326.00000
-0.97000 3325.00000
-0.96900 3323.00000
-0.96800 3322.00000
-0.96700 3321.00000
-0.96600 3319.00000
-0.96500 3318.00000
-0.96400 3317.00000
-0.96300 3315.00000
-0.96200 3314.00000
-0.96100 3313.00000
-0.96000 3311.00000
-0.95900 3310.00000
-0.95800 3309.00000
-0.95700 3307.00000
-0.95600 3306.00000
-0.95500 3305.00000
-0.95400 3303.00000
-0.95300 3302.00000
-0.95200 3301.00000
-0.95100 3299.00000
-0.95000 3298.00000
-0.94900 3297.00000
-0.94800 3295.00000
-0.94700 3294.00000
-0.94600 3293.00000
-0.94500 3291.00000
-0.94400 3290.00000
-0.94300 3289.00000
-0.94200 3287.00000
-0.94100 3286.00000
-0.94000 3285.00000
-0.93900 3283.00000
-0.93800 3282.00000
-0.93700 3281.00000
-0.93600 3279.00000
-0.93500 3278.00000
-0.93400 3276.00000
-0.93300 3275.00000
-0.93200 3274.00000
-0.93100 3272.00000
-0.93000 3271.00000
-0.92900 3270.00000
-0.92800 3268.00000
-0.92700 3267.00000
-0.92600 3266.00000
-0.92500 3264.00000
-0.92400 3263.00000
-0.92300 3262.00000
-0.92200 3260.00000
-0.92100 3259.00000
-0.92000 3258.00000
-0.91900 3256.00000
-0.91800 3255.00000
-0.91700 3254.00000
-0.91600 3252.00000
-0.91500 3251.00000
-0.91400 3249.00000
-0.91300 3248.00000
-0.91200 3247.00000
-0.91100 3245.00000
-0.91000 3244.00000
-0.90900 3243.00000
-0.90800 3241.00000
-0.90700 3240.00000
-0.90600 3239.00000
-0.90500 3237.00000
-0.90400 3236.00000
-0.90300 3234.00000
-0.90200 3233.00000
-0.90100 3232.00000
-0.90000 3230.00000
-0.89900 3229.00000
-0.89800 3228.00000
-0.89700 3226.00000
-0.89600 3225.00000
-0.89500 3223.00000
-0.89400 3222.00000
-0.89300 3221.00000
-0.89200 3219.00000
-0.89100 3218.00000
-0.89000 3217.00000
-0.88900 3215.00000
-0.88800 3214.00000
-0.88700 3212.00000
-0.88600 3211.00000
-0.88500 3210.00000
-0.88400 3208.00000
-0.88300 3207.00000
-0.88200 3206.00000
-0.88100 3204.00000
-0.88000 3203.00000
-0.87900 3201.00000
-0.87800 3200.00000
-0.87700 3199.00000
-0.87600 3197.00000
-0.87500 3196.00000
-0.87400 3194.00000
-0.87300 3193.00000
-0.87200 3192.00000
-0.87100 3190.00000
-0.87000 3189.00000
-0.86900 3188.00000
-0.86800 3186.00000
-0.86700 3185.00000
-0.86600 3183.00000
-0.86500 3182.00000
-0.86400 3181.00000
-0.86300 3179.00000
-0.86200 3178.00000
-0.86100 3176.00000
-0.86000 3175.00000
-0.85900 3174.00000
-0.85800 3172.00000
-0.85700 3171.00000
-0.85600 3169.00000
-0.85500 3168.00000
-0.85400 3167.00000
-0.85300 3165.00000
-0.85200 3164.00000
-0.85100 3162.00000
-0.85000 3161.00000
-0.84900 3160.00000
-0.84800 3158.00000
-0.84700 3157.00000
-0.84600 3155.00000
-0.84500 3154.00000
-0.84400 3152.00000
-0.84300 3151.00000
-0.84200 3150.00000
-0.84100 3148.00000
-0.84000 3147.00000
-0.83900 3145.00000
-0.83800 3144.00000
-0.83700 3143.00000
-0.83600 3141.00000
-0.83500 3140.00000
-0.83400 3138.00000
-0.83300 3137.00000
-0.83200 3135.00000
-0.83100 3134.00000
-0.83000 3133.00000
-0.82900 3131.00000
-0.82800 3130.00000
-0.82700 3128.00000
-0.82600 3127.00000
-0.82500 3126.00000
-0.82400 3124.00000
-0.82300 3123.00000
-0.82200 3121.00000
-0.82100 3120.00000
-0.82000 3118.00000
-0.81900 3117.00000
-0.81800 3116.00000
-0.81700 3114.00000
-0.81600 3113.00000
-0.81500 3111.00000
-0.81400 3110.00000
-0.81300 3108.00000
-0.81200 3107.00000
-0.81100 3105.00000
-0.81000 3104.00000
-0.80900 3103.00000
-0.80800 3101.00000
-0.80700 3100.00000
-0.80600 3098.00000
-0.80500 3097.00000
-0.80400 3095.00000
-0.80300 3094.00000
-0.80200 3092.00000
-0.80100 3091.00000
-0.80000 3090.00000
-0.79900 3088.00000
-0.79800 3087.00000
-0.79700 3085.00000
-0.79600 3084.00000
-0.79500 3082.00000
-0.79400 3081.00000
-0.79300 3079.00000
-0.79200 3078.00000
-0.79100 3077.00000
-0.79000 3075.00000
-0.78900 3074.00000
-0.78800 3072.00000
-0.78700 3071.00000
-0.78600 3069.00000
-0.78500 3068.00000
-0.78400 3066.00000
-0.78300 3065.00000
-0.78200 3063.00000
-0.78100 3062.00000
-0.78000 3060.00000
-0.77900 3059.00000
-0.77800 3058.00000
-0.77700 3056.00000
-0.77600 3055.00000
-0.77500 3053.00000
-0.77400 3052.00000
-0.77300 3050.00000
-0.77200 3049.00000
-0.77100 3047.00000
-0.77000 3046.00000
-0.76900 3044.00000
-0.76800 3043.00000
-0.76700 3041.00000
-0.76600 3040.00000
-0.76500 3038.00000
-0.76400 3037.00000
-0.76300 3035.00000
-0.76200 3034.00000
-0.76100 3032.00000
-0.76000 3031.00000
-0.75900 3029.00000
-0.75800 3028.00000
-0.75700 3026.00000
-0.75600 3025.00000
-0.75500 3024.00000
-0.75400 3022.00000
-0.75300 3021.00000
-0.75200 3019.00000
-0.75100 3018.00000
-0.75000 3016.00000
-0.74900 3015.00000
-0.74800 3013.00000
-0.74700 3012.00000
-0.74600 3010.00000
-0.74500 3009.00000
-0.74400 3007.00000
-0.74300 3006.00000
-0.74200 3004.00000
-0.74100 3003.00000
-0.74000 3001.00000
-0.73900 3000.00000
-0.73800 2998.00000
-0.73700 2997.00000
-0.73600 2995.00000
-0.73500 2994.00000
-0.73400 2992.00000
-0.73300 2991.00000
-0.73200 2989.00000
-0.73100 2988.00000
-0.73000 2986.00000
-0.72900 2984.00000
-0.72800 2983.00000
-0.72700 2981.00000
-0.72600 2980.00000
-0.72500 2978.00000
-0.72400 2977.00000
-0.72300 2975.00000
-0.72200 2974.00000
-0.72100 2972.00000
-0.72000 2971.00000
-0.71900 2969.00000
-0.71800 2968.00000
-0.71700 2966.00000
-0.71600 2965.00000
-0.71500 2963.00000
-0.71400 2962.00000
-0.71300 2960.00000
-0.71200 2959.00000
-0.71100 2957.00000
-0.71000 2956.00000
-0.70900 2954.00000
-0.70800 2952.00000
-0.70700 2951.00000
-0.70600 2949.00000
-0.70500 2948.00000
-0.70400 2946.00000
-0.70300 2945.00000
-0.70200 2943.00000
-0.70100 2942.00000
-0.70000 2940.00000
-0.69900 2939.00000
-0.69800 2937.00000
-0.69700 2935.00000
-0.69600 2934.00000
-0.69500 2932.00000
-0.69400 2931.00000
-0.69300 2929.00000
-0.69200 2928.00000
-0.69100 2926.00000
-0.69000 2925.00000
-0.68900 2923.00000
-0.68800 2921.00000
-0.68700 2920.00000
-0.68600 2918.00000
-0.68500 2917.00000
-0.68400 2915.00000
-0.68300 2914.00000
-0.68200 2912.00000
-0.68100 2911.00000
-0.68000 2909.00000
-0.67900 2907.00000
-0.67800 2906.00000
-0.67700 2904.00000
-0.67600 2903.00000
-0.67500 2901.00000
-0.67400 2900.00000
-0.67300 2898.00000
-0.67200 2896.00000
-0.67100 2895.00000
-0.67000 2893.00000
-0.66900 2892.00000
-0.66800 2890.00000
-0.66700 2888.00000
-0.66600 2887.00000
-0.66500 2885.00000
-0.66400 2884.00000
-0.66300 2882.00000
-0.66200 2881.00000
-0.66100 2879.00000
-0.66000 2877.00000
-0.65900 2876.00000
-0.65800 2874.00000
-0.65700 2873.00000
-0.65600 2871.00000
-0.65500 2869.00000
-0.65400 2868.00000
-0.65300 2866.00000
-0.65200 2865.00000
-0.65100 2863.00000
-0.65000 2861.00000
-0.64900 2860.00000
-0.64800 2858.00000
-0.64700 2857.00000
-0.64600 2855.00000
-0.64500 2853.00000
-0.64400 2852.00000
-0.64300 2850.00000
-0.64200 2848.00000
-0.64100 2847.00000
-0.64000 2845.00000
-0.63900 2844.00000
-0.63800 2842.00000
-0.63700 2840.00000
-0.63600 2839.00000
-0.63500 2837.00000
-0.63400 2836.00000
-0.63300 2834.00000
-0.63200 2832.00000
-0.63100 2831.00000
-0.63000 2829.00000
-0.62900 2827.00000
-0.62800 2826.00000
-0.62700 2824.00000
-0.62600 2822.00000
-0.62500 2821.00000
-0.62400 2819.00000
-0.62300 2818.00000
-0.62200 2816.00000
-0.62100 2814.00000
-0.62000 2813.00000
-0.61900 2811.00000
-0.61800 2809.00000
-0.61700 2808.00000
-0.61600 2806.00000
-0.61500 2804.00000
-0.61400 2803.00000
-0.61300 2801.00000
-0.61200 2799.00000
-0.61100 2798.00000
-0.61000 2796.00000
-0.60900 2794.00000
-0.60800 2793.00000
-0.60700 2791.00000
-0.60600 2789.00000
-0.60500 2788.00000
-0.60400 2786.00000
-0.60300 2784.00000
-0.60200 2783.00000
-0.60100 2781.00000
-0.60000 2779.00000
-0.59900 2778.00000
-0.59800 2776.00000
-0.59700 2774.00000
-0.59600 2773.00000
-0.59500 2771.00000
-0.59400 2769.00000
-0.59300 2768.00000
-0.59200 2766.00000
-0.59100 2764.00000
-0.59000 2763.00000
-0.58900 2761.00000
-0.58800 2759.00000
-0.58700 2758.00000
-0.58600 2756.00000
-0.58500 2754.00000
-0.58400 2752.00000
-0.58300 2751.00000
-0.58200 2749.00000
-0.58100 2747.00000
-0.58000 2746.00000
-0.57900 2744.00000
-0.57800 2742.00000
-0.57700 2740.00000
-0.57600 2739.00000
-0.57500 2737.00000
-0.57400 2735.00000
-0.57300 2734.00000
-0.57200 2732.00000
-0.57100 2730.00000
-0.57000 2728.00000
-0.56900 2727.00000
-0.56800 2725.00000
-0.56700 2723.00000
-0.56600 2722.00000
-0.56500 2720.00000
-0.56400 2718.00000
-0.56300 2716.00000
-0.56200 2715.00000
-0.56100 2713.00000
-0.56000 2711.00000
-0.55900 2709.00000
-0.55800 2708.00000
-0.55700 2706.00000
-0.55600 2704.00000
-0.55500 2702.00000
-0.55400 2701.00000
-0.55300 2699.00000
-0.55200 2697.00000
-0.55100 2695.00000
-0.55000 2694.00000
-0.54900 2692.00000
-0.54800 2690.00000
-0.54700 2688.00000
-0.54600 2687.00000
-0.54500 2685.00000
-0.54400 2683.00000
-0.54300 2681.00000
-0.54200 2680.00000
-0.54100 2678.00000
-0.54000 2676.00000
-0.53900 2674.00000
-0.53800 2673.00000
-0.53700 2671.00000
-0.53600 2669.00000
-0.53500 2667.00000
-0.53400 2665.00000
-0.53300 2664.00000
-0.53200 2662.00000
-0.53100 2660.00000
-0.53000 2658.00000
-0.52900 2656.00000
-0.52800 2655.00000
-0.52700 2653.00000
-0.52600 2651.00000
-0.52500 2649.00000
-0.52400 2647.00000
-0.52300 2646.00000
-0.52200 2644.00000
-0.52100 2642.00000
-0.52000 2640.00000
-0.51900 2638.00000
-0.51800 2637.00000
-0.51700 2635.00000
-0.51600 2633.00000
-0.51500 2631.00000
-0.51400 2629.00000
-0.51300 2628.00000
-0.51200 2626.00000
-0.51100 2624.00000
-0.51000 2622.00000
-0.50900 2620.00000
-0.50800 2618.00000
-0.50700 2617.00000
-0.50600 2615.00000
-0.50500 2613.00000
-0.50400 2611.00000
-0.50300 2609.00000
-0.50200 2607.00000
-0.50100 2605.00000
-0.50000 2604.00000
-0.49900 2602.00000
-0.49800 2600.00000
-0.49700 2598.00000
-0.49600 2596.00000
-0.49500 2594.00000
-0.49400 2592.00000
-0.49300 2591.00000
-0.49200 2589.00000
-0.49100 2587.00000
-0.49000 2585.00000
-0.48900 2583.00000
-0.48800 2581.00000
-0.48700 2579.00000
-0.48600 2577.00000
-0.48500 2576.00000
-0.48400 2574.00000
-0.48300 2572.00000
-0.48200 2570.00000
-0.48100 2568.00000
-0.48000 2566.00000
-0.47900 2564.00000
-0.47800 2562.00000
-0.47700 2560.00000
-0.47600 2559.00000
-0.47500 2557.00000
-0.47400 2555.00000
-0.47300 2553.00000
-0.47200 2551.00000
-0.47100 2549.00000
-0.47000 2547.00000
-0.46900 2545.00000
-0.46800 2543.00000
-0.46700 2541.00000
-0.46600 2539.00000
-0.46500 2537.00000
-0.46400 2536.00000
-0.46300 2534.00000
-0.46200 2532.00000
-0.46100 2530.00000
-0.46000 2528.00000
-0.45900 2526.00000
-0.45800 2524.00000
-0.45700 2522.00000
-0.45600 2520.00000
-0.45500 2518.00000
-0.45400 2516.00000
-0.45300 2514.00000
-0.45200 2512.00000
-0.45100 2510.00000
-0.45000 2508.00000
-0.44900 2506.00000
-0.44800 2504.00000
-0.44700 2502.00000
-0.44600 2500.00000
-0.44500 2498.00000
-0.44400 2496.00000
-0.44300 2494.00000
-0.44200 2492.00000
-0.44100 2490.00000
-0.44000 2488.00000
-0.43900 2486.00000
-0.43800 2484.00000
-0.43700 2482.00000
-0.43600 2480.00000
-0.43500 2478.00000
-0.43400 2476.00000
-0.43300 2474.00000
-0.43200 2472.00000
-0.43100 2470.00000
-0.43000 2468.00000
-0.42900 2466.00000
-0.42800 2464.00000
-0.42700 2462.00000
-0.42600 2460.00000
-0.42500 2458.00000
-0.42400 2456.00000
-0.42300 2454.00000
-0.42200 2452.00000
-0.42100 2450.00000
-0.42000 2448.00000
-0.41900 2446.00000
-0.41800 2444.00000
-0.41700 2442.00000
-0.41600 2440.00000
-0.41500 2438.00000
-0.41400 2436.00000
-0.41300 2433.00000
-0.41200 2431.00000
-0.41100 2429.00000
-0.41000 2427.00000
-0.40900 2425.00000
-0.40800 2423.00000
-0.40700 2421.00000
-0.40600 2419.00000
-0.40500 2417.00000
-0.40400 2415.00000
-0.40300 2413.00000
-0.40200 2410.00000
-0.40100 2408.00000
-0.40000 2406.00000
-0.39900 2404.00000
-0.39800 2402.00000
-0.39700 2400.00000
-0.39600 2398.00000
-0.39500 2396.00000
-0.39400 2394.00000
-0.39300 2391.00000
-0.39200 2389.00000
-0.39100 2387.00000
-0.39000 2385.00000
-0.38900 2383.00000
-0.38800 2381.00000
-0.38700 2379.00000
-0.38600 2376.00000
-0.38500 2374.00000
-0.38400 2372.00000
-0.38300 2370.00000
-0.38200 2368.00000
-0.38100 2365.00000
-0.38000 2363.00000
-0.37900 2361.00000
-0.37800 2359.00000
-0.37700 2357.00000
-0.37600 2355.00000
-0.37500 2352.00000
-0.37400 2350.00000
-0.37300 2348.00000
-0.37200 2346.00000
-0.37100 2344.00000
-0.37000 2341.00000
-0.36900 2339.00000
-0.36800 2337.00000
-0.36700 2335.00000
-0.36600 2332.00000
-0.36500 2330.00000
-0.36400 2328.00000
-0.36300 2326.00000
-0.36200 2323.00000
-0.36100 2321.00000
-0.36000 2319.00000
-0.35900 2317.00000
-0.35800 2314.00000
-0.35700 2312.00000
-0.35600 2310.00000
-0.35500 2308.00000
-0.35400 2305.00000
-0.35300 2303.00000
-0.35200 2301.00000
-0.35100 2298.00000
-0.35000 2296.00000
-0.34900 2294.00000
-0.34800 2292.00000
-0.34700 2289.00000
-0.34600 2287.00000
-0.34500 2285.00000
-0.34400 2282.00000
-0.34300 2280.00000
-0.34200 2278.00000
-0.34100 2275.00000
-0.34000 2273.00000
-0.33900 2271.00000
-0.33800 2268.00000
-0.33700 2266.00000
-0.33600 2263.00000
-0.33500 2261.00000
-0.33400 2259.00000
-0.33300 2256.00000
-0.33200 2254.00000
-0.33100 2252.00000
-0.33000 2249.00000
-0.32900 2247.00000
-0.32800 2244.00000
-0.32700 2242.00000
-0.32600 2240.00000
-0.32500 2237.00000
-0.32400 2235.00000
-0.32300 2232.00000
-0.32200 2230.00000
-0.32100 2228.00000
-0.32000 2225.00000
-0.31900 2223.00000
-0.31800 2220.00000
-0.31700 2218.00000
-0.31600 2215.00000
-0.31500 2213.00000
-0.31400 2210.00000
-0.31300 2208.00000
-0.31200 2205.00000
-0.31100 2203.00000
-0.31000 2200.00000
-0.30900 2198.00000
-0.30800 2195.00000
-0.30700 2193.00000
-0.30600 2190.00000
-0.30500 2188.00000
-0.30400 2185.00000
-0.30300 2183.00000
-0.30200 2180.00000
-0.30100 2178.00000
-0.30000 2175.00000
-0.29900 2173.00000
-0.29800 2170.00000
-0.29700 2168.00000
-0.29600 2165.00000
-0.29500 2162.00000
-0.29400 2160.00000
-0.29300 2157.00000
-0.29200 2155.00000
-0.29100 2152.00000
-0.29000 2149.00000
-0.28900 2147.00000
-0.28800 2144.00000
-0.28700 2142.00000
-0.28600 2139.00000
-0.28500 2136.00000
-0.28400 2134.00000
-0.28300 2131.00000
-0.28200 2128.00000
-0.28100 2126.00000
-0.28000 2123.00000
-0.27900 2120.00000
-0.27800 2118.00000
-0.27700 2115.00000
-0.27600 2112.00000
-0.27500 2110.00000
-0.27400 2107.00000
-0.27300 2104.00000
-0.27200 2102.00000
-0.27100 2099.00000
-0.27000 2096.00000
-0.26900 2093.00000
-0.26800 2091.00000
-0.26700 2088.00000
-0.26600 2085.00000
-0.26500 2082.00000
-0.26400 2080.00000
-0.26300 2077.00000
-0.26200 2074.00000
-0.26100 2071.00000
-0.26000 2068.00000
-0.25900 2066.00000
-0.25800 2063.00000
-0.25700 2060.00000
-0.25600 2057.00000
-0.25500 2054.00000
-0.25400 2051.00000
-0.25300 2049.00000
-0.25200 2046.00000
-0.25100 2043.00000
-0.25000 2040.00000
-0.24900 2037.00000
-0.24800 2034.00000
-0.24700 2031.00000
-0.24600 2028.00000
-0.24500 2025.00000
-0.24400 2022.00000
-0.24300 2019.00000
-0.24200 2017.00000
-0.24100 2014.00000
-0.24000 2011.00000
-0.23900 2008.00000
-0.23800 2005.00000
-0.23700 2002.00000
-0.23600 1999.00000
-0.23500 1996.00000
-0.23400 1993.00000
-0.23300 1990.00000
-0.23200 1987.00000
-0.23100 1983.00000
-0.23000 1980.00000
-0.22900 1977.00000
-0.22800 1974.00000
-0.22700 1971.00000
-0.22600 1968.00000
-0.22500 1965.00000
-0.22400 1962.00000
-0.22300 1959.00000
-0.22200 1956.00000
-0.22100 1952.00000
-0.22000 1949.00000
-0.21900 1946.00000
-0.21800 1943.00000
-0.21700 1940.00000
-0.21600 1937.00000
-0.21500 1933.00000
-0.21400 1930.00000
-0.21300 1927.00000
-0.21200 1924.00000
-0.21100 1920.00000
-0.21000 1917.00000
-0.20900 1914.00000
-0.20800 1911.00000
-0.20700 1907.00000
-0.20600 1904.00000
-0.20500 1901.00000
-0.20400 1897.00000
-0.20300 1894.00000
-0.20200 1891.00000
-0.20100 1887.00000
-0.20000 1884.00000
-0.19900 1880.00000
-0.19800 1877.00000
-0.19700 1874.00000
-0.19600 1870.00000
-0.19500 1867.00000
-0.19400 1863.00000
-0.19300 1860.00000
-0.19200 1856.00000
-0.19100 1853.00000
-0.19000 1849.00000
-0.18900 1846.00000
-0.18800 1842.00000
-0.18700 1839.00000
-0.18600 1835.00000
-0.18500 1831.00000
-0.18400 1828.00000
-0.18300 1824.00000
-0.18200 1821.00000
-0.18100 1817.00000
-0.18000 1813.00000
-0.17900 1810.00000
-0.17800 1806.00000
-0.17700 1802.00000
-0.17600 1798.00000
-0.17500 1795.00000
-0.17400 1791.00000
-0.17300 1787.00000
-0.17200 1783.00000
-0.17100 1780.00000
-0.17000 1776.00000
-0.16900 1772.00000
-0.16800 1768.00000
-0.16700 1764.00000
-0.16600 1760.00000
-0.16500 1756.00000
-0.16400 1753.00000
-0.16300 1749.00000
-0.16200 1745.00000
-0.16100 1741.00000
-0.16000 1737.00000
-0.15900 1733.00000
-0.15800 1729.00000
-0.15700 1725.00000
-0.15600 1720.00000
-0.15500 1716.00000
-0.15400 1712.00000
-0.15300 1708.00000
-0.15200 1704.00000
-0.15100 1700.00000
-0.15000 1696.00000
-0.14900 1691.00000
-0.14800 1687.00000
-0.14700 1683.00000
-0.14600 1679.00000
-0.14500 1674.00000
-0.14400 1670.00000
-0.14300 1666.00000
-0.14200 1661.00000
-0.14100 1657.00000
-0.14000 1652.00000
-0.13900 1648.00000
-0.13800 1644.00000
-0.13700 1639.00000
-0.13600 1635.00000
-0.13500 1630.00000
-0.13400 1625.00000
-0.13300 1621.00000
-0.13200 1616.00000
-0.13100 1612.00000
-0.13000 1607.00000
-0.12900 1602.00000
-0.12800 1598.00000
-0.12700 1593.00000
-0.12600 1588.00000
-0.12500 1583.00000
-0.12400 1578.00000
-0.12300 1573.00000
-0.12200 1569.00000
-0.12100 1564.00000
-0.12000 1559.00000
-0.11900 1554.00000
-0.11800 1549.00000
-0.11700 1544.00000
-0.11600 1538.00000
-0.11500 1533.00000
-0.11400 1528.00000
-0.11300 1523.00000
-0.11200 1518.00000
-0.11100 1513.00000
-0.11000 1507.00000
-0.10900 1502.00000
-0.10800 1497.00000
-0.10700 1491.00000
-0.10600 1486.00000
-0.10500 1480.00000
-0.10400 1475.00000
-0.10300 1469.00000
-0.10200 1464.00000
-0.10100 1458.00000
-0.10000 1452.00000
-0.09900 1446.00000
-0.09800 1441.00000
-0.09700 1435.00000
-0.09600 1429.00000
-0.09500 1423.00000
-0.09400 1417.00000
-0.09300 1411.00000
-0.09200 1405.00000
-0.09100 1399.00000
-0.09000 1393.00000
-0.08900 1387.00000
-0.08800 1380.00000
-0.08700 1374.00000
-0.08600 1368.00000
-0.08500 1361.00000
-0.08400 1355.00000
-0.08300 1348.00000
-0.08200 1342.00000
-0.08100 1335.00000
-0.08000 1328.00000
-0.07900 1322.00000
-0.07800 1315.00000
-0.07700 1308.00000
-0.07600 1301.00000
-0.07500 1294.00000
-0.07400 1287.00000
-0.07300 1280.00000
-0.07200 1273.00000
-0.07100 1265.00000
-0.07000 1258.00000
-0.06800 1243.00000
-0.06700 1235.00000
-0.06600 1228.00000
-0.06500 1220.00000
-0.06400 1212.00000
-0.06300 1204.00000
-0.06200 1196.00000
-0.06100 1188.00000
-0.06000 1180.00000
-0.05900 1172.00000
-0.05800 1163.00000
-0.05700 1155.00000
-0.05600 1146.00000
-0.05500 1137.00000
-0.05400 1129.00000
-0.05300 1120.00000
-0.05200 1111.00000
-0.05100 1102.00000
-0.05000 1092.00000
-0.04900 1083.00000
-0.04800 1073.00000
-0.04700 1064.00000
-0.04500 1044.00000
-0.04300 1024.00000
-0.04100 1003.00000
-0.04000 992.00000
-0.03900 981.00000
-0.03800 970.00000
-0.03700 959.00000
-0.03600 948.00000
-0.03500 936.00000
-0.03200 900.00000
-0.03100 888.00000
-0.03000 875.00000
-0.02900 862.00000
-0.02600 822.00000
-0.02500 808.00000
-0.02300 779.00000
-0.02200 764.00000
-0.02100 748.00000
-0.02000 733.00000
-0.01900 716.00000
-0.01800 700.00000
-0.01700 683.00000
-0.01400 628.00000
-0.01300 609.00000
-0.01200 589.00000
-0.01000 546.00000
-0.00900 524.00000
-0.00800 500.00000
-0.00700 476.00000
-0.00600 450.00000
-0.00500 422.00000
-0.00400 393.00000
-0.00300 361.00000
-0.00200 327.00000
