-0.60200 4999.00000
-0.60100 4996.00000
-0.60000 4993.00000
-0.59900 4990.00000
-0.59800 4987.00000
-0.59700 4984.00000
-0.59600 4981.00000
-0.59500 4978.00000
-0.59400 4975.00000
-0.59300 4972.00000
-0.59200 4969.00000
-0.59100 4966.00000
-0.59000 4963.00000
-0.58900 4960.00000
-0.58800 4957.00000
-0.58700 4954.00000
-0.58600 4952.00000
-0.58500 4949.00000
-0.58400 4946.00000
-0.58300 4943.00000
-0.58200 4940.00000
-0.58100 4937.00000
-0.58000 4934.00000
-0.57900 4931.00000
-0.57800 4927.00000
-0.57700 4924.00000
-0.57600 4921.00000
-0.57500 4918.00000
-0.57400 4915.00000
-0.57300 4912.00000
-0.57200 4909.00000
-0.57100 4906.00000
-0.57000 4903.00000
-0.56900 4900.00000
-0.56800 4898.00000
-0.56700 4895.00000
-0.56600 4891.00000
-0.56500 4888.00000
-0.56400 4885.00000
-0.56300 4882.00000
-0.56200 4879.00000
-0.56100 4876.00000
-0.56000 4873.00000
-0.55900 4870.00000
-0.55800 4867.00000
-0.55700 4864.00000
-0.55600 4861.00000
-0.55500 4858.00000
-0.55400 4855.00000
-0.55300 4851.00000
-0.55200 4848.00000
-0.55100 4845.00000
-0.55000 4842.00000
-0.54900 4839.00000
-0.54800 4836.00000
-0.54700 4833.00000
-0.54600 4830.00000
-0.54500 4827.00000
-0.54400 4824.00000
-0.54300 4820.00000
-0.54200 4817.00000
-0.54100 4814.00000
-0.54000 4811.00000
-0.53900 4808.00000
-0.53800 4805.00000
-0.53700 4802.00000
-0.53600 4799.00000
-0.53500 4795.00000
-0.53400 4792.00000
-0.53300 4789.00000
-0.53200 4786.00000
-0.53100 4783.00000
-0.53000 4780.00000
-0.52900 4777.00000
-0.52800 4773.00000
-0.52700 4770.00000
-0.52600 4767.00000
-0.52500 4764.00000
-0.52400 4761.00000
-0.52300 4758.00000
-0.52200 4754.00000
-0.52100 4751.00000
-0.52000 4748.00000
-0.51900 4745.00000
-0.51800 4742.00000
-0.51700 4738.00000
-0.51600 4735.00000
-0.51500 4732.00000
-0.51400 4729.00000
-0.51300 4726.00000
-0.51200 4722.00000
-0.51100 4719.00000
-0.51000 4716.00000
-0.50900 4713.00000
-0.50800 4709.00000
-0.50700 4706.00000
-0.50600 4703.00000
-0.50500 4700.00000
-0.50400 4696.00000
-0.50300 4693.00000
-0.50200 4690.00000
-0.50100 4687.00000
-0.50000 4683.00000
-0.49900 4680.00000
-0.49800 4677.00000
-0.49700 4674.00000
-0.49600 4670.00000
-0.49500 4667.00000
-0.49400 4664.00000
-0.49300 4661.00000
-0.49200 4657.00000
-0.49100 4654.00000
-0.49000 4651.00000
-0.48900 4647.00000
-0.48800 4644.00000
-0.48700 4641.00000
-0.48600 4637.00000
-0.48500 4634.00000
-0.48400 4631.00000
-0.48300 4627.00000
-0.48200 4624.00000
-0.48100 4621.00000
-0.48000 4617.00000
-0.47900 4614.00000
-0.47800 4611.00000
-0.47700 4607.00000
-0.47600 4604.00000
-0.47500 4601.00000
-0.47400 4597.00000
-0.47300 4594.00000
-0.47200 4591.00000
-0.47100 4587.00000
-0.47000 4584.00000
-0.46900 4580.00000
-0.46800 4577.00000
-0.46700 4574.00000
-0.46600 4570.00000
-0.46500 4567.00000
-0.46400 4563.00000
-0.46300 4560.00000
-0.46200 4557.00000
-0.46100 4553.00000
-0.46000 4550.00000
-0.45900 4546.00000
-0.45800 4543.00000
-0.45700 4540.00000
-0.45600 4536.00000
-0.45500 4533.00000
-0.45400 4529.00000
-0.45300 4526.00000
-0.45200 4522.00000
-0.45100 4519.00000
-0.45000 4515.00000
-0.44900 4512.00000
-0.44800 4508.00000
-0.44700 4505.00000
-0.44600 4501.00000
-0.44500 4498.00000
-0.44400 4494.00000
-0.44300 4491.00000
-0.44200 4487.00000
-0.44100 4484.00000
-0.44000 4480.00000
-0.43900 4477.00000
-0.43800 4473.00000
-0.43700 4470.00000
-0.43600 4466.00000
-0.43500 4463.00000
-0.43400 4459.00000
-0.43300 4456.00000
-0.43200 4452.00000
-0.43100 4449.00000
-0.43000 4445.00000
-0.42900 4441.00000
-0.42800 4438.00000
-0.42700 4434.00000
-0.42600 4431.00000
-0.42500 4427.00000
-0.42400 4424.00000
-0.42300 4420.00000
-0.42200 4416.00000
-0.42100 4412.00000
-0.42000 4410.00000
-0.41900 4406.00000
-0.41800 4402.00000
-0.41700 4399.00000
-0.41600 4395.00000
-0.41500 4391.00000
-0.41400 4388.00000
-0.41300 4384.00000
-0.41200 4380.00000
-0.41100 4377.00000
-0.41000 4373.00000
-0.40900 4369.00000
-0.40800 4366.00000
-0.40700 4362.00000
-0.40600 4358.00000
-0.40500 4354.00000
-0.40400 4351.00000
-0.40300 4347.00000
-0.40200 4343.00000
-0.40100 4340.00000
-0.40000 4336.00000
-0.39900 4332.00000
-0.39800 4328.00000
-0.39700 4325.00000
-0.39600 4321.00000
-0.39500 4317.00000
-0.39400 4313.00000
-0.39300 4310.00000
-0.39200 4306.00000
-0.39100 4302.00000
-0.39000 4298.00000
-0.38900 4295.00000
-0.38800 4291.00000
-0.38700 4287.00000
-0.38600 4283.00000
-0.38500 4279.00000
-0.38400 4276.00000
-0.38300 4272.00000
-0.38200 4268.00000
-0.38100 4264.00000
-0.38000 4260.00000
-0.37900 4256.00000
-0.37800 4253.00000
-0.37700 4249.00000
-0.37600 4245.00000
-0.37500 4241.00000
-0.37400 4237.00000
-0.37300 4233.00000
-0.37200 4229.00000
-0.37100 4225.00000
-0.37000 4222.00000
-0.36900 4218.00000
-0.36800 4214.00000
-0.36700 4210.00000
-0.36600 4206.00000
-0.36500 4202.00000
-0.36400 4198.00000
-0.36300 4194.00000
-0.36200 4190.00000
-0.36100 4186.00000
-0.36000 4182.00000
-0.35900 4178.00000
-0.35800 4174.00000
-0.35700 4170.00000
-0.35600 4166.00000
-0.35500 4162.00000
-0.35400 4158.00000
-0.35300 4154.00000
-0.35200 4150.00000
-0.35100 4146.00000
-0.35000 4142.00000
-0.34900 4138.00000
-0.34800 4134.00000
-0.34700 4130.00000
-0.34600 4126.00000
-0.34500 4122.00000
-0.34400 4118.00000
-0.34300 4114.00000
-0.34200 4109.00000
-0.34100 4105.00000
-0.34000 4101.00000
-0.33900 4097.00000
-0.33800 4093.00000
-0.33700 4089.00000
-0.33600 4085.00000
-0.33500 4080.00000
-0.33400 4076.00000
-0.33300 4072.00000
-0.33200 4068.00000
-0.33100 4064.00000
-0.33000 4060.00000
-0.32900 4055.00000
-0.32800 4051.00000
-0.32700 4047.00000
-0.32600 4043.00000
-0.32500 4038.00000
-0.32400 4034.00000
-0.32300 4030.00000
-0.32200 4026.00000
-0.32100 4021.00000
-0.32000 4017.00000
-0.31900 4012.00000
-0.31800 4009.00000
-0.31700 4005.00000
-0.31600 4000.00000
-0.31500 3996.00000
-0.31400 3991.00000
-0.31300 3987.00000
-0.31200 3983.00000
-0.31100 3978.00000
-0.31000 3974.00000
-0.30900 3969.00000
-0.30800 3965.00000
-0.30700 3961.00000
-0.30600 3956.00000
-0.30500 3952.00000
-0.30400 3947.00000
-0.30300 3943.00000
-0.30200 3938.00000
-0.30100 3934.00000
-0.30000 3930.00000
-0.29900 3925.00000
-0.29800 3921.00000
-0.29700 3916.00000
-0.29600 3912.00000
-0.29500 3907.00000
-0.29400 3903.00000
-0.29300 3898.00000
-0.29200 3893.00000
-0.29100 3889.00000
-0.29000 3884.00000
-0.28900 3880.00000
-0.28800 3875.00000
-0.28700 3870.00000
-0.28600 3866.00000
-0.28500 3861.00000
-0.28400 3857.00000
-0.28300 3852.00000
-0.28200 3847.00000
-0.28100 3843.00000
-0.28000 3838.00000
-0.27900 3833.00000
-0.27800 3829.00000
-0.27700 3824.00000
-0.27600 3819.00000
-0.27500 3814.00000
-0.27400 3810.00000
-0.27300 3805.00000
-0.27200 3800.00000
-0.27100 3795.00000
-0.27000 3790.00000
-0.26900 3786.00000
-0.26800 3781.00000
-0.26700 3776.00000
-0.26600 3771.00000
-0.26500 3766.00000
-0.26400 3761.00000
-0.26300 3756.00000
-0.26200 3752.00000
-0.26100 3747.00000
-0.26000 3742.00000
-0.25900 3737.00000
-0.25800 3732.00000
-0.25700 3727.00000
-0.25600 3722.00000
-0.25500 3717.00000
-0.25400 3712.00000
-0.25300 3707.00000
-0.25200 3702.00000
-0.25100 3697.00000
-0.25000 3692.00000
-0.24900 3686.00000
-0.24800 3681.00000
-0.24700 3675.00000
-0.24600 3672.00000
-0.24500 3667.00000
-0.24400 3661.00000
-0.24300 3656.00000
-0.24200 3651.00000
-0.24100 3646.00000
-0.24000 3640.00000
-0.23900 3635.00000
-0.23800 3630.00000
-0.23700 3625.00000
-0.23600 3619.00000
-0.23500 3614.00000
-0.23400 3609.00000
-0.23300 3603.00000
-0.23200 3598.00000
-0.23100 3593.00000
-0.23000 3587.00000
-0.22900 3582.00000
-0.22800 3577.00000
-0.22700 3571.00000
-0.22600 3566.00000
-0.22500 3560.00000
-0.22400 3555.00000
-0.22300 3549.00000
-0.22200 3544.00000
-0.22100 3538.00000
-0.22000 3533.00000
-0.21900 3527.00000
-0.21800 3522.00000
-0.21700 3516.00000
-0.21600 3510.00000
-0.21500 3505.00000
-0.21400 3499.00000
-0.21300 3493.00000
-0.21200 3488.00000
-0.21100 3482.00000
-0.21000 3476.00000
-0.20900 3470.00000
-0.20800 3465.00000
-0.20700 3459.00000
-0.20600 3453.00000
-0.20500 3447.00000
-0.20400 3441.00000
-0.20300 3435.00000
-0.20200 3430.00000
-0.20100 3424.00000
-0.20000 3418.00000
-0.19900 3412.00000
-0.19800 3406.00000
-0.19700 3399.00000
-0.19600 3392.00000
-0.19500 3389.00000
-0.19400 3382.00000
-0.19300 3376.00000
-0.19200 3370.00000
-0.19100 3363.00000
-0.19000 3357.00000
-0.18900 3351.00000
-0.18800 3345.00000
-0.18700 3339.00000
-0.18600 3332.00000
-0.18500 3326.00000
-0.18400 3320.00000
-0.18300 3313.00000
-0.18200 3307.00000
-0.18100 3301.00000
-0.18000 3294.00000
-0.17900 3288.00000
-0.17800 3281.00000
-0.17700 3275.00000
-0.17600 3268.00000
-0.17500 3262.00000
-0.17400 3255.00000
-0.17300 3248.00000
-0.17200 3242.00000
-0.17100 3235.00000
-0.17000 3228.00000
-0.16900 3222.00000
-0.16800 3215.00000
-0.16700 3208.00000
-0.16600 3201.00000
-0.16500 3195.00000
-0.16400 3188.00000
-0.16300 3181.00000
-0.16200 3174.00000
-0.16100 3167.00000
-0.16000 3159.00000
-0.15900 3150.00000
-0.15800 3147.00000
-0.15700 3139.00000
-0.15600 3132.00000
-0.15500 3125.00000
-0.15400 3117.00000
-0.15300 3110.00000
-0.15200 3103.00000
-0.15100 3095.00000
-0.15000 3088.00000
-0.14900 3081.00000
-0.14800 3073.00000
-0.14700 3066.00000
-0.14600 3058.00000
-0.14500 3051.00000
-0.14400 3043.00000
-0.14300 3035.00000
-0.14200 3028.00000
-0.14100 3020.00000
-0.14000 3012.00000
-0.13900 3004.00000
-0.13800 2997.00000
-0.13700 2989.00000
-0.13600 2981.00000
-0.13500 2973.00000
-0.13400 2965.00000
-0.13300 2957.00000
-0.13200 2948.00000
-0.13100 2940.00000
-0.13000 2933.00000
-0.12900 2925.00000
-0.12800 2916.00000
-0.12700 2908.00000
-0.12600 2899.00000
-0.12500 2891.00000
-0.12400 2882.00000
-0.12300 2874.00000
-0.12200 2865.00000
-0.12100 2856.00000
-0.12000 2848.00000
-0.11900 2839.00000
-0.11800 2830.00000
-0.11700 2821.00000
-0.11600 2812.00000
-0.11500 2803.00000
-0.11400 2794.00000
-0.11300 2785.00000
-0.11200 2776.00000
-0.11100 2766.00000
-0.11000 2756.00000
-0.10900 2749.00000
-0.10800 2739.00000
-0.10700 2729.00000
-0.10600 2720.00000
-0.10500 2710.00000
-0.10400 2700.00000
-0.10300 2691.00000
-0.10200 2681.00000
-0.10100 2671.00000
-0.10000 2661.00000
-0.09900 2651.00000
-0.09800 2640.00000
-0.09700 2630.00000
-0.09600 2620.00000
-0.09500 2609.00000
-0.09400 2597.00000
-0.09300 2590.00000
-0.09200 2578.00000
-0.09100 2567.00000
-0.09000 2556.00000
-0.08900 2545.00000
-0.08800 2534.00000
-0.08700 2523.00000
-0.08600 2512.00000
-0.08500 2501.00000
-0.08400 2489.00000
-0.08300 2478.00000
-0.08200 2466.00000
-0.08100 2452.00000
-0.08000 2444.00000
-0.07900 2431.00000
-0.07800 2419.00000
-0.07700 2407.00000
-0.07600 2394.00000
-0.07500 2382.00000
-0.07400 2369.00000
-0.07300 2357.00000
-0.07200 2344.00000
-0.07100 2330.00000
-0.07000 2321.00000
-0.06900 2305.00000
-0.06800 2292.00000
-0.06700 2278.00000
-0.06600 2265.00000
-0.06500 2251.00000
-0.06400 2237.00000
-0.06300 2222.00000
-0.06200 2205.00000
-0.06100 2195.00000
-0.06000 2180.00000
-0.05900 2165.00000
-0.05800 2150.00000
-0.05700 2135.00000
-0.05600 2119.00000
-0.05500 2100.00000
-0.05400 2089.00000
-0.05300 2073.00000
-0.05000 2023.00000
-0.04900 2004.00000
-0.04800 1990.00000
-0.04700 1973.00000
-0.04500 1937.00000
-0.04400 1917.00000
-0.04200 1882.00000
-0.04100 1863.00000
-0.04000 1843.00000
-0.03800 1805.00000
-0.03700 1784.00000
-0.03600 1764.00000
-0.03400 1722.00000
-0.03300 1696.00000
-0.03200 1678.00000
-0.03100 1655.00000
-0.03000 1633.00000
-0.02900 1609.00000
-0.02700 1561.00000
-0.02600 1535.00000
-0.02000 1373.00000
-0.01800 1311.00000
-0.01700 1279.00000
-0.01400 1178.00000
-0.01300 1142.00000
-0.01200 1102.00000
-0.01100 1066.00000
-0.01000 1025.00000
-0.00900 980.00000
-0.00800 938.00000
-0.00700 892.00000
-0.00500 790.00000
-0.00400 735.00000
-0.00300 676.00000
-0.00200 611.00000
