-0.6420 2099.0000
-0.6410 2098.0000
-0.6400 2096.0000
-0.6390 2095.0000
-0.6380 2094.0000
-0.6370 2093.0000
-0.6360 2092.0000
-0.6350 2090.0000
-0.6340 2089.0000
-0.6330 2088.0000
-0.6320 2087.0000
-0.6310 2086.0000
-0.6300 2084.0000
-0.6290 2083.0000
-0.6280 2082.0000
-0.6270 2081.0000
-0.6260 2080.0000
-0.6250 2078.0000
-0.6240 2077.0000
-0.6230 2076.0000
-0.6220 2075.0000
-0.6210 2074.0000
-0.6200 2072.0000
-0.6190 2071.0000
-0.6180 2070.0000
-0.6170 2069.0000
-0.6160 2068.0000
-0.6150 2066.0000
-0.6140 2065.0000
-0.6130 2064.0000
-0.6120 2063.0000
-0.6110 2061.0000
-0.6100 2060.0000
-0.6090 2059.0000
-0.6080 2058.0000
-0.6070 2057.0000
-0.6060 2055.0000
-0.6050 2054.0000
-0.6040 2053.0000
-0.6030 2052.0000
-0.6020 2050.0000
-0.6010 2049.0000
-0.6000 2048.0000
-0.5990 2047.0000
-0.5980 2045.0000
-0.5970 2044.0000
-0.5960 2043.0000
-0.5950 2042.0000
-0.5940 2041.0000
-0.5930 2039.0000
-0.5920 2038.0000
-0.5910 2037.0000
-0.5900 2036.0000
-0.5890 2034.0000
-0.5880 2033.0000
-0.5870 2032.0000
-0.5860 2031.0000
-0.5850 2029.0000
-0.5840 2028.0000
-0.5830 2027.0000
-0.5820 2026.0000
-0.5810 2024.0000
-0.5800 2023.0000
-0.5790 2022.0000
-0.5780 2021.0000
-0.5770 2019.0000
-0.5760 2018.0000
-0.5750 2017.0000
-0.5740 2015.0000
-0.5730 2014.0000
-0.5720 2013.0000
-0.5710 2012.0000
-0.5700 2010.0000
-0.5690 2009.0000
-0.5680 2008.0000
-0.5670 2007.0000
-0.5660 2005.0000
-0.5650 2004.0000
-0.5640 2003.0000
-0.5630 2002.0000
-0.5620 2000.0000
-0.5610 1999.0000
-0.5600 1998.0000
-0.5590 1996.0000
-0.5580 1995.0000
-0.5570 1994.0000
-0.5560 1993.0000
-0.5550 1991.0000
-0.5540 1990.0000
-0.5530 1989.0000
-0.5520 1987.0000
-0.5510 1986.0000
-0.5500 1985.0000
-0.5490 1984.0000
-0.5480 1982.0000
-0.5470 1981.0000
-0.5460 1980.0000
-0.5450 1978.0000
-0.5440 1977.0000
-0.5430 1976.0000
-0.5420 1974.0000
-0.5410 1973.0000
-0.5400 1972.0000
-0.5390 1971.0000
-0.5380 1969.0000
-0.5370 1968.0000
-0.5360 1967.0000
-0.5350 1965.0000
-0.5340 1964.0000
-0.5330 1963.0000
-0.5320 1961.0000
-0.5310 1960.0000
-0.5300 1959.0000
-0.5290 1957.0000
-0.5280 1956.0000
-0.5270 1955.0000
-0.5260 1953.0000
-0.5250 1952.0000
-0.5240 1951.0000
-0.5230 1949.0000
-0.5220 1948.0000
-0.5210 1947.0000
-0.5200 1945.0000
-0.5190 1944.0000
-0.5180 1943.0000
-0.5170 1941.0000
-0.5160 1940.0000
-0.5150 1939.0000
-0.5140 1937.0000
-0.5130 1936.0000
-0.5120 1935.0000
-0.5110 1933.0000
-0.5100 1932.0000
-0.5090 1931.0000
-0.5080 1929.0000
-0.5070 1928.0000
-0.5060 1927.0000
-0.5050 1925.0000
-0.5040 1924.0000
-0.5030 1923.0000
-0.5020 1921.0000
-0.5010 1920.0000
-0.5000 1918.0000
-0.4990 1917.0000
-0.4980 1916.0000
-0.4970 1914.0000
-0.4960 1913.0000
-0.4950 1912.0000
-0.4940 1910.0000
-0.4930 1909.0000
-0.4920 1907.0000
-0.4910 1906.0000
-0.4900 1905.0000
-0.4890 1903.0000
-0.4880 1902.0000
-0.4870 1901.0000
-0.4860 1899.0000
-0.4850 1898.0000
-0.4840 1896.0000
-0.4830 1895.0000
-0.4820 1894.0000
-0.4810 1892.0000
-0.4800 1891.0000
-0.4790 1889.0000
-0.4780 1888.0000
-0.4770 1887.0000
-0.4760 1885.0000
-0.4750 1884.0000
-0.4740 1882.0000
-0.4730 1881.0000
-0.4720 1880.0000
-0.4710 1878.0000
-0.4700 1877.0000
-0.4690 1875.0000
-0.4680 1874.0000
-0.4670 1873.0000
-0.4660 1871.0000
-0.4650 1870.0000
-0.4640 1868.0000
-0.4630 1867.0000
-0.4620 1865.0000
-0.4610 1864.0000
-0.4600 1863.0000
-0.4590 1861.0000
-0.4580 1860.0000
-0.4570 1858.0000
-0.4560 1857.0000
-0.4550 1855.0000
-0.4540 1854.0000
-0.4530 1853.0000
-0.4520 1851.0000
-0.4510 1850.0000
-0.4500 1848.0000
-0.4490 1847.0000
-0.4480 1845.0000
-0.4470 1844.0000
-0.4460 1842.0000
-0.4450 1841.0000
-0.4440 1839.0000
-0.4430 1838.0000
-0.4420 1837.0000
-0.4410 1835.0000
-0.4400 1834.0000
-0.4390 1832.0000
-0.4380 1831.0000
-0.4370 1829.0000
-0.4360 1828.0000
-0.4350 1826.0000
-0.4340 1825.0000
-0.4330 1823.0000
-0.4320 1822.0000
-0.4310 1820.0000
-0.4300 1819.0000
-0.4290 1817.0000
-0.4280 1816.0000
-0.4270 1814.0000
-0.4260 1813.0000
-0.4250 1811.0000
-0.4240 1810.0000
-0.4230 1808.0000
-0.4220 1807.0000
-0.4210 1805.0000
-0.4200 1804.0000
-0.4190 1802.0000
-0.4180 1801.0000
-0.4170 1799.0000
-0.4160 1798.0000
-0.4150 1796.0000
-0.4140 1795.0000
-0.4130 1793.0000
-0.4120 1792.0000
-0.4110 1790.0000
-0.4100 1789.0000
-0.4090 1787.0000
-0.4080 1785.0000
-0.4070 1784.0000
-0.4060 1782.0000
-0.4050 1781.0000
-0.4040 1779.0000
-0.4030 1778.0000
-0.4020 1776.0000
-0.4010 1775.0000
-0.4000 1773.0000
-0.3990 1772.0000
-0.3980 1770.0000
-0.3970 1768.0000
-0.3960 1767.0000
-0.3950 1765.0000
-0.3940 1764.0000
-0.3930 1762.0000
-0.3920 1761.0000
-0.3910 1759.0000
-0.3900 1757.0000
-0.3890 1756.0000
-0.3880 1754.0000
-0.3870 1753.0000
-0.3860 1751.0000
-0.3850 1749.0000
-0.3840 1748.0000
-0.3830 1746.0000
-0.3820 1745.0000
-0.3810 1743.0000
-0.3800 1741.0000
-0.3790 1740.0000
-0.3780 1738.0000
-0.3770 1737.0000
-0.3760 1735.0000
-0.3750 1733.0000
-0.3740 1732.0000
-0.3730 1730.0000
-0.3720 1729.0000
-0.3710 1727.0000
-0.3700 1725.0000
-0.3690 1724.0000
-0.3680 1722.0000
-0.3670 1720.0000
-0.3660 1719.0000
-0.3650 1717.0000
-0.3640 1715.0000
-0.3630 1714.0000
-0.3620 1712.0000
-0.3610 1710.0000
-0.3600 1709.0000
-0.3590 1707.0000
-0.3580 1705.0000
-0.3570 1704.0000
-0.3560 1702.0000
-0.3550 1700.0000
-0.3540 1699.0000
-0.3530 1697.0000
-0.3520 1695.0000
-0.3510 1694.0000
-0.3500 1692.0000
-0.3490 1690.0000
-0.3480 1689.0000
-0.3470 1687.0000
-0.3460 1685.0000
-0.3450 1683.0000
-0.3440 1682.0000
-0.3430 1680.0000
-0.3420 1678.0000
-0.3410 1677.0000
-0.3400 1675.0000
-0.3390 1673.0000
-0.3380 1671.0000
-0.3370 1670.0000
-0.3360 1668.0000
-0.3350 1666.0000
-0.3340 1664.0000
-0.3330 1663.0000
-0.3320 1661.0000
-0.3310 1659.0000
-0.3300 1657.0000
-0.3290 1656.0000
-0.3280 1654.0000
-0.3270 1652.0000
-0.3260 1650.0000
-0.3250 1649.0000
-0.3240 1647.0000
-0.3230 1645.0000
-0.3220 1643.0000
-0.3210 1641.0000
-0.3200 1640.0000
-0.3190 1638.0000
-0.3180 1636.0000
-0.3170 1634.0000
-0.3160 1632.0000
-0.3150 1631.0000
-0.3140 1629.0000
-0.3130 1627.0000
-0.3120 1625.0000
-0.3110 1623.0000
-0.3090 1620.0000
-0.3080 1618.0000
-0.3070 1616.0000
-0.3060 1614.0000
-0.3050 1612.0000
-0.3040 1610.0000
-0.3030 1609.0000
-0.3020 1607.0000
-0.3010 1605.0000
-0.3000 1603.0000
-0.2990 1601.0000
-0.2980 1599.0000
-0.2970 1597.0000
-0.2960 1595.0000
-0.2950 1594.0000
-0.2940 1592.0000
-0.2930 1590.0000
-0.2920 1588.0000
-0.2910 1586.0000
-0.2900 1584.0000
-0.2890 1582.0000
-0.2880 1580.0000
-0.2870 1578.0000
-0.2860 1576.0000
-0.2850 1574.0000
-0.2840 1572.0000
-0.2830 1570.0000
-0.2800 1565.0000
-0.2790 1563.0000
-0.2780 1561.0000
-0.2770 1559.0000
-0.2760 1557.0000
-0.2750 1555.0000
-0.2740 1553.0000
-0.2730 1551.0000
-0.2720 1549.0000
-0.2710 1547.0000
-0.2700 1545.0000
-0.2690 1543.0000
-0.2680 1541.0000
-0.2670 1539.0000
-0.2660 1537.0000
-0.2640 1532.0000
-0.2630 1530.0000
-0.2620 1528.0000
-0.2610 1526.0000
-0.2600 1524.0000
-0.2590 1522.0000
-0.2580 1520.0000
-0.2570 1518.0000
-0.2560 1516.0000
-0.2550 1514.0000
-0.2540 1512.0000
-0.2530 1510.0000
-0.2510 1505.0000
-0.2500 1503.0000
-0.2490 1501.0000
-0.2480 1499.0000
-0.2470 1497.0000
-0.2460 1495.0000
-0.2440 1490.0000
-0.2430 1488.0000
-0.2420 1486.0000
-0.2410 1484.0000
-0.2400 1482.0000
-0.2380 1477.0000
-0.2370 1475.0000
-0.2360 1473.0000
-0.2350 1471.0000
-0.2340 1468.0000
-0.2330 1466.0000
-0.2320 1464.0000
-0.2310 1462.0000
-0.2300 1459.0000
-0.2290 1457.0000
-0.2280 1455.0000
-0.2270 1453.0000
-0.2260 1450.0000
-0.2250 1448.0000
-0.2240 1446.0000
-0.2220 1441.0000
-0.2210 1439.0000
-0.2190 1434.0000
-0.2180 1432.0000
-0.2160 1427.0000
-0.2150 1425.0000
-0.2140 1422.0000
-0.2130 1420.0000
-0.2120 1418.0000
-0.2110 1415.0000
-0.2100 1413.0000
-0.2090 1410.0000
-0.2080 1408.0000
-0.2060 1403.0000
-0.2050 1401.0000
-0.2040 1398.0000
-0.2030 1396.0000
-0.2020 1393.0000
-0.2010 1391.0000
-0.2000 1388.0000
-0.1990 1386.0000
-0.1980 1383.0000
-0.1970 1381.0000
-0.1960 1378.0000
-0.1950 1376.0000
-0.1940 1373.0000
-0.1920 1368.0000
-0.1910 1365.0000
-0.1900 1363.0000
-0.1890 1360.0000
-0.1880 1358.0000
-0.1870 1355.0000
-0.1860 1352.0000
-0.1850 1350.0000
-0.1840 1347.0000
-0.1830 1344.0000
-0.1820 1342.0000
-0.1810 1339.0000
-0.1800 1336.0000
-0.1790 1334.0000
-0.1780 1331.0000
-0.1770 1328.0000
-0.1750 1323.0000
-0.1740 1320.0000
-0.1730 1317.0000
-0.1720 1314.0000
-0.1700 1309.0000
-0.1690 1306.0000
-0.1680 1303.0000
-0.1670 1300.0000
-0.1660 1297.0000
-0.1640 1292.0000
-0.1630 1289.0000
-0.1620 1286.0000
-0.1610 1283.0000
-0.1600 1280.0000
-0.1590 1277.0000
-0.1580 1274.0000
-0.1570 1271.0000
-0.1560 1268.0000
-0.1550 1265.0000
-0.1540 1262.0000
-0.1530 1259.0000
-0.1520 1256.0000
-0.1510 1253.0000
-0.1500 1250.0000
-0.1490 1247.0000
-0.1470 1240.0000
-0.1460 1237.0000
-0.1450 1234.0000
-0.1440 1231.0000
-0.1430 1228.0000
-0.1420 1224.0000
-0.1410 1221.0000
-0.1400 1218.0000
-0.1390 1215.0000
-0.1380 1211.0000
-0.1370 1208.0000
-0.1360 1205.0000
-0.1350 1201.0000
-0.1340 1198.0000
-0.1330 1195.0000
-0.1320 1191.0000
-0.1310 1188.0000
-0.1300 1184.0000
-0.1290 1181.0000
-0.1270 1174.0000
-0.1260 1170.0000
-0.1250 1167.0000
-0.1240 1163.0000
-0.1230 1160.0000
-0.1220 1156.0000
-0.1200 1149.0000
-0.1190 1145.0000
-0.1170 1138.0000
-0.1160 1134.0000
-0.1150 1130.0000
-0.1140 1126.0000
-0.1120 1119.0000
-0.1110 1115.0000
-0.1100 1111.0000
-0.1090 1107.0000
-0.1080 1103.0000
-0.1070 1099.0000
-0.1060 1095.0000
-0.1050 1091.0000
-0.1040 1087.0000
-0.1030 1083.0000
-0.1020 1079.0000
-0.1000 1070.0000
-0.0990 1066.0000
-0.0980 1062.0000
-0.0970 1058.0000
-0.0960 1053.0000
-0.0950 1049.0000
-0.0930 1040.0000
-0.0920 1036.0000
-0.0910 1031.0000
-0.0900 1027.0000
-0.0890 1022.0000
-0.0870 1013.0000
-0.0860 1008.0000
-0.0840 999.0000
-0.0830 994.0000
-0.0820 989.0000
-0.0810 984.0000
-0.0800 979.0000
-0.0790 974.0000
-0.0780 969.0000
-0.0770 964.0000
-0.0760 959.0000
-0.0750 954.0000
-0.0740 949.0000
-0.0720 938.0000
-0.0710 933.0000
-0.0700 927.0000
-0.0690 922.0000
-0.0680 916.0000
-0.0670 911.0000
-0.0650 899.0000
-0.0630 888.0000
-0.0620 882.0000
-0.0610 876.0000
-0.0600 870.0000
-0.0590 864.0000
-0.0570 851.0000
-0.0560 845.0000
-0.0520 819.0000
-0.0510 812.0000
-0.0500 805.0000
-0.0490 798.0000
-0.0480 791.0000
-0.0470 784.0000
-0.0450 770.0000
-0.0440 762.0000
-0.0430 755.0000
-0.0420 747.0000
-0.0410 739.0000
-0.0380 715.0000
-0.0370 707.0000
-0.0360 699.0000
-0.0350 690.0000
-0.0330 673.0000
-0.0320 664.0000
-0.0300 645.0000
-0.0290 636.0000
-0.0230 574.0000
-0.0220 563.0000
-0.0210 552.0000
-0.0200 540.0000
-0.0190 528.0000
-0.0170 503.0000
-0.0160 490.0000
-0.0150 477.0000
-0.0140 463.0000
-0.0130 449.0000
-0.0120 434.0000
-0.0110 419.0000
-0.0090 386.0000
-0.0070 351.0000
-0.0060 332.0000
-0.0050 311.0000
