-1.5270 2099.0000
-1.5250 2098.0000
-1.5230 2097.0000
-1.5220 2096.0000
-1.5200 2095.0000
-1.5180 2094.0000
-1.5160 2093.0000
-1.5150 2092.0000
-1.5130 2091.0000
-1.5110 2090.0000
-1.5090 2089.0000
-1.5080 2088.0000
-1.5060 2087.0000
-1.5040 2086.0000
-1.5020 2085.0000
-1.5010 2084.0000
-1.4990 2083.0000
-1.4970 2082.0000
-1.4960 2081.0000
-1.4940 2080.0000
-1.4920 2079.0000
-1.4900 2078.0000
-1.4890 2077.0000
-1.4870 2076.0000
-1.4850 2075.0000
-1.4830 2074.0000
-1.4820 2073.0000
-1.4800 2072.0000
-1.4780 2071.0000
-1.4770 2070.0000
-1.4750 2069.0000
-1.4730 2068.0000
-1.4710 2067.0000
-1.4700 2066.0000
-1.4680 2065.0000
-1.4660 2064.0000
-1.4650 2063.0000
-1.4630 2062.0000
-1.4610 2061.0000
-1.4590 2060.0000
-1.4580 2059.0000
-1.4560 2058.0000
-1.4540 2057.0000
-1.4530 2056.0000
-1.4510 2055.0000
-1.4490 2054.0000
-1.4480 2053.0000
-1.4460 2052.0000
-1.4440 2051.0000
-1.4420 2050.0000
-1.4410 2049.0000
-1.4390 2048.0000
-1.4370 2047.0000
-1.4360 2046.0000
-1.4340 2045.0000
-1.4320 2044.0000
-1.4310 2043.0000
-1.4290 2042.0000
-1.4270 2041.0000
-1.4250 2040.0000
-1.4240 2039.0000
-1.4220 2038.0000
-1.4200 2037.0000
-1.4190 2036.0000
-1.4170 2035.0000
-1.4150 2034.0000
-1.4140 2033.0000
-1.4120 2032.0000
-1.4100 2031.0000
-1.4090 2030.0000
-1.4070 2029.0000
-1.4050 2028.0000
-1.4030 2027.0000
-1.4020 2026.0000
-1.4000 2025.0000
-1.3980 2024.0000
-1.3970 2023.0000
-1.3950 2022.0000
-1.3930 2021.0000
-1.3920 2020.0000
-1.3900 2019.0000
-1.3880 2018.0000
-1.3870 2017.0000
-1.3850 2016.0000
-1.3830 2015.0000
-1.3820 2014.0000
-1.3800 2013.0000
-1.3780 2012.0000
-1.3770 2011.0000
-1.3750 2010.0000
-1.3730 2009.0000
-1.3720 2008.0000
-1.3700 2007.0000
-1.3680 2006.0000
-1.3670 2005.0000
-1.3650 2004.0000
-1.3630 2003.0000
-1.3620 2002.0000
-1.3600 2001.0000
-1.3580 2000.0000
-1.3570 1999.0000
-1.3550 1998.0000
-1.3530 1997.0000
-1.3520 1996.0000
-1.3500 1995.0000
-1.3480 1994.0000
-1.3470 1993.0000
-1.3450 1992.0000
-1.3430 1991.0000
-1.3420 1990.0000
-1.3400 1989.0000
-1.3380 1988.0000
-1.3370 1987.0000
-1.3350 1986.0000
-1.3340 1985.0000
-1.3320 1984.0000
-1.3300 1983.0000
-1.3290 1982.0000
-1.3270 1981.0000
-1.3250 1980.0000
-1.3240 1979.0000
-1.3220 1978.0000
-1.3200 1977.0000
-1.3190 1976.0000
-1.3170 1975.0000
-1.3150 1974.0000
-1.3140 1973.0000
-1.3120 1972.0000
-1.3110 1971.0000
-1.3090 1970.0000
-1.3070 1969.0000
-1.3060 1968.0000
-1.3040 1967.0000
-1.3020 1966.0000
-1.3010 1965.0000
-1.2990 1964.0000
-1.2970 1963.0000
-1.2960 1962.0000
-1.2940 1961.0000
-1.2930 1960.0000
-1.2910 1959.0000
-1.2890 1958.0000
-1.2880 1957.0000
-1.2860 1956.0000
-1.2840 1955.0000
-1.2830 1954.0000
-1.2810 1953.0000
-1.2800 1952.0000
-1.2780 1951.0000
-1.2760 1950.0000
-1.2750 1949.0000
-1.2730 1948.0000
-1.2720 1947.0000
-1.2700 1946.0000
-1.2680 1945.0000
-1.2670 1944.0000
-1.2650 1943.0000
-1.2630 1942.0000
-1.2620 1941.0000
-1.2600 1940.0000
-1.2590 1939.0000
-1.2570 1938.0000
-1.2550 1937.0000
-1.2540 1936.0000
-1.2520 1935.0000
-1.2510 1934.0000
-1.2490 1933.0000
-1.2470 1932.0000
-1.2460 1931.0000
-1.2440 1930.0000
-1.2430 1929.0000
-1.2410 1928.0000
-1.2390 1927.0000
-1.2380 1926.0000
-1.2360 1925.0000
-1.2350 1924.0000
-1.2330 1923.0000
-1.2310 1922.0000
-1.2300 1921.0000
-1.2280 1920.0000
-1.2270 1919.0000
-1.2250 1918.0000
-1.2230 1917.0000
-1.2220 1916.0000
-1.2200 1915.0000
-1.2190 1914.0000
-1.2170 1913.0000
-1.2160 1912.0000
-1.2140 1911.0000
-1.2120 1910.0000
-1.2110 1909.0000
-1.2090 1908.0000
-1.2080 1907.0000
-1.2060 1906.0000
-1.2040 1905.0000
-1.2030 1904.0000
-1.2010 1903.0000
-1.2000 1902.0000
-1.1980 1901.0000
-1.1970 1900.0000
-1.1950 1899.0000
-1.1930 1898.0000
-1.1920 1897.0000
-1.1900 1896.0000
-1.1890 1895.0000
-1.1870 1894.0000
-1.1860 1893.0000
-1.1840 1892.0000
-1.1820 1891.0000
-1.1810 1890.0000
-1.1790 1889.0000
-1.1780 1888.0000
-1.1760 1887.0000
-1.1750 1886.0000
-1.1730 1885.0000
-1.1720 1884.0000
-1.1700 1883.0000
-1.1680 1882.0000
-1.1670 1881.0000
-1.1650 1880.0000
-1.1640 1879.0000
-1.1620 1878.0000
-1.1610 1877.0000
-1.1590 1876.0000
-1.1580 1875.0000
-1.1560 1874.0000
-1.1540 1873.0000
-1.1530 1872.0000
-1.1510 1871.0000
-1.1500 1870.0000
-1.1480 1869.0000
-1.1470 1868.0000
-1.1450 1867.0000
-1.1440 1866.0000
-1.1420 1865.0000
-1.1410 1864.0000
-1.1390 1863.0000
-1.1370 1862.0000
-1.1360 1861.0000
-1.1340 1860.0000
-1.1330 1859.0000
-1.1310 1858.0000
-1.1300 1857.0000
-1.1280 1856.0000
-1.1270 1855.0000
-1.1250 1854.0000
-1.1240 1853.0000
-1.1220 1852.0000
-1.1210 1851.0000
-1.1190 1850.0000
-1.1180 1849.0000
-1.1160 1848.0000
-1.1140 1847.0000
-1.1130 1846.0000
-1.1110 1845.0000
-1.1100 1844.0000
-1.1080 1843.0000
-1.1070 1842.0000
-1.1050 1841.0000
-1.1040 1840.0000
-1.1020 1839.0000
-1.1010 1838.0000
-1.0990 1837.0000
-1.0980 1836.0000
-1.0960 1835.0000
-1.0950 1834.0000
-1.0930 1833.0000
-1.0920 1832.0000
-1.0900 1831.0000
-1.0890 1830.0000
-1.0870 1829.0000
-1.0860 1828.0000
-1.0840 1827.0000
-1.0830 1826.0000
-1.0810 1825.0000
-1.0800 1824.0000
-1.0780 1823.0000
-1.0770 1822.0000
-1.0750 1821.0000
-1.0740 1820.0000
-1.0720 1819.0000
-1.0710 1818.0000
-1.0690 1817.0000
-1.0680 1816.0000
-1.0660 1815.0000
-1.0650 1814.0000
-1.0630 1813.0000
-1.0620 1812.0000
-1.0600 1811.0000
-1.0590 1810.0000
-1.0570 1809.0000
-1.0560 1808.0000
-1.0540 1807.0000
-1.0530 1806.0000
-1.0510 1805.0000
-1.0500 1804.0000
-1.0480 1803.0000
-1.0470 1802.0000
-1.0450 1801.0000
-1.0440 1800.0000
-1.0420 1799.0000
-1.0410 1798.0000
-1.0390 1797.0000
-1.0380 1796.0000
-1.0360 1795.0000
-1.0350 1794.0000
-1.0330 1793.0000
-1.0320 1792.0000
-1.0300 1791.0000
-1.0290 1790.0000
-1.0270 1789.0000
-1.0260 1788.0000
-1.0250 1787.0000
-1.0230 1786.0000
-1.0220 1785.0000
-1.0200 1784.0000
-1.0190 1783.0000
-1.0170 1782.0000
-1.0160 1781.0000
-1.0140 1780.0000
-1.0130 1779.0000
-1.0110 1778.0000
-1.0100 1777.0000
-1.0080 1776.0000
-1.0070 1775.0000
-1.0050 1774.0000
-1.0040 1773.0000
-1.0030 1772.0000
-1.0010 1771.0000
-1.0000 1770.0000
-0.9980 1769.0000
-0.9970 1768.0000
-0.9950 1767.0000
-0.9940 1766.0000
-0.9920 1765.0000
-0.9910 1764.0000
-0.9890 1763.0000
-0.9880 1762.0000
-0.9870 1761.0000
-0.9850 1760.0000
-0.9840 1759.0000
-0.9820 1758.0000
-0.9810 1757.0000
-0.9790 1756.0000
-0.9780 1755.0000
-0.9760 1754.0000
-0.9750 1753.0000
-0.9740 1752.0000
-0.9720 1751.0000
-0.9710 1750.0000
-0.9690 1749.0000
-0.9680 1748.0000
-0.9660 1747.0000
-0.9650 1746.0000
-0.9640 1745.0000
-0.9620 1744.0000
-0.9610 1743.0000
-0.9590 1742.0000
-0.9580 1741.0000
-0.9560 1740.0000
-0.9550 1739.0000
-0.9540 1738.0000
-0.9520 1737.0000
-0.9510 1736.0000
-0.9490 1735.0000
-0.9480 1734.0000
-0.9460 1733.0000
-0.9450 1732.0000
-0.9440 1731.0000
-0.9420 1730.0000
-0.9410 1729.0000
-0.9390 1728.0000
-0.9380 1727.0000
-0.9370 1726.0000
-0.9350 1725.0000
-0.9340 1724.0000
-0.9320 1723.0000
-0.9310 1722.0000
-0.9290 1721.0000
-0.9280 1720.0000
-0.9270 1719.0000
-0.9250 1718.0000
-0.9240 1717.0000
-0.9220 1716.0000
-0.9210 1715.0000
-0.9200 1714.0000
-0.9180 1713.0000
-0.9170 1712.0000
-0.9150 1711.0000
-0.9140 1710.0000
-0.9130 1709.0000
-0.9110 1708.0000
-0.9100 1707.0000
-0.9080 1706.0000
-0.9070 1705.0000
-0.9060 1704.0000
-0.9040 1703.0000
-0.9030 1702.0000
-0.9020 1701.0000
-0.9000 1700.0000
-0.8990 1699.0000
-0.8970 1698.0000
-0.8960 1697.0000
-0.8950 1696.0000
-0.8930 1695.0000
-0.8920 1694.0000
-0.8900 1693.0000
-0.8890 1692.0000
-0.8880 1691.0000
-0.8860 1690.0000
-0.8850 1689.0000
-0.8840 1688.0000
-0.8820 1687.0000
-0.8810 1686.0000
-0.8790 1685.0000
-0.8780 1684.0000
-0.8770 1683.0000
-0.8750 1682.0000
-0.8740 1681.0000
-0.8730 1680.0000
-0.8710 1679.0000
-0.8700 1678.0000
-0.8680 1677.0000
-0.8670 1676.0000
-0.8660 1675.0000
-0.8640 1674.0000
-0.8630 1673.0000
-0.8620 1672.0000
-0.8600 1671.0000
-0.8590 1670.0000
-0.8580 1669.0000
-0.8560 1668.0000
-0.8550 1667.0000
-0.8540 1666.0000
-0.8520 1665.0000
-0.8510 1664.0000
-0.8490 1663.0000
-0.8480 1662.0000
-0.8470 1661.0000
-0.8450 1660.0000
-0.8440 1659.0000
-0.8430 1658.0000
-0.8410 1657.0000
-0.8400 1656.0000
-0.8390 1655.0000
-0.8370 1654.0000
-0.8360 1653.0000
-0.8350 1652.0000
-0.8330 1651.0000
-0.8320 1650.0000
-0.8310 1649.0000
-0.8290 1648.0000
-0.8280 1647.0000
-0.8270 1646.0000
-0.8250 1645.0000
-0.8240 1644.0000
-0.8230 1643.0000
-0.8210 1642.0000
-0.8200 1641.0000
-0.8190 1640.0000
-0.8170 1639.0000
-0.8160 1638.0000
-0.8150 1637.0000
-0.8130 1636.0000
-0.8120 1635.0000
-0.8110 1634.0000
-0.8090 1633.0000
-0.8080 1632.0000
-0.8070 1631.0000
-0.8050 1630.0000
-0.8040 1629.0000
-0.8030 1628.0000
-0.8020 1627.0000
-0.8000 1626.0000
-0.7990 1625.0000
-0.7980 1624.0000
-0.7960 1623.0000
-0.7950 1622.0000
-0.7940 1621.0000
-0.7920 1620.0000
-0.7910 1619.0000
-0.7900 1618.0000
-0.7880 1617.0000
-0.7870 1616.0000
-0.7860 1615.0000
-0.7850 1614.0000
-0.7830 1613.0000
-0.7820 1612.0000
-0.7810 1611.0000
-0.7790 1610.0000
-0.7780 1609.0000
-0.7770 1608.0000
-0.7750 1607.0000
-0.7740 1606.0000
-0.7730 1605.0000
-0.7720 1604.0000
-0.7700 1603.0000
-0.7690 1602.0000
-0.7680 1601.0000
-0.7660 1600.0000
-0.7650 1599.0000
-0.7640 1598.0000
-0.7630 1597.0000
-0.7610 1596.0000
-0.7600 1595.0000
-0.7590 1594.0000
-0.7570 1593.0000
-0.7560 1592.0000
-0.7550 1591.0000
-0.7540 1590.0000
-0.7520 1589.0000
-0.7510 1588.0000
-0.7500 1587.0000
-0.7490 1586.0000
-0.7470 1585.0000
-0.7460 1584.0000
-0.7450 1583.0000
-0.7430 1582.0000
-0.7420 1581.0000
-0.7410 1580.0000
-0.7400 1579.0000
-0.7380 1578.0000
-0.7370 1577.0000
-0.7360 1576.0000
-0.7350 1575.0000
-0.7330 1574.0000
-0.7320 1573.0000
-0.7310 1572.0000
-0.7300 1571.0000
-0.7280 1570.0000
-0.7270 1569.0000
-0.7260 1568.0000
-0.7250 1567.0000
-0.7230 1566.0000
-0.7220 1565.0000
-0.7210 1564.0000
-0.7200 1563.0000
-0.7180 1562.0000
-0.7170 1561.0000
-0.7160 1560.0000
-0.7150 1559.0000
-0.7130 1558.0000
-0.7120 1557.0000
-0.7110 1556.0000
-0.7100 1555.0000
-0.7080 1554.0000
-0.7070 1553.0000
-0.7060 1552.0000
-0.7050 1551.0000
-0.7030 1550.0000
-0.7020 1549.0000
-0.7010 1548.0000
-0.7000 1547.0000
-0.6990 1546.0000
-0.6970 1545.0000
-0.6960 1544.0000
-0.6950 1543.0000
-0.6940 1542.0000
-0.6920 1541.0000
-0.6910 1540.0000
-0.6900 1539.0000
-0.6890 1538.0000
-0.6880 1537.0000
-0.6860 1536.0000
-0.6850 1535.0000
-0.6840 1534.0000
-0.6830 1533.0000
-0.6810 1532.0000
-0.6800 1531.0000
-0.6790 1530.0000
-0.6780 1529.0000
-0.6770 1528.0000
-0.6750 1527.0000
-0.6740 1526.0000
-0.6730 1525.0000
-0.6720 1524.0000
-0.6710 1523.0000
-0.6690 1522.0000
-0.6680 1521.0000
-0.6670 1520.0000
-0.6660 1519.0000
-0.6650 1518.0000
-0.6630 1517.0000
-0.6620 1516.0000
-0.6610 1515.0000
-0.6600 1514.0000
-0.6590 1513.0000
-0.6570 1512.0000
-0.6560 1511.0000
-0.6550 1510.0000
-0.6540 1509.0000
-0.6530 1508.0000
-0.6510 1507.0000
-0.6500 1506.0000
-0.6490 1505.0000
-0.6480 1504.0000
-0.6470 1503.0000
-0.6460 1502.0000
-0.6440 1501.0000
-0.6430 1500.0000
-0.6420 1499.0000
-0.6410 1498.0000
-0.6400 1497.0000
-0.6380 1496.0000
-0.6370 1495.0000
-0.6360 1494.0000
-0.6350 1493.0000
-0.6340 1492.0000
-0.6330 1491.0000
-0.6310 1490.0000
-0.6300 1489.0000
-0.6290 1488.0000
-0.6280 1487.0000
-0.6270 1486.0000
-0.6260 1485.0000
-0.6240 1484.0000
-0.6230 1483.0000
-0.6220 1482.0000
-0.6210 1481.0000
-0.6200 1480.0000
-0.6190 1479.0000
-0.6180 1478.0000
-0.6160 1477.0000
-0.6150 1476.0000
-0.6140 1475.0000
-0.6130 1474.0000
-0.6120 1473.0000
-0.6110 1472.0000
-0.6100 1471.0000
-0.6080 1470.0000
-0.6070 1469.0000
-0.6060 1468.0000
-0.6050 1467.0000
-0.6040 1466.0000
-0.6030 1465.0000
-0.6020 1464.0000
-0.6000 1463.0000
-0.5990 1462.0000
-0.5980 1461.0000
-0.5970 1460.0000
-0.5960 1459.0000
-0.5950 1458.0000
-0.5940 1457.0000
-0.5920 1456.0000
-0.5910 1455.0000
-0.5900 1454.0000
-0.5890 1453.0000
-0.5880 1452.0000
-0.5870 1451.0000
-0.5860 1450.0000
-0.5850 1449.0000
-0.5830 1448.0000
-0.5820 1447.0000
-0.5810 1446.0000
-0.5800 1445.0000
-0.5790 1444.0000
-0.5780 1443.0000
-0.5770 1442.0000
-0.5760 1441.0000
-0.5750 1440.0000
-0.5730 1439.0000
-0.5720 1438.0000
-0.5710 1437.0000
-0.5700 1436.0000
-0.5690 1435.0000
-0.5680 1434.0000
-0.5670 1433.0000
-0.5660 1432.0000
-0.5650 1431.0000
-0.5640 1430.0000
-0.5620 1429.0000
-0.5610 1428.0000
-0.5600 1427.0000
-0.5590 1426.0000
-0.5580 1425.0000
-0.5570 1424.0000
-0.5560 1423.0000
-0.5550 1422.0000
-0.5540 1421.0000
-0.5530 1420.0000
-0.5520 1419.0000
-0.5500 1418.0000
-0.5490 1417.0000
-0.5480 1416.0000
-0.5470 1415.0000
-0.5460 1414.0000
-0.5450 1413.0000
-0.5440 1412.0000
-0.5430 1411.0000
-0.5420 1410.0000
-0.5410 1409.0000
-0.5400 1408.0000
-0.5390 1407.0000
-0.5380 1406.0000
-0.5360 1405.0000
-0.5350 1404.0000
-0.5340 1403.0000
-0.5330 1402.0000
-0.5320 1401.0000
-0.5310 1400.0000
-0.5300 1399.0000
-0.5290 1398.0000
-0.5280 1397.0000
-0.5270 1396.0000
-0.5260 1395.0000
-0.5250 1394.0000
-0.5240 1393.0000
-0.5230 1392.0000
-0.5220 1391.0000
-0.5210 1390.0000
-0.5200 1389.0000
-0.5180 1388.0000
-0.5170 1387.0000
-0.5160 1386.0000
-0.5150 1385.0000
-0.5140 1384.0000
-0.5130 1383.0000
-0.5120 1382.0000
-0.5110 1381.0000
-0.5100 1380.0000
-0.5090 1379.0000
-0.5080 1378.0000
-0.5070 1377.0000
-0.5060 1376.0000
-0.5050 1375.0000
-0.5040 1374.0000
-0.5030 1373.0000
-0.5020 1372.0000
-0.5010 1371.0000
-0.5000 1370.0000
-0.4990 1369.0000
-0.4980 1368.0000
-0.4970 1367.0000
-0.4960 1366.0000
-0.4950 1365.0000
-0.4940 1364.0000
-0.4930 1363.0000
-0.4920 1362.0000
-0.4910 1361.0000
-0.4900 1360.0000
-0.4890 1359.0000
-0.4880 1358.0000
-0.4870 1357.0000
-0.4860 1356.0000
-0.4850 1355.0000
-0.4840 1354.0000
-0.4830 1353.0000
-0.4820 1352.0000
-0.4810 1351.0000
-0.4800 1350.0000
-0.4790 1349.0000
-0.4780 1348.0000
-0.4770 1347.0000
-0.4760 1346.0000
-0.4750 1345.0000
-0.4740 1344.0000
-0.4730 1343.0000
-0.4720 1342.0000
-0.4710 1341.0000
-0.4700 1340.0000
-0.4690 1339.0000
-0.4680 1338.0000
-0.4670 1337.0000
-0.4660 1336.0000
-0.4650 1335.0000
-0.4640 1334.0000
-0.4630 1333.0000
-0.4620 1332.0000
-0.4610 1331.0000
-0.4600 1330.0000
-0.4590 1329.0000
-0.4580 1328.0000
-0.4570 1327.0000
-0.4560 1326.0000
-0.4550 1325.0000
-0.4540 1324.0000
-0.4530 1323.0000
-0.4520 1322.0000
-0.4510 1321.0000
-0.4500 1320.0000
-0.4490 1319.0000
-0.4480 1318.0000
-0.4470 1317.0000
-0.4460 1316.0000
-0.4450 1315.0000
-0.4440 1314.0000
-0.4430 1313.0000
-0.4420 1312.0000
-0.4410 1311.0000
-0.4400 1310.0000
-0.4390 1309.0000
-0.4380 1307.0000
-0.4370 1306.0000
-0.4360 1305.0000
-0.4350 1304.0000
-0.4340 1303.0000
-0.4330 1302.0000
-0.4320 1301.0000
-0.4310 1300.0000
-0.4300 1299.0000
-0.4290 1298.0000
-0.4280 1297.0000
-0.4270 1296.0000
-0.4260 1295.0000
-0.4250 1294.0000
-0.4240 1293.0000
-0.4230 1292.0000
-0.4220 1290.0000
-0.4210 1289.0000
-0.4200 1288.0000
-0.4190 1287.0000
-0.4180 1286.0000
-0.4170 1285.0000
-0.4160 1284.0000
-0.4150 1283.0000
-0.4140 1282.0000
-0.4130 1281.0000
-0.4120 1280.0000
-0.4110 1278.0000
-0.4100 1277.0000
-0.4090 1276.0000
-0.4080 1275.0000
-0.4070 1274.0000
-0.4060 1273.0000
-0.4050 1272.0000
-0.4040 1271.0000
-0.4030 1270.0000
-0.4020 1269.0000
-0.4010 1267.0000
-0.4000 1266.0000
-0.3990 1265.0000
-0.3980 1264.0000
-0.3970 1263.0000
-0.3960 1262.0000
-0.3950 1261.0000
-0.3940 1260.0000
-0.3930 1259.0000
-0.3920 1257.0000
-0.3910 1256.0000
-0.3900 1255.0000
-0.3890 1254.0000
-0.3880 1253.0000
-0.3870 1252.0000
-0.3860 1251.0000
-0.3850 1249.0000
-0.3840 1248.0000
-0.3830 1247.0000
-0.3820 1246.0000
-0.3810 1245.0000
-0.3800 1244.0000
-0.3790 1243.0000
-0.3780 1241.0000
-0.3770 1240.0000
-0.3760 1239.0000
-0.3750 1238.0000
-0.3740 1237.0000
-0.3730 1236.0000
-0.3720 1234.0000
-0.3710 1233.0000
-0.3700 1232.0000
-0.3690 1231.0000
-0.3680 1230.0000
-0.3670 1229.0000
-0.3660 1227.0000
-0.3650 1226.0000
-0.3640 1225.0000
-0.3630 1224.0000
-0.3620 1223.0000
-0.3610 1222.0000
-0.3600 1220.0000
-0.3590 1219.0000
-0.3580 1218.0000
-0.3570 1217.0000
-0.3560 1216.0000
-0.3550 1214.0000
-0.3540 1213.0000
-0.3530 1212.0000
-0.3520 1211.0000
-0.3510 1210.0000
-0.3500 1208.0000
-0.3490 1207.0000
-0.3480 1206.0000
-0.3470 1205.0000
-0.3460 1204.0000
-0.3450 1202.0000
-0.3440 1201.0000
-0.3430 1200.0000
-0.3420 1199.0000
-0.3410 1197.0000
-0.3400 1196.0000
-0.3390 1195.0000
-0.3380 1194.0000
-0.3370 1192.0000
-0.3360 1191.0000
-0.3350 1190.0000
-0.3340 1189.0000
-0.3330 1187.0000
-0.3320 1186.0000
-0.3310 1185.0000
-0.3300 1184.0000
-0.3290 1182.0000
-0.3280 1181.0000
-0.3270 1180.0000
-0.3260 1179.0000
-0.3250 1177.0000
-0.3240 1176.0000
-0.3230 1175.0000
-0.3220 1174.0000
-0.3210 1172.0000
-0.3200 1171.0000
-0.3190 1170.0000
-0.3180 1168.0000
-0.3170 1167.0000
-0.3160 1166.0000
-0.3150 1165.0000
-0.3140 1163.0000
-0.3130 1162.0000
-0.3120 1161.0000
-0.3110 1159.0000
-0.3100 1158.0000
-0.3090 1157.0000
-0.3080 1155.0000
-0.3070 1154.0000
-0.3060 1153.0000
-0.3050 1151.0000
-0.3040 1150.0000
-0.3030 1149.0000
-0.3020 1147.0000
-0.3010 1146.0000
-0.3000 1145.0000
-0.2990 1143.0000
-0.2980 1142.0000
-0.2970 1141.0000
-0.2960 1139.0000
-0.2950 1138.0000
-0.2940 1137.0000
-0.2930 1135.0000
-0.2920 1134.0000
-0.2910 1133.0000
-0.2900 1131.0000
-0.2890 1130.0000
-0.2880 1128.0000
-0.2870 1127.0000
-0.2860 1126.0000
-0.2850 1124.0000
-0.2840 1123.0000
-0.2820 1120.0000
-0.2810 1119.0000
-0.2800 1117.0000
-0.2790 1116.0000
-0.2770 1113.0000
-0.2760 1112.0000
-0.2750 1110.0000
-0.2740 1109.0000
-0.2730 1107.0000
-0.2720 1106.0000
-0.2710 1105.0000
-0.2700 1103.0000
-0.2690 1102.0000
-0.2680 1100.0000
-0.2670 1099.0000
-0.2660 1097.0000
-0.2650 1096.0000
-0.2640 1094.0000
-0.2630 1093.0000
-0.2620 1091.0000
-0.2610 1090.0000
-0.2590 1087.0000
-0.2580 1086.0000
-0.2570 1084.0000
-0.2560 1083.0000
-0.2550 1081.0000
-0.2540 1080.0000
-0.2530 1078.0000
-0.2520 1077.0000
-0.2510 1075.0000
-0.2490 1072.0000
-0.2470 1069.0000
-0.2460 1067.0000
-0.2450 1066.0000
-0.2440 1064.0000
-0.2430 1063.0000
-0.2420 1061.0000
-0.2410 1060.0000
-0.2400 1058.0000
-0.2380 1055.0000
-0.2370 1053.0000
-0.2360 1052.0000
-0.2350 1050.0000
-0.2340 1049.0000
-0.2330 1047.0000
-0.2320 1045.0000
-0.2310 1044.0000
-0.2300 1042.0000
-0.2290 1041.0000
-0.2280 1039.0000
-0.2270 1037.0000
-0.2260 1036.0000
-0.2250 1034.0000
-0.2240 1032.0000
-0.2230 1031.0000
-0.2220 1029.0000
-0.2200 1026.0000
-0.2190 1024.0000
-0.2170 1021.0000
-0.2160 1019.0000
-0.2150 1017.0000
-0.2140 1016.0000
-0.2130 1014.0000
-0.2120 1012.0000
-0.2110 1011.0000
-0.2100 1009.0000
-0.2090 1007.0000
-0.2080 1005.0000
-0.2070 1004.0000
-0.2060 1002.0000
-0.2050 1000.0000
-0.2040 998.0000
-0.2030 997.0000
-0.2020 995.0000
-0.2010 993.0000
-0.2000 991.0000
-0.1990 990.0000
-0.1980 988.0000
-0.1970 986.0000
-0.1960 984.0000
-0.1950 982.0000
-0.1930 979.0000
-0.1920 977.0000
-0.1910 975.0000
-0.1900 973.0000
-0.1890 971.0000
-0.1860 966.0000
-0.1850 964.0000
-0.1840 962.0000
-0.1830 960.0000
-0.1820 958.0000
-0.1810 956.0000
-0.1800 954.0000
-0.1790 952.0000
-0.1780 950.0000
-0.1770 948.0000
-0.1660 926.0000
-0.1650 924.0000
-0.1640 922.0000
-0.1630 920.0000
-0.1620 918.0000
-0.1610 916.0000
-0.1600 914.0000
-0.1590 912.0000
-0.1580 910.0000
-0.1560 905.0000
-0.1550 903.0000
-0.1540 901.0000
-0.1530 899.0000
-0.1520 897.0000
-0.1500 892.0000
-0.1490 890.0000
-0.1480 888.0000
-0.1470 886.0000
-0.1460 883.0000
-0.1450 881.0000
-0.1440 879.0000
-0.1420 874.0000
-0.1410 872.0000
-0.1400 870.0000
-0.1390 867.0000
-0.1380 865.0000
-0.1360 860.0000
-0.1350 858.0000
-0.1340 855.0000
-0.1330 853.0000
-0.1310 848.0000
-0.1300 846.0000
-0.1290 843.0000
-0.1280 841.0000
-0.1270 838.0000
-0.1260 836.0000
-0.1250 833.0000
-0.1230 828.0000
-0.1210 823.0000
-0.1200 820.0000
-0.1190 818.0000
-0.1180 815.0000
-0.1170 812.0000
-0.1160 810.0000
-0.1150 807.0000
-0.1140 804.0000
-0.1120 799.0000
-0.1110 796.0000
-0.1100 793.0000
-0.1090 790.0000
-0.1070 785.0000
-0.1060 782.0000
-0.1050 779.0000
-0.1040 776.0000
-0.1030 773.0000
-0.1020 770.0000
-0.1010 767.0000
-0.1000 764.0000
-0.0990 761.0000
-0.0980 758.0000
-0.0970 755.0000
-0.0960 752.0000
-0.0950 749.0000
-0.0940 746.0000
-0.0910 736.0000
-0.0900 733.0000
-0.0890 730.0000
-0.0870 723.0000
-0.0860 720.0000
-0.0840 713.0000
-0.0820 706.0000
-0.0800 699.0000
-0.0780 692.0000
-0.0770 688.0000
-0.0760 685.0000
-0.0750 681.0000
-0.0740 677.0000
-0.0720 670.0000
-0.0710 666.0000
-0.0700 662.0000
-0.0690 658.0000
-0.0680 654.0000
-0.0670 650.0000
-0.0660 646.0000
-0.0650 642.0000
-0.0640 638.0000
-0.0630 634.0000
-0.0610 625.0000
-0.0600 621.0000
-0.0580 612.0000
-0.0570 608.0000
-0.0560 603.0000
-0.0540 594.0000
-0.0530 589.0000
-0.0510 580.0000
-0.0500 575.0000
-0.0490 570.0000
-0.0480 565.0000
-0.0470 560.0000
-0.0460 555.0000
-0.0450 549.0000
-0.0440 544.0000
-0.0430 539.0000
-0.0420 533.0000
-0.0410 528.0000
-0.0400 522.0000
-0.0390 516.0000
-0.0380 511.0000
-0.0370 505.0000
-0.0360 499.0000
-0.0350 493.0000
-0.0330 480.0000
-0.0320 474.0000
-0.0310 467.0000
-0.0290 454.0000
-0.0280 447.0000
-0.0270 440.0000
-0.0230 410.0000
-0.0220 402.0000
-0.0210 394.0000
-0.0180 368.0000
-0.0170 359.0000
-0.0140 331.0000
-0.0130 320.0000
-0.0120 310.0000
