-0.1400 2096.0000
-0.1390 2090.0000
-0.1380 2085.0000
-0.1370 2079.0000
-0.1360 2073.0000
-0.1350 2068.0000
-0.1340 2062.0000
-0.1330 2056.0000
-0.1320 2050.0000
-0.1300 2039.0000
-0.1290 2033.0000
-0.1280 2027.0000
-0.1270 2021.0000
-0.1260 2015.0000
-0.1250 2009.0000
-0.1240 2003.0000
-0.1220 1990.0000
-0.1210 1984.0000
-0.1200 1978.0000
-0.1190 1972.0000
-0.1180 1965.0000
-0.1170 1959.0000
-0.1160 1953.0000
-0.1150 1946.0000
-0.1140 1940.0000
-0.1130 1933.0000
-0.1110 1920.0000
-0.1100 1913.0000
-0.1080 1900.0000
-0.1070 1893.0000
-0.1060 1886.0000
-0.1050 1879.0000
-0.1040 1872.0000
-0.1030 1865.0000
-0.1020 1858.0000
-0.1010 1851.0000
-0.1000 1844.0000
-0.0990 1837.0000
-0.0970 1822.0000
-0.0960 1815.0000
-0.0940 1800.0000
-0.0930 1792.0000
-0.0920 1785.0000
-0.0910 1777.0000
-0.0900 1769.0000
-0.0880 1754.0000
-0.0870 1746.0000
-0.0860 1738.0000
-0.0850 1730.0000
-0.0830 1713.0000
-0.0820 1705.0000
-0.0810 1697.0000
-0.0800 1688.0000
-0.0790 1680.0000
-0.0780 1671.0000
-0.0760 1654.0000
-0.0750 1645.0000
-0.0740 1636.0000
-0.0730 1627.0000
-0.0720 1618.0000
-0.0710 1609.0000
-0.0700 1599.0000
-0.0690 1590.0000
-0.0670 1571.0000
-0.0660 1561.0000
-0.0640 1542.0000
-0.0630 1532.0000
-0.0610 1511.0000
-0.0600 1501.0000
-0.0580 1480.0000
-0.0570 1469.0000
-0.0560 1458.0000
-0.0550 1447.0000
-0.0540 1436.0000
-0.0520 1414.0000
-0.0510 1402.0000
-0.0500 1390.0000
-0.0470 1354.0000
-0.0450 1329.0000
-0.0440 1317.0000
-0.0430 1304.0000
-0.0420 1291.0000
-0.0410 1277.0000
-0.0400 1264.0000
-0.0390 1250.0000
-0.0380 1236.0000
-0.0360 1208.0000
-0.0350 1193.0000
-0.0330 1163.0000
-0.0320 1147.0000
-0.0290 1099.0000
-0.0280 1082.0000
-0.0270 1065.0000
-0.0260 1048.0000
-0.0240 1012.0000
-0.0230 993.0000
-0.0220 974.0000
-0.0200 934.0000
-0.0190 914.0000
-0.0180 893.0000
-0.0170 871.0000
-0.0160 848.0000
-0.0150 825.0000
-0.0130 777.0000
-0.0120 751.0000
-0.0110 725.0000
-0.0090 668.0000
-0.0080 638.0000
-0.0070 607.0000
-0.0050 538.0000
-0.0040 501.0000
-0.0020 417.0000
-0.0010 368.0000
