-0.9690 2099.0000
-0.9680 2098.0000
-0.9670 2097.0000
-0.9660 2096.0000
-0.9650 2095.0000
-0.9630 2094.0000
-0.9620 2093.0000
-0.9610 2092.0000
-0.9600 2091.0000
-0.9590 2090.0000
-0.9580 2089.0000
-0.9560 2088.0000
-0.9550 2087.0000
-0.9540 2086.0000
-0.9530 2085.0000
-0.9520 2084.0000
-0.9500 2083.0000
-0.9490 2082.0000
-0.9480 2081.0000
-0.9470 2080.0000
-0.9460 2079.0000
-0.9440 2078.0000
-0.9430 2077.0000
-0.9420 2076.0000
-0.9410 2075.0000
-0.9400 2074.0000
-0.9390 2073.0000
-0.9370 2072.0000
-0.9360 2071.0000
-0.9350 2070.0000
-0.9340 2069.0000
-0.9330 2068.0000
-0.9320 2067.0000
-0.9300 2066.0000
-0.9290 2065.0000
-0.9280 2064.0000
-0.9270 2063.0000
-0.9260 2062.0000
-0.9240 2061.0000
-0.9230 2060.0000
-0.9220 2059.0000
-0.9210 2058.0000
-0.9200 2057.0000
-0.9190 2056.0000
-0.9170 2055.0000
-0.9160 2054.0000
-0.9150 2053.0000
-0.9140 2052.0000
-0.9130 2051.0000
-0.9120 2050.0000
-0.9100 2049.0000
-0.9090 2048.0000
-0.9080 2047.0000
-0.9070 2046.0000
-0.9060 2045.0000
-0.9050 2044.0000
-0.9030 2043.0000
-0.9020 2042.0000
-0.9010 2041.0000
-0.9000 2040.0000
-0.8990 2039.0000
-0.8980 2038.0000
-0.8970 2037.0000
-0.8950 2036.0000
-0.8940 2035.0000
-0.8930 2034.0000
-0.8920 2033.0000
-0.8910 2032.0000
-0.8900 2031.0000
-0.8880 2030.0000
-0.8870 2029.0000
-0.8860 2028.0000
-0.8850 2027.0000
-0.8840 2026.0000
-0.8830 2025.0000
-0.8820 2024.0000
-0.8800 2023.0000
-0.8790 2022.0000
-0.8780 2021.0000
-0.8770 2020.0000
-0.8760 2019.0000
-0.8750 2018.0000
-0.8740 2017.0000
-0.8720 2016.0000
-0.8710 2015.0000
-0.8700 2014.0000
-0.8690 2013.0000
-0.8680 2012.0000
-0.8670 2011.0000
-0.8660 2010.0000
-0.8650 2009.0000
-0.8630 2008.0000
-0.8620 2007.0000
-0.8610 2006.0000
-0.8600 2005.0000
-0.8590 2004.0000
-0.8580 2003.0000
-0.8570 2002.0000
-0.8550 2001.0000
-0.8540 2000.0000
-0.8530 1999.0000
-0.8520 1998.0000
-0.8510 1997.0000
-0.8500 1996.0000
-0.8490 1995.0000
-0.8480 1994.0000
-0.8460 1993.0000
-0.8450 1992.0000
-0.8440 1991.0000
-0.8430 1990.0000
-0.8420 1989.0000
-0.8410 1988.0000
-0.8400 1987.0000
-0.8390 1986.0000
-0.8370 1985.0000
-0.8360 1984.0000
-0.8350 1983.0000
-0.8340 1982.0000
-0.8330 1981.0000
-0.8320 1980.0000
-0.8310 1979.0000
-0.8300 1978.0000
-0.8290 1977.0000
-0.8270 1976.0000
-0.8260 1975.0000
-0.8250 1974.0000
-0.8240 1973.0000
-0.8230 1972.0000
-0.8220 1971.0000
-0.8210 1970.0000
-0.8200 1969.0000
-0.8190 1968.0000
-0.8170 1967.0000
-0.8160 1966.0000
-0.8150 1965.0000
-0.8140 1964.0000
-0.8130 1963.0000
-0.8120 1962.0000
-0.8110 1961.0000
-0.8100 1960.0000
-0.8090 1959.0000
-0.8080 1958.0000
-0.8060 1957.0000
-0.8050 1956.0000
-0.8040 1955.0000
-0.8030 1954.0000
-0.8020 1953.0000
-0.8010 1952.0000
-0.8000 1951.0000
-0.7990 1950.0000
-0.7980 1949.0000
-0.7970 1948.0000
-0.7950 1947.0000
-0.7940 1946.0000
-0.7930 1945.0000
-0.7920 1944.0000
-0.7910 1943.0000
-0.7900 1942.0000
-0.7890 1941.0000
-0.7880 1940.0000
-0.7870 1939.0000
-0.7860 1938.0000
-0.7850 1937.0000
-0.7840 1936.0000
-0.7820 1935.0000
-0.7810 1934.0000
-0.7800 1933.0000
-0.7790 1932.0000
-0.7780 1931.0000
-0.7770 1930.0000
-0.7760 1929.0000
-0.7750 1928.0000
-0.7740 1927.0000
-0.7730 1926.0000
-0.7720 1925.0000
-0.7710 1924.0000
-0.7690 1923.0000
-0.7680 1922.0000
-0.7670 1921.0000
-0.7660 1920.0000
-0.7650 1919.0000
-0.7640 1918.0000
-0.7630 1917.0000
-0.7620 1916.0000
-0.7610 1915.0000
-0.7600 1914.0000
-0.7590 1913.0000
-0.7580 1912.0000
-0.7570 1911.0000
-0.7560 1910.0000
-0.7550 1909.0000
-0.7530 1908.0000
-0.7520 1907.0000
-0.7510 1906.0000
-0.7500 1905.0000
-0.7490 1904.0000
-0.7480 1903.0000
-0.7470 1902.0000
-0.7460 1901.0000
-0.7450 1900.0000
-0.7440 1899.0000
-0.7430 1898.0000
-0.7420 1897.0000
-0.7410 1896.0000
-0.7400 1895.0000
-0.7390 1894.0000
-0.7380 1893.0000
-0.7370 1892.0000
-0.7360 1891.0000
-0.7340 1890.0000
-0.7330 1889.0000
-0.7320 1888.0000
-0.7310 1887.0000
-0.7300 1886.0000
-0.7290 1885.0000
-0.7280 1884.0000
-0.7270 1883.0000
-0.7260 1882.0000
-0.7250 1881.0000
-0.7240 1880.0000
-0.7230 1879.0000
-0.7220 1878.0000
-0.7210 1877.0000
-0.7200 1876.0000
-0.7190 1875.0000
-0.7180 1874.0000
-0.7170 1873.0000
-0.7160 1872.0000
-0.7150 1871.0000
-0.7140 1870.0000
-0.7130 1869.0000
-0.7120 1868.0000
-0.7110 1867.0000
-0.7090 1866.0000
-0.7080 1865.0000
-0.7070 1864.0000
-0.7060 1863.0000
-0.7050 1862.0000
-0.7040 1861.0000
-0.7030 1860.0000
-0.7020 1859.0000
-0.7010 1858.0000
-0.7000 1857.0000
-0.6990 1856.0000
-0.6980 1855.0000
-0.6970 1854.0000
-0.6960 1853.0000
-0.6950 1852.0000
-0.6940 1851.0000
-0.6930 1850.0000
-0.6920 1849.0000
-0.6910 1848.0000
-0.6900 1847.0000
-0.6890 1846.0000
-0.6880 1845.0000
-0.6870 1844.0000
-0.6860 1843.0000
-0.6850 1842.0000
-0.6840 1841.0000
-0.6830 1840.0000
-0.6820 1839.0000
-0.6810 1838.0000
-0.6800 1837.0000
-0.6790 1836.0000
-0.6780 1835.0000
-0.6770 1834.0000
-0.6760 1833.0000
-0.6750 1832.0000
-0.6740 1831.0000
-0.6730 1830.0000
-0.6720 1829.0000
-0.6710 1828.0000
-0.6700 1827.0000
-0.6690 1826.0000
-0.6680 1825.0000
-0.6670 1824.0000
-0.6660 1823.0000
-0.6650 1822.0000
-0.6640 1821.0000
-0.6630 1820.0000
-0.6620 1819.0000
-0.6610 1818.0000
-0.6600 1817.0000
-0.6590 1816.0000
-0.6580 1815.0000
-0.6570 1814.0000
-0.6560 1813.0000
-0.6550 1812.0000
-0.6540 1811.0000
-0.6530 1810.0000
-0.6520 1809.0000
-0.6510 1808.0000
-0.6500 1807.0000
-0.6490 1806.0000
-0.6480 1805.0000
-0.6470 1804.0000
-0.6460 1803.0000
-0.6450 1802.0000
-0.6440 1801.0000
-0.6430 1800.0000
-0.6420 1799.0000
-0.6410 1798.0000
-0.6400 1797.0000
-0.6390 1796.0000
-0.6380 1795.0000
-0.6370 1794.0000
-0.6360 1793.0000
-0.6350 1792.0000
-0.6340 1791.0000
-0.6330 1790.0000
-0.6320 1789.0000
-0.6310 1788.0000
-0.6300 1787.0000
-0.6290 1786.0000
-0.6280 1785.0000
-0.6270 1784.0000
-0.6260 1782.0000
-0.6250 1781.0000
-0.6240 1780.0000
-0.6230 1779.0000
-0.6220 1778.0000
-0.6210 1777.0000
-0.6200 1776.0000
-0.6190 1775.0000
-0.6180 1774.0000
-0.6170 1773.0000
-0.6160 1772.0000
-0.6150 1771.0000
-0.6140 1770.0000
-0.6130 1769.0000
-0.6120 1768.0000
-0.6110 1767.0000
-0.6100 1766.0000
-0.6090 1765.0000
-0.6080 1764.0000
-0.6070 1763.0000
-0.6060 1762.0000
-0.6050 1761.0000
-0.6040 1760.0000
-0.6030 1758.0000
-0.6020 1757.0000
-0.6010 1756.0000
-0.6000 1755.0000
-0.5990 1754.0000
-0.5980 1753.0000
-0.5970 1752.0000
-0.5960 1751.0000
-0.5950 1750.0000
-0.5940 1749.0000
-0.5930 1748.0000
-0.5920 1747.0000
-0.5910 1746.0000
-0.5900 1745.0000
-0.5890 1744.0000
-0.5880 1743.0000
-0.5870 1741.0000
-0.5860 1740.0000
-0.5850 1739.0000
-0.5840 1738.0000
-0.5830 1737.0000
-0.5820 1736.0000
-0.5810 1735.0000
-0.5800 1734.0000
-0.5790 1733.0000
-0.5780 1732.0000
-0.5770 1731.0000
-0.5760 1730.0000
-0.5750 1729.0000
-0.5740 1728.0000
-0.5730 1726.0000
-0.5720 1725.0000
-0.5710 1724.0000
-0.5700 1723.0000
-0.5690 1722.0000
-0.5680 1721.0000
-0.5670 1720.0000
-0.5660 1719.0000
-0.5650 1718.0000
-0.5640 1717.0000
-0.5630 1716.0000
-0.5620 1714.0000
-0.5610 1713.0000
-0.5600 1712.0000
-0.5590 1711.0000
-0.5580 1710.0000
-0.5570 1709.0000
-0.5560 1708.0000
-0.5550 1707.0000
-0.5540 1706.0000
-0.5530 1705.0000
-0.5520 1703.0000
-0.5510 1702.0000
-0.5500 1701.0000
-0.5490 1700.0000
-0.5480 1699.0000
-0.5470 1698.0000
-0.5460 1697.0000
-0.5450 1696.0000
-0.5440 1695.0000
-0.5430 1693.0000
-0.5420 1692.0000
-0.5410 1691.0000
-0.5400 1690.0000
-0.5390 1689.0000
-0.5380 1688.0000
-0.5370 1687.0000
-0.5360 1686.0000
-0.5350 1684.0000
-0.5340 1683.0000
-0.5330 1682.0000
-0.5320 1681.0000
-0.5310 1680.0000
-0.5300 1679.0000
-0.5290 1678.0000
-0.5280 1677.0000
-0.5270 1675.0000
-0.5260 1674.0000
-0.5250 1673.0000
-0.5240 1672.0000
-0.5230 1671.0000
-0.5220 1670.0000
-0.5210 1669.0000
-0.5200 1667.0000
-0.5190 1666.0000
-0.5180 1665.0000
-0.5170 1664.0000
-0.5160 1663.0000
-0.5150 1662.0000
-0.5140 1661.0000
-0.5130 1659.0000
-0.5120 1658.0000
-0.5110 1657.0000
-0.5100 1656.0000
-0.5090 1655.0000
-0.5080 1654.0000
-0.5070 1652.0000
-0.5060 1651.0000
-0.5050 1650.0000
-0.5040 1649.0000
-0.5030 1648.0000
-0.5020 1647.0000
-0.5010 1645.0000
-0.5000 1644.0000
-0.4990 1643.0000
-0.4980 1642.0000
-0.4970 1641.0000
-0.4960 1640.0000
-0.4950 1638.0000
-0.4940 1637.0000
-0.4930 1636.0000
-0.4920 1635.0000
-0.4910 1634.0000
-0.4900 1633.0000
-0.4890 1631.0000
-0.4880 1630.0000
-0.4870 1629.0000
-0.4860 1628.0000
-0.4850 1627.0000
-0.4840 1625.0000
-0.4830 1624.0000
-0.4820 1623.0000
-0.4810 1622.0000
-0.4800 1621.0000
-0.4790 1619.0000
-0.4780 1618.0000
-0.4770 1617.0000
-0.4760 1616.0000
-0.4750 1615.0000
-0.4740 1613.0000
-0.4730 1612.0000
-0.4720 1611.0000
-0.4710 1610.0000
-0.4700 1609.0000
-0.4690 1607.0000
-0.4680 1606.0000
-0.4670 1605.0000
-0.4660 1604.0000
-0.4650 1603.0000
-0.4640 1601.0000
-0.4630 1600.0000
-0.4620 1599.0000
-0.4610 1598.0000
-0.4600 1596.0000
-0.4590 1595.0000
-0.4580 1594.0000
-0.4570 1593.0000
-0.4560 1592.0000
-0.4550 1590.0000
-0.4540 1589.0000
-0.4530 1588.0000
-0.4520 1587.0000
-0.4510 1585.0000
-0.4500 1584.0000
-0.4490 1583.0000
-0.4480 1582.0000
-0.4470 1580.0000
-0.4460 1579.0000
-0.4450 1578.0000
-0.4440 1577.0000
-0.4430 1575.0000
-0.4420 1574.0000
-0.4410 1573.0000
-0.4400 1572.0000
-0.4390 1570.0000
-0.4380 1569.0000
-0.4370 1568.0000
-0.4360 1567.0000
-0.4350 1565.0000
-0.4340 1564.0000
-0.4330 1563.0000
-0.4320 1561.0000
-0.4310 1560.0000
-0.4300 1559.0000
-0.4290 1558.0000
-0.4280 1556.0000
-0.4270 1555.0000
-0.4260 1554.0000
-0.4250 1552.0000
-0.4240 1551.0000
-0.4230 1550.0000
-0.4220 1549.0000
-0.4210 1547.0000
-0.4200 1546.0000
-0.4190 1545.0000
-0.4180 1543.0000
-0.4170 1542.0000
-0.4160 1541.0000
-0.4150 1540.0000
-0.4140 1538.0000
-0.4130 1537.0000
-0.4120 1536.0000
-0.4110 1534.0000
-0.4100 1533.0000
-0.4090 1532.0000
-0.4080 1530.0000
-0.4070 1529.0000
-0.4060 1528.0000
-0.4050 1526.0000
-0.4040 1525.0000
-0.4030 1524.0000
-0.4020 1522.0000
-0.4010 1521.0000
-0.4000 1520.0000
-0.3990 1518.0000
-0.3980 1517.0000
-0.3970 1516.0000
-0.3960 1514.0000
-0.3950 1513.0000
-0.3940 1512.0000
-0.3930 1510.0000
-0.3920 1509.0000
-0.3910 1508.0000
-0.3900 1506.0000
-0.3890 1505.0000
-0.3880 1504.0000
-0.3870 1502.0000
-0.3860 1501.0000
-0.3850 1499.0000
-0.3840 1498.0000
-0.3830 1497.0000
-0.3820 1495.0000
-0.3810 1494.0000
-0.3800 1493.0000
-0.3790 1491.0000
-0.3780 1490.0000
-0.3770 1488.0000
-0.3760 1487.0000
-0.3750 1486.0000
-0.3740 1484.0000
-0.3730 1483.0000
-0.3720 1481.0000
-0.3710 1480.0000
-0.3700 1479.0000
-0.3690 1477.0000
-0.3680 1476.0000
-0.3670 1474.0000
-0.3660 1473.0000
-0.3650 1472.0000
-0.3640 1470.0000
-0.3630 1469.0000
-0.3620 1467.0000
-0.3610 1466.0000
-0.3600 1465.0000
-0.3590 1463.0000
-0.3580 1462.0000
-0.3570 1460.0000
-0.3560 1459.0000
-0.3550 1457.0000
-0.3540 1456.0000
-0.3530 1454.0000
-0.3520 1453.0000
-0.3510 1452.0000
-0.3500 1450.0000
-0.3490 1449.0000
-0.3480 1447.0000
-0.3470 1446.0000
-0.3460 1444.0000
-0.3450 1443.0000
-0.3440 1441.0000
-0.3430 1440.0000
-0.3420 1438.0000
-0.3410 1437.0000
-0.3400 1435.0000
-0.3390 1434.0000
-0.3380 1433.0000
-0.3370 1431.0000
-0.3360 1430.0000
-0.3350 1428.0000
-0.3340 1427.0000
-0.3330 1425.0000
-0.3320 1424.0000
-0.3310 1422.0000
-0.3300 1421.0000
-0.3290 1419.0000
-0.3280 1418.0000
-0.3270 1416.0000
-0.3260 1414.0000
-0.3250 1413.0000
-0.3240 1411.0000
-0.3230 1410.0000
-0.3220 1408.0000
-0.3210 1407.0000
-0.3200 1405.0000
-0.3190 1404.0000
-0.3180 1402.0000
-0.3170 1401.0000
-0.3160 1399.0000
-0.3150 1398.0000
-0.3140 1396.0000
-0.3130 1394.0000
-0.3120 1393.0000
-0.3110 1391.0000
-0.3100 1390.0000
-0.3090 1388.0000
-0.3080 1387.0000
-0.3070 1385.0000
-0.3060 1383.0000
-0.3050 1382.0000
-0.3040 1380.0000
-0.3030 1379.0000
-0.3020 1377.0000
-0.3010 1375.0000
-0.3000 1374.0000
-0.2990 1372.0000
-0.2980 1371.0000
-0.2970 1369.0000
-0.2960 1367.0000
-0.2950 1366.0000
-0.2940 1364.0000
-0.2930 1362.0000
-0.2920 1361.0000
-0.2910 1359.0000
-0.2900 1358.0000
-0.2890 1356.0000
-0.2880 1354.0000
-0.2870 1353.0000
-0.2860 1351.0000
-0.2850 1349.0000
-0.2840 1348.0000
-0.2830 1346.0000
-0.2820 1344.0000
-0.2810 1343.0000
-0.2800 1341.0000
-0.2790 1339.0000
-0.2770 1336.0000
-0.2760 1334.0000
-0.2750 1332.0000
-0.2740 1331.0000
-0.2730 1329.0000
-0.2720 1327.0000
-0.2710 1326.0000
-0.2700 1324.0000
-0.2690 1322.0000
-0.2680 1320.0000
-0.2670 1319.0000
-0.2660 1317.0000
-0.2650 1315.0000
-0.2640 1313.0000
-0.2630 1312.0000
-0.2620 1310.0000
-0.2610 1308.0000
-0.2600 1306.0000
-0.2590 1305.0000
-0.2580 1303.0000
-0.2570 1301.0000
-0.2560 1299.0000
-0.2550 1297.0000
-0.2540 1296.0000
-0.2530 1294.0000
-0.2520 1292.0000
-0.2510 1290.0000
-0.2500 1288.0000
-0.2480 1285.0000
-0.2470 1283.0000
-0.2460 1281.0000
-0.2450 1279.0000
-0.2440 1277.0000
-0.2430 1275.0000
-0.2420 1274.0000
-0.2410 1272.0000
-0.2400 1270.0000
-0.2390 1268.0000
-0.2380 1266.0000
-0.2370 1264.0000
-0.2360 1262.0000
-0.2350 1260.0000
-0.2330 1257.0000
-0.2320 1255.0000
-0.2310 1253.0000
-0.2300 1251.0000
-0.2290 1249.0000
-0.2280 1247.0000
-0.2270 1245.0000
-0.2260 1243.0000
-0.2250 1241.0000
-0.2240 1239.0000
-0.2230 1237.0000
-0.2220 1235.0000
-0.2210 1233.0000
-0.2200 1231.0000
-0.2190 1229.0000
-0.2180 1227.0000
-0.2170 1225.0000
-0.2160 1223.0000
-0.2150 1221.0000
-0.2140 1219.0000
-0.2130 1217.0000
-0.2120 1215.0000
-0.2110 1213.0000
-0.2100 1211.0000
-0.2090 1209.0000
-0.2080 1207.0000
-0.2070 1205.0000
-0.2050 1200.0000
-0.2040 1198.0000
-0.2030 1196.0000
-0.2020 1194.0000
-0.2010 1192.0000
-0.2000 1190.0000
-0.1990 1188.0000
-0.1970 1183.0000
-0.1960 1181.0000
-0.1950 1179.0000
-0.1940 1177.0000
-0.1930 1175.0000
-0.1920 1172.0000
-0.1910 1170.0000
-0.1900 1168.0000
-0.1890 1166.0000
-0.1870 1161.0000
-0.1860 1159.0000
-0.1850 1157.0000
-0.1840 1154.0000
-0.1830 1152.0000
-0.1820 1150.0000
-0.1800 1145.0000
-0.1790 1143.0000
-0.1780 1141.0000
-0.1770 1138.0000
-0.1760 1136.0000
-0.1740 1131.0000
-0.1730 1129.0000
-0.1720 1126.0000
-0.1710 1124.0000
-0.1700 1122.0000
-0.1690 1119.0000
-0.1680 1117.0000
-0.1670 1114.0000
-0.1660 1112.0000
-0.1650 1109.0000
-0.1640 1107.0000
-0.1630 1104.0000
-0.1620 1102.0000
-0.1610 1099.0000
-0.1600 1097.0000
-0.1590 1094.0000
-0.1580 1092.0000
-0.1570 1089.0000
-0.1560 1087.0000
-0.1550 1084.0000
-0.1530 1079.0000
-0.1520 1076.0000
-0.1510 1074.0000
-0.1500 1071.0000
-0.1490 1068.0000
-0.1480 1066.0000
-0.1470 1063.0000
-0.1460 1060.0000
-0.1440 1055.0000
-0.1430 1052.0000
-0.1420 1049.0000
-0.1400 1044.0000
-0.1390 1041.0000
-0.1380 1038.0000
-0.1370 1035.0000
-0.1360 1032.0000
-0.1340 1027.0000
-0.1330 1024.0000
-0.1320 1021.0000
-0.1310 1018.0000
-0.1300 1015.0000
-0.1290 1012.0000
-0.1280 1009.0000
-0.1270 1006.0000
-0.1260 1003.0000
-0.1250 1000.0000
-0.1240 997.0000
-0.1230 994.0000
-0.1220 991.0000
-0.1190 981.0000
-0.1180 978.0000
-0.1170 975.0000
-0.1160 972.0000
-0.1140 965.0000
-0.1130 962.0000
-0.1120 959.0000
-0.1110 955.0000
-0.1100 952.0000
-0.1090 949.0000
-0.1080 945.0000
-0.1070 942.0000
-0.1060 938.0000
-0.1050 935.0000
-0.1030 928.0000
-0.1020 924.0000
-0.1010 921.0000
-0.1000 917.0000
-0.0980 910.0000
-0.0970 906.0000
-0.0950 899.0000
-0.0940 895.0000
-0.0930 891.0000
-0.0910 884.0000
-0.0900 880.0000
-0.0890 876.0000
-0.0880 872.0000
-0.0870 868.0000
-0.0860 864.0000
-0.0850 860.0000
-0.0840 856.0000
-0.0830 852.0000
-0.0810 843.0000
-0.0800 839.0000
-0.0790 835.0000
-0.0770 826.0000
-0.0760 822.0000
-0.0750 817.0000
-0.0740 813.0000
-0.0730 808.0000
-0.0720 804.0000
-0.0710 799.0000
-0.0690 790.0000
-0.0680 785.0000
-0.0670 780.0000
-0.0640 766.0000
-0.0630 761.0000
-0.0610 750.0000
-0.0600 745.0000
-0.0580 735.0000
-0.0570 729.0000
-0.0560 724.0000
-0.0550 718.0000
-0.0540 713.0000
-0.0530 707.0000
-0.0520 702.0000
-0.0510 696.0000
-0.0500 690.0000
-0.0470 672.0000
-0.0460 666.0000
-0.0440 653.0000
-0.0430 647.0000
-0.0420 640.0000
-0.0400 627.0000
-0.0390 620.0000
-0.0370 606.0000
-0.0360 599.0000
-0.0350 591.0000
-0.0340 584.0000
-0.0330 576.0000
-0.0320 569.0000
-0.0310 561.0000
-0.0300 553.0000
-0.0290 545.0000
-0.0280 536.0000
-0.0270 528.0000
-0.0260 519.0000
-0.0250 510.0000
-0.0240 501.0000
-0.0230 492.0000
-0.0210 473.0000
-0.0200 463.0000
-0.0170 431.0000
-0.0140 397.0000
-0.0120 372.0000
-0.0110 359.0000
-0.0100 345.0000
-0.0090 331.0000
-0.0080 316.0000
