-0.0700 2094.0000
-0.0690 2082.0000
-0.0670 2057.0000
-0.0660 2045.0000
-0.0650 2032.0000
-0.0640 2019.0000
-0.0630 2006.0000
-0.0620 1994.0000
-0.0610 1980.0000
-0.0600 1967.0000
-0.0580 1940.0000
-0.0560 1912.0000
-0.0540 1884.0000
-0.0530 1869.0000
-0.0520 1854.0000
-0.0510 1839.0000
-0.0490 1809.0000
-0.0480 1794.0000
-0.0470 1778.0000
-0.0460 1762.0000
-0.0450 1746.0000
-0.0440 1729.0000
-0.0420 1696.0000
-0.0410 1678.0000
-0.0400 1661.0000
-0.0380 1625.0000
-0.0370 1607.0000
-0.0360 1588.0000
-0.0330 1530.0000
-0.0320 1510.0000
-0.0310 1489.0000
-0.0300 1469.0000
-0.0290 1447.0000
-0.0280 1425.0000
-0.0270 1403.0000
-0.0260 1380.0000
-0.0250 1357.0000
-0.0240 1333.0000
-0.0230 1309.0000
-0.0220 1284.0000
-0.0200 1232.0000
-0.0190 1205.0000
-0.0160 1119.0000
-0.0150 1089.0000
-0.0140 1057.0000
-0.0130 1025.0000
-0.0120 991.0000
-0.0100 919.0000
-0.0090 882.0000
-0.0060 756.0000
-0.0050 710.0000
-0.0040 660.0000
-0.0030 606.0000
-0.0020 548.0000
-0.0010 484.0000
