-3.500 8811.000
-3.495 8805.000
-3.490 8799.000
-3.485 8793.000
-3.480 8787.000
-3.475 8781.000
-3.470 8776.000
-3.465 8770.000
-3.460 8764.000
-3.455 8758.000
-3.450 8752.000
-3.445 8746.000
-3.440 8740.000
-3.435 8734.000
-3.430 8729.000
-3.425 8723.000
-3.420 8717.000
-3.415 8711.000
-3.410 8705.000
-3.405 8699.000
-3.400 8693.000
-3.395 8687.000
-3.390 8681.000
-3.385 8675.000
-3.380 8670.000
-3.375 8664.000
-3.370 8658.000
-3.365 8652.000
-3.360 8646.000
-3.355 8640.000
-3.350 8634.000
-3.345 8628.000
-3.340 8622.000
-3.335 8616.000
-3.330 8610.000
-3.325 8604.000
-3.320 8598.000
-3.315 8592.000
-3.310 8586.000
-3.305 8580.000
-3.300 8574.000
-3.295 8568.000
-3.290 8562.000
-3.285 8556.000
-3.280 8550.000
-3.275 8544.000
-3.270 8538.000
-3.265 8532.000
-3.260 8526.000
-3.255 8520.000
-3.250 8514.000
-3.245 8508.000
-3.240 8502.000
-3.235 8496.000
-3.230 8490.000
-3.225 8484.000
-3.220 8478.000
-3.215 8472.000
-3.210 8466.000
-3.205 8460.000
-3.200 8454.000
-3.195 8448.000
-3.190 8442.000
-3.185 8435.000
-3.180 8429.000
-3.175 8423.000
-3.170 8417.000
-3.165 8411.000
-3.160 8405.000
-3.155 8399.000
-3.150 8393.000
-3.145 8387.000
-3.140 8381.000
-3.135 8374.000
-3.130 8368.000
-3.125 8362.000
-3.120 8356.000
-3.115 8350.000
-3.110 8344.000
-3.105 8338.000
-3.100 8332.000
-3.095 8325.000
-3.090 8319.000
-3.085 8313.000
-3.080 8307.000
-3.075 8301.000
-3.070 8295.000
-3.065 8288.000
-3.060 8282.000
-3.055 8276.000
-3.050 8270.000
-3.045 8264.000
-3.040 8257.000
-3.035 8251.000
-3.030 8245.000
-3.025 8239.000
-3.020 8233.000
-3.015 8226.000
-3.010 8220.000
-3.005 8214.000
-3.000 8208.000
-2.995 8201.000
-2.990 8195.000
-2.985 8189.000
-2.980 8183.000
-2.975 8176.000
-2.970 8170.000
-2.965 8165.000
-2.960 8159.000
-2.955 8153.000
-2.950 8147.000
-2.945 8141.000
-2.940 8135.000
-2.935 8129.000
-2.930 8123.000
-2.925 8117.000
-2.920 8111.000
-2.915 8105.000
-2.910 8099.000
-2.905 8094.000
-2.900 8088.000
-2.895 8082.000
-2.890 8076.000
-2.885 8070.000
-2.880 8064.000
-2.875 8058.000
-2.870 8052.000
-2.865 8046.000
-2.860 8040.000
-2.855 8034.000
-2.850 8028.000
-2.845 8022.000
-2.840 8016.000
-2.835 8010.000
-2.830 8004.000
-2.825 7997.000
-2.820 7991.000
-2.815 7985.000
-2.810 7979.000
-2.805 7973.000
-2.800 7967.000
-2.795 7961.000
-2.790 7955.000
-2.785 7949.000
-2.780 7943.000
-2.775 7937.000
-2.770 7931.000
-2.765 7924.000
-2.760 7918.000
-2.755 7912.000
-2.750 7906.000
-2.745 7900.000
-2.740 7894.000
-2.735 7888.000
-2.730 7881.000
-2.725 7875.000
-2.720 7869.000
-2.715 7863.000
-2.710 7857.000
-2.705 7850.000
-2.700 7844.000
-2.695 7838.000
-2.690 7832.000
-2.685 7826.000
-2.680 7819.000
-2.675 7813.000
-2.670 7807.000
-2.665 7801.000
-2.660 7794.000
-2.655 7788.000
-2.650 7782.000
-2.645 7776.000
-2.640 7769.000
-2.635 7763.000
-2.630 7757.000
-2.625 7750.000
-2.620 7744.000
-2.615 7738.000
-2.610 7731.000
-2.605 7725.000
-2.600 7719.000
-2.595 7712.000
-2.590 7706.000
-2.585 7700.000
-2.580 7693.000
-2.575 7687.000
-2.570 7681.000
-2.565 7674.000
-2.560 7668.000
-2.555 7661.000
-2.550 7655.000
-2.545 7649.000
-2.540 7642.000
-2.535 7636.000
-2.530 7629.000
-2.525 7623.000
-2.520 7616.000
-2.515 7610.000
-2.510 7603.000
-2.505 7597.000
-2.500 7591.000
-2.495 7584.000
-2.490 7578.000
-2.485 7571.000
-2.480 7565.000
-2.475 7558.000
-2.470 7552.000
-2.465 7545.000
-2.460 7538.000
-2.455 7532.000
-2.450 7525.000
-2.445 7519.000
-2.440 7512.000
-2.435 7506.000
-2.430 7499.000
-2.425 7493.000
-2.420 7486.000
-2.415 7479.000
-2.410 7473.000
-2.405 7466.000
-2.400 7460.000
-2.395 7453.000
-2.390 7446.000
-2.385 7440.000
-2.380 7433.000
-2.375 7426.000
-2.370 7420.000
-2.365 7413.000
-2.360 7406.000
-2.355 7400.000
-2.350 7393.000
-2.345 7386.000
-2.340 7380.000
-2.335 7373.000
-2.330 7366.000
-2.325 7359.000
-2.320 7353.000
-2.315 7346.000
-2.310 7339.000
-2.305 7332.000
-2.300 7326.000
-2.295 7319.000
-2.290 7312.000
-2.285 7305.000
-2.280 7298.000
-2.275 7292.000
-2.270 7285.000
-2.265 7278.000
-2.260 7271.000
-2.255 7264.000
-2.250 7257.000
-2.245 7251.000
-2.240 7244.000
-2.235 7237.000
-2.230 7230.000
-2.225 7223.000
-2.220 7216.000
-2.215 7209.000
-2.210 7202.000
-2.205 7196.000
-2.200 7189.000
-2.195 7182.000
-2.190 7175.000
-2.185 7168.000
-2.180 7161.000
-2.175 7154.000
-2.170 7147.000
-2.165 7140.000
-2.160 7133.000
-2.155 7126.000
-2.150 7119.000
-2.145 7112.000
-2.140 7105.000
-2.135 7098.000
-2.130 7091.000
-2.125 7084.000
-2.120 7077.000
-2.115 7070.000
-2.110 7063.000
-2.105 7056.000
-2.100 7048.000
-2.095 7041.000
-2.090 7034.000
-2.085 7027.000
-2.080 7020.000
-2.075 7013.000
-2.070 7006.000
-2.065 6999.000
-2.060 6991.000
-2.055 6984.000
-2.050 6977.000
-2.045 6970.000
-2.040 6963.000
-2.035 6955.000
-2.030 6948.000
-2.025 6941.000
-2.020 6934.000
-2.015 6927.000
-2.010 6919.000
-2.005 6912.000
-2.000 6905.000
-1.995 6898.000
-1.990 6890.000
-1.985 6883.000
-1.980 6876.000
-1.975 6868.000
-1.970 6861.000
-1.965 6854.000
-1.960 6846.000
-1.955 6839.000
-1.950 6832.000
-1.945 6824.000
-1.940 6817.000
-1.935 6810.000
-1.930 6802.000
-1.925 6795.000
-1.920 6787.000
-1.915 6780.000
-1.910 6773.000
-1.905 6765.000
-1.900 6758.000
-1.895 6750.000
-1.890 6743.000
-1.885 6735.000
-1.880 6728.000
-1.875 6720.000
-1.870 6713.000
-1.865 6705.000
-1.860 6698.000
-1.855 6690.000
-1.850 6683.000
-1.845 6675.000
-1.840 6668.000
-1.835 6660.000
-1.830 6652.000
-1.825 6645.000
-1.820 6637.000
-1.815 6630.000
-1.810 6622.000
-1.805 6614.000
-1.800 6607.000
-1.795 6599.000
-1.790 6591.000
-1.785 6584.000
-1.780 6576.000
-1.775 6568.000
-1.770 6561.000
-1.765 6553.000
-1.760 6545.000
-1.755 6538.000
-1.750 6530.000
-1.745 6522.000
-1.740 6514.000
-1.735 6507.000
-1.730 6499.000
-1.725 6491.000
-1.720 6483.000
-1.715 6475.000
-1.710 6467.000
-1.705 6460.000
-1.700 6452.000
-1.695 6444.000
-1.690 6436.000
-1.685 6428.000
-1.680 6420.000
-1.675 6412.000
-1.670 6404.000
-1.665 6397.000
-1.660 6389.000
-1.655 6381.000
-1.650 6373.000
-1.645 6365.000
-1.640 6357.000
-1.635 6349.000
-1.630 6341.000
-1.625 6333.000
-1.620 6325.000
-1.615 6317.000
-1.610 6309.000
-1.605 6300.000
-1.600 6293.000
-1.595 6284.000
-1.590 6276.000
-1.585 6268.000
-1.580 6260.000
-1.575 6252.000
-1.570 6244.000
-1.565 6236.000
-1.560 6228.000
-1.555 6219.000
-1.550 6211.000
-1.545 6203.000
-1.540 6195.000
-1.535 6186.500
-1.530 6178.000
-1.525 6170.000
-1.520 6162.000
-1.515 6153.500
-1.510 6145.000
-1.505 6137.000
-1.500 6129.000
-1.495 6120.000
-1.490 6112.000
-1.485 6104.000
-1.480 6095.000
-1.475 6087.000
-1.470 6078.000
-1.465 6070.000
-1.460 6062.000
-1.455 6053.000
-1.450 6045.000
-1.445 6036.000
-1.440 6028.000
-1.435 6019.000
-1.430 6011.000
-1.425 6002.000
-1.420 5994.000
-1.415 5985.000
-1.410 5977.000
-1.405 5968.000
-1.400 5960.000
-1.395 5951.000
-1.390 5942.000
-1.385 5934.000
-1.380 5925.000
-1.375 5916.500
-1.370 5908.000
-1.365 5899.000
-1.360 5890.500
-1.355 5882.000
-1.350 5873.000
-1.345 5864.000
-1.340 5855.500
-1.335 5847.000
-1.330 5838.000
-1.325 5829.000
-1.320 5820.500
-1.315 5811.500
-1.310 5803.000
-1.305 5794.000
-1.300 5785.000
-1.295 5776.000
-1.290 5767.000
-1.285 5758.000
-1.280 5749.500
-1.275 5740.500
-1.270 5731.500
-1.265 5722.500
-1.260 5713.500
-1.255 5704.500
-1.250 5695.500
-1.245 5686.500
-1.240 5677.000
-1.235 5668.000
-1.230 5659.000
-1.225 5650.000
-1.220 5641.000
-1.215 5632.000
-1.210 5623.000
-1.205 5613.500
-1.200 5604.000
-1.195 5595.000
-1.190 5586.000
-1.185 5576.500
-1.180 5567.000
-1.175 5558.000
-1.170 5549.000
-1.165 5539.500
-1.160 5530.000
-1.155 5521.000
-1.150 5511.500
-1.145 5502.000
-1.140 5492.500
-1.135 5483.000
-1.130 5474.000
-1.125 5464.000
-1.120 5455.000
-1.115 5445.000
-1.110 5436.000
-1.105 5426.000
-1.100 5416.500
-1.095 5407.000
-1.090 5397.500
-1.085 5388.000
-1.080 5378.000
-1.075 5368.500
-1.070 5359.000
-1.065 5349.000
-1.060 5339.500
-1.055 5329.500
-1.050 5320.000
-1.045 5310.000
-1.040 5300.000
-1.035 5290.500
-1.030 5280.500
-1.025 5271.000
-1.020 5261.000
-1.015 5251.000
-1.010 5241.000
-1.005 5231.000
-1.000 5221.000
-0.995 5211.000
-0.990 5201.000
-0.985 5191.000
-0.980 5181.000
-0.975 5171.000
-0.970 5160.500
-0.965 5150.500
-0.960 5140.000
-0.955 5130.000
-0.950 5120.000
-0.945 5109.500
-0.940 5099.000
-0.935 5089.000
-0.930 5078.500
-0.925 5068.000
-0.920 5058.000
-0.915 5047.500
-0.910 5037.000
-0.905 5026.500
-0.900 5016.000
-0.895 5005.500
-0.890 4995.000
-0.885 4984.500
-0.880 4974.000
-0.875 4963.000
-0.870 4952.500
-0.865 4942.000
-0.860 4931.000
-0.855 4920.500
-0.850 4909.500
-0.845 4899.000
-0.840 4888.000
-0.835 4877.000
-0.830 4866.000
-0.825 4855.000
-0.820 4844.500
-0.815 4833.500
-0.810 4822.000
-0.805 4811.000
-0.800 4800.000
-0.795 4789.000
-0.790 4778.000
-0.785 4766.500
-0.780 4755.500
-0.775 4744.000
-0.770 4733.000
-0.765 4721.500
-0.760 4710.000
-0.755 4698.500
-0.750 4687.000
-0.745 4675.500
-0.740 4664.000
-0.735 4652.500
-0.730 4641.000
-0.725 4629.500
-0.720 4617.500
-0.715 4606.000
-0.710 4594.000
-0.705 4582.500
-0.700 4570.500
-0.695 4558.500
-0.690 4546.500
-0.685 4534.500
-0.680 4522.500
-0.675 4510.500
-0.670 4498.500
-0.665 4486.500
-0.660 4474.000
-0.655 4462.000
-0.650 4449.500
-0.645 4437.000
-0.640 4424.500
-0.635 4412.000
-0.630 4399.500
-0.625 4387.000
-0.620 4374.500
-0.615 4362.000
-0.610 4349.000
-0.605 4336.500
-0.600 4323.500
-0.595 4310.500
-0.590 4297.500
-0.585 4284.500
-0.580 4271.500
-0.575 4258.500
-0.570 4245.000
-0.565 4232.000
-0.560 4218.500
-0.555 4205.000
-0.550 4191.500
-0.545 4178.000
-0.540 4164.500
-0.535 4151.000
-0.530 4137.000
-0.525 4123.500
-0.520 4109.500
-0.515 4095.500
-0.510 4081.500
-0.505 4067.500
-0.500 4053.000
-0.495 4039.000
-0.490 4024.500
-0.485 4010.000
-0.480 3995.500
-0.475 3981.000
-0.470 3966.000
-0.465 3951.500
-0.460 3936.500
-0.455 3921.500
-0.450 3906.500
-0.445 3891.500
-0.440 3876.000
-0.435 3860.500
-0.430 3845.000
-0.425 3829.500
-0.420 3814.000
-0.415 3798.000
-0.410 3782.000
-0.405 3766.000
-0.400 3749.500
-0.395 3733.500
-0.390 3717.000
-0.385 3700.500
-0.380 3683.500
-0.375 3667.000
-0.370 3650.000
-0.365 3632.500
-0.360 3615.500
-0.355 3598.000
-0.350 3580.500
-0.345 3562.500
-0.340 3544.500
-0.335 3526.500
-0.330 3508.500
-0.325 3490.000
-0.320 3471.000
-0.315 3452.500
-0.310 3433.500
-0.305 3414.000
-0.300 3394.500
-0.295 3375.000
-0.290 3355.000
-0.285 3335.000
-0.280 3314.500
-0.275 3294.000
-0.270 3273.000
-0.265 3252.000
-0.260 3230.500
-0.255 3209.000
-0.250 3187.000
-0.245 3164.333
-0.240 3142.000
-0.235 3119.000
-0.230 3095.333
-0.225 3071.667
-0.220 3047.667
-0.215 3023.000
-0.210 2998.000
-0.205 2973.000
-0.200 2947.000
-0.195 2921.000
-0.190 2894.000
-0.185 2866.667
-0.180 2839.000
-0.175 2810.333
-0.170 2781.333
-0.165 2751.667
-0.160 2721.333
-0.155 2690.333
-0.150 2658.333
-0.145 2625.667
-0.140 2592.333
-0.135 2557.667
-0.130 2522.333
-0.125 2485.667
-0.120 2448.000
-0.115 2409.333
-0.110 2369.000
-0.105 2327.500
-0.100 2284.500
-0.095 2239.750
-0.090 2193.000
-0.085 2144.500
-0.080 2094.000
-0.075 2040.750
-0.070 1985.000
-0.065 1926.500
-0.060 1864.400
-0.055 1798.600
-0.050 1728.600
-0.045 1653.600
-0.040 1573.000
-0.035 1485.500
-0.030 1389.833
-0.025 1284.143
-0.020 1165.571
-0.015 1029.889
