-3.500 4095.000
-3.495 4092.000
-3.490 4089.000
-3.485 4086.000
-3.480 4084.000
-3.475 4081.000
-3.470 4078.000
-3.465 4075.000
-3.460 4073.000
-3.455 4070.000
-3.450 4067.000
-3.445 4064.000
-3.440 4062.000
-3.435 4059.000
-3.430 4056.000
-3.425 4053.000
-3.420 4051.000
-3.415 4048.000
-3.410 4045.000
-3.405 4042.000
-3.400 4040.000
-3.395 4037.000
-3.390 4034.000
-3.385 4031.000
-3.380 4029.000
-3.375 4026.000
-3.370 4023.000
-3.365 4020.000
-3.360 4018.000
-3.355 4015.000
-3.350 4012.000
-3.345 4009.000
-3.340 4006.000
-3.335 4004.000
-3.330 4001.000
-3.325 3998.000
-3.320 3995.000
-3.315 3993.000
-3.310 3990.000
-3.305 3987.000
-3.300 3984.000
-3.295 3981.000
-3.290 3979.000
-3.285 3976.000
-3.280 3973.000
-3.275 3970.000
-3.270 3967.000
-3.265 3964.000
-3.260 3962.000
-3.255 3959.000
-3.250 3956.000
-3.245 3953.000
-3.240 3950.000
-3.235 3948.000
-3.230 3945.000
-3.225 3942.000
-3.220 3939.000
-3.215 3936.000
-3.210 3933.000
-3.205 3931.000
-3.200 3928.000
-3.195 3925.000
-3.190 3922.000
-3.185 3919.000
-3.180 3916.000
-3.175 3914.000
-3.170 3911.000
-3.165 3908.000
-3.160 3905.000
-3.155 3902.000
-3.150 3899.000
-3.145 3896.000
-3.140 3894.000
-3.135 3891.000
-3.130 3888.000
-3.125 3885.000
-3.120 3882.000
-3.115 3879.000
-3.110 3876.000
-3.105 3874.000
-3.100 3871.000
-3.095 3868.000
-3.090 3865.000
-3.085 3862.000
-3.080 3859.000
-3.075 3856.000
-3.070 3853.000
-3.065 3851.000
-3.060 3848.000
-3.055 3845.000
-3.050 3842.000
-3.045 3839.000
-3.040 3836.000
-3.035 3833.000
-3.030 3830.000
-3.025 3827.000
-3.020 3824.000
-3.015 3822.000
-3.010 3819.000
-3.005 3816.000
-3.000 3813.000
-2.995 3810.000
-2.990 3807.000
-2.985 3804.000
-2.980 3801.000
-2.975 3798.000
-2.970 3795.000
-2.965 3792.000
-2.960 3789.000
-2.955 3786.000
-2.950 3783.000
-2.945 3781.000
-2.940 3778.000
-2.935 3775.000
-2.930 3772.000
-2.925 3769.000
-2.920 3766.000
-2.915 3763.000
-2.910 3760.000
-2.905 3757.000
-2.900 3754.000
-2.895 3751.000
-2.890 3748.000
-2.885 3745.000
-2.880 3742.000
-2.875 3739.000
-2.870 3736.000
-2.865 3733.000
-2.860 3730.000
-2.855 3727.000
-2.850 3724.000
-2.845 3721.000
-2.840 3718.000
-2.835 3715.000
-2.830 3712.000
-2.825 3709.000
-2.820 3706.000
-2.815 3703.000
-2.810 3700.000
-2.805 3697.000
-2.800 3694.000
-2.795 3691.000
-2.790 3688.000
-2.785 3685.000
-2.780 3682.000
-2.775 3679.000
-2.770 3676.000
-2.765 3673.000
-2.760 3670.000
-2.755 3667.000
-2.750 3664.000
-2.745 3661.000
-2.740 3658.000
-2.735 3655.000
-2.730 3652.000
-2.725 3649.000
-2.720 3646.000
-2.715 3643.000
-2.710 3640.000
-2.705 3637.000
-2.700 3634.000
-2.695 3631.000
-2.690 3628.000
-2.685 3625.000
-2.680 3622.000
-2.675 3618.000
-2.670 3615.000
-2.665 3612.000
-2.660 3609.000
-2.655 3606.000
-2.650 3603.000
-2.645 3600.000
-2.640 3597.000
-2.635 3594.000
-2.630 3591.000
-2.625 3588.000
-2.620 3585.000
-2.615 3582.000
-2.610 3578.000
-2.605 3575.000
-2.600 3572.000
-2.595 3569.000
-2.590 3566.000
-2.585 3563.000
-2.580 3560.000
-2.575 3557.000
-2.570 3554.000
-2.565 3550.000
-2.560 3547.000
-2.555 3544.000
-2.550 3541.000
-2.545 3538.000
-2.540 3535.000
-2.535 3532.000
-2.530 3529.000
-2.525 3525.000
-2.520 3522.000
-2.515 3519.000
-2.510 3516.000
-2.505 3513.000
-2.500 3510.000
-2.495 3506.000
-2.490 3503.000
-2.485 3500.000
-2.480 3497.000
-2.475 3494.000
-2.470 3491.000
-2.465 3488.000
-2.460 3484.000
-2.455 3481.000
-2.450 3478.000
-2.445 3475.000
-2.440 3472.000
-2.435 3468.000
-2.430 3465.000
-2.425 3462.000
-2.420 3459.000
-2.415 3456.000
-2.410 3452.000
-2.405 3449.000
-2.400 3446.000
-2.395 3443.000
-2.390 3440.000
-2.385 3436.000
-2.380 3433.000
-2.375 3430.000
-2.370 3427.000
-2.365 3423.000
-2.360 3420.000
-2.355 3417.000
-2.350 3414.000
-2.345 3411.000
-2.340 3407.000
-2.335 3404.000
-2.330 3401.000
-2.325 3398.000
-2.320 3394.000
-2.315 3391.000
-2.310 3388.000
-2.305 3385.000
-2.300 3381.000
-2.295 3378.000
-2.290 3375.000
-2.285 3371.000
-2.280 3368.000
-2.275 3365.000
-2.270 3362.000
-2.265 3358.000
-2.260 3355.000
-2.255 3352.000
-2.250 3348.000
-2.245 3345.000
-2.240 3342.000
-2.235 3339.000
-2.230 3335.000
-2.225 3332.000
-2.220 3329.000
-2.215 3325.000
-2.210 3322.000
-2.205 3319.000
-2.200 3315.000
-2.195 3312.000
-2.190 3309.000
-2.185 3305.000
-2.180 3302.000
-2.175 3299.000
-2.170 3295.000
-2.165 3292.000
-2.160 3289.000
-2.155 3285.000
-2.150 3282.000
-2.145 3279.000
-2.140 3275.000
-2.135 3272.000
-2.130 3268.000
-2.125 3265.000
-2.120 3262.000
-2.115 3258.000
-2.110 3255.000
-2.105 3252.000
-2.100 3248.000
-2.095 3245.000
-2.090 3241.000
-2.085 3238.000
-2.080 3235.000
-2.075 3231.000
-2.070 3228.000
-2.065 3224.000
-2.060 3221.000
-2.055 3217.000
-2.050 3214.000
-2.045 3211.000
-2.040 3207.000
-2.035 3204.000
-2.030 3200.000
-2.025 3197.000
-2.020 3193.000
-2.015 3190.000
-2.010 3186.000
-2.005 3183.000
-2.000 3180.000
-1.995 3176.000
-1.990 3173.000
-1.985 3169.000
-1.980 3166.000
-1.975 3162.000
-1.970 3159.000
-1.965 3155.000
-1.960 3152.000
-1.955 3148.000
-1.950 3145.000
-1.945 3141.000
-1.940 3138.000
-1.935 3134.000
-1.930 3131.000
-1.925 3127.000
-1.920 3124.000
-1.915 3120.000
-1.910 3117.000
-1.905 3113.000
-1.900 3110.000
-1.895 3106.000
-1.890 3103.000
-1.885 3099.000
-1.880 3095.000
-1.875 3092.000
-1.870 3088.000
-1.865 3085.000
-1.860 3081.000
-1.855 3078.000
-1.850 3074.000
-1.845 3070.000
-1.840 3067.000
-1.835 3063.000
-1.830 3060.000
-1.825 3056.000
-1.820 3052.000
-1.815 3049.000
-1.810 3045.000
-1.805 3042.000
-1.800 3038.000
-1.795 3034.000
-1.790 3031.000
-1.785 3027.000
-1.780 3024.000
-1.775 3020.000
-1.770 3016.000
-1.765 3013.000
-1.760 3009.000
-1.755 3005.000
-1.750 3002.000
-1.745 2998.000
-1.740 2994.000
-1.735 2991.000
-1.730 2987.000
-1.725 2983.000
-1.720 2980.000
-1.715 2976.000
-1.710 2972.000
-1.705 2969.000
-1.700 2965.000
-1.695 2961.000
-1.690 2957.500
-1.685 2954.000
-1.680 2950.000
-1.675 2946.000
-1.670 2943.000
-1.665 2939.000
-1.660 2935.000
-1.655 2931.000
-1.650 2928.000
-1.645 2924.000
-1.640 2920.000
-1.635 2916.000
-1.630 2913.000
-1.625 2909.000
-1.620 2905.000
-1.615 2901.000
-1.610 2897.500
-1.605 2894.000
-1.600 2890.000
-1.595 2886.000
-1.590 2882.000
-1.585 2878.500
-1.580 2875.000
-1.575 2871.000
-1.570 2867.000
-1.565 2863.000
-1.560 2859.000
-1.555 2855.500
-1.550 2852.000
-1.545 2848.000
-1.540 2844.000
-1.535 2840.000
-1.530 2836.000
-1.525 2832.000
-1.520 2828.500
-1.515 2825.000
-1.510 2821.000
-1.505 2817.000
-1.500 2813.000
-1.495 2809.000
-1.490 2805.000
-1.485 2801.000
-1.480 2797.000
-1.475 2793.000
-1.470 2789.500
-1.465 2785.500
-1.460 2782.000
-1.455 2778.000
-1.450 2774.000
-1.445 2770.000
-1.440 2766.000
-1.435 2762.000
-1.430 2758.000
-1.425 2754.000
-1.420 2750.000
-1.415 2746.000
-1.410 2742.000
-1.405 2738.000
-1.400 2734.000
-1.395 2730.000
-1.390 2726.000
-1.385 2722.000
-1.380 2718.000
-1.375 2714.000
-1.370 2710.000
-1.365 2706.000
-1.360 2701.500
-1.355 2697.500
-1.350 2693.500
-1.345 2689.000
-1.340 2685.000
-1.335 2681.000
-1.330 2677.000
-1.325 2673.000
-1.320 2669.000
-1.315 2665.000
-1.310 2661.000
-1.305 2656.500
-1.300 2652.500
-1.295 2648.000
-1.290 2644.000
-1.285 2640.000
-1.280 2636.000
-1.275 2631.500
-1.270 2627.500
-1.265 2623.000
-1.260 2619.000
-1.255 2615.000
-1.250 2611.000
-1.245 2606.500
-1.240 2602.000
-1.235 2598.000
-1.230 2594.000
-1.225 2589.500
-1.220 2585.000
-1.215 2581.000
-1.210 2577.000
-1.205 2572.500
-1.200 2568.000
-1.195 2564.000
-1.190 2559.500
-1.185 2555.000
-1.180 2551.000
-1.175 2547.000
-1.170 2542.500
-1.165 2538.000
-1.160 2534.000
-1.155 2529.500
-1.150 2525.000
-1.145 2520.500
-1.140 2516.000
-1.135 2512.000
-1.130 2507.500
-1.125 2503.000
-1.120 2499.000
-1.115 2494.000
-1.110 2490.000
-1.105 2485.500
-1.100 2481.000
-1.095 2476.500
-1.090 2472.000
-1.085 2467.500
-1.080 2463.000
-1.075 2458.500
-1.070 2454.000
-1.065 2449.500
-1.060 2445.000
-1.055 2440.500
-1.050 2436.000
-1.045 2431.500
-1.040 2427.000
-1.035 2422.500
-1.030 2418.000
-1.025 2413.000
-1.020 2408.500
-1.015 2404.000
-1.010 2399.500
-1.005 2395.000
-1.000 2390.000
-0.995 2385.500
-0.990 2381.000
-0.985 2376.000
-0.980 2371.500
-0.975 2367.000
-0.970 2362.000
-0.965 2357.500
-0.960 2353.000
-0.955 2348.000
-0.950 2343.500
-0.945 2338.500
-0.940 2334.000
-0.935 2329.000
-0.930 2324.000
-0.925 2319.500
-0.920 2314.500
-0.915 2310.000
-0.910 2305.000
-0.905 2300.000
-0.900 2295.000
-0.895 2290.500
-0.890 2285.500
-0.885 2280.500
-0.880 2276.000
-0.875 2271.000
-0.870 2266.000
-0.865 2261.000
-0.860 2256.000
-0.855 2251.000
-0.850 2246.000
-0.845 2241.000
-0.840 2236.000
-0.835 2231.000
-0.830 2226.000
-0.825 2221.000
-0.820 2216.000
-0.815 2210.500
-0.810 2205.500
-0.805 2200.500
-0.800 2195.500
-0.795 2190.000
-0.790 2185.000
-0.785 2180.000
-0.780 2174.500
-0.775 2169.500
-0.770 2164.000
-0.765 2159.000
-0.760 2153.500
-0.755 2148.500
-0.750 2143.000
-0.745 2138.000
-0.740 2132.500
-0.735 2127.000
-0.730 2122.000
-0.725 2116.500
-0.720 2111.000
-0.715 2105.500
-0.710 2100.000
-0.705 2094.500
-0.700 2089.000
-0.695 2083.500
-0.690 2078.000
-0.685 2072.500
-0.680 2067.000
-0.675 2061.500
-0.670 2056.000
-0.665 2050.000
-0.660 2044.500
-0.655 2039.000
-0.650 2033.000
-0.645 2027.500
-0.640 2022.000
-0.635 2016.000
-0.630 2010.000
-0.625 2004.500
-0.620 1998.500
-0.615 1992.500
-0.610 1987.000
-0.605 1981.000
-0.600 1975.000
-0.595 1969.000
-0.590 1963.000
-0.585 1957.000
-0.580 1951.000
-0.575 1945.000
-0.570 1939.000
-0.565 1932.500
-0.560 1926.500
-0.555 1920.500
-0.550 1914.000
-0.545 1908.000
-0.540 1901.500
-0.535 1895.500
-0.530 1889.000
-0.525 1882.500
-0.520 1876.000
-0.515 1869.500
-0.510 1863.000
-0.505 1856.500
-0.500 1850.000
-0.495 1843.500
-0.490 1837.000
-0.485 1830.500
-0.480 1823.500
-0.475 1817.000
-0.470 1810.000
-0.465 1803.000
-0.460 1796.500
-0.455 1789.500
-0.450 1782.500
-0.445 1775.500
-0.440 1768.500
-0.435 1761.000
-0.430 1754.000
-0.425 1747.000
-0.420 1739.500
-0.415 1732.500
-0.410 1725.000
-0.405 1717.500
-0.400 1710.000
-0.395 1702.500
-0.390 1695.000
-0.385 1687.000
-0.380 1679.500
-0.375 1671.500
-0.370 1664.000
-0.365 1656.000
-0.360 1648.000
-0.355 1640.000
-0.350 1632.000
-0.345 1623.500
-0.340 1615.500
-0.335 1607.000
-0.330 1598.500
-0.325 1590.000
-0.320 1581.500
-0.315 1572.500
-0.310 1564.000
-0.305 1555.000
-0.300 1546.000
-0.295 1537.000
-0.290 1527.500
-0.285 1518.500
-0.280 1509.000
-0.275 1499.500
-0.270 1489.500
-0.265 1480.000
-0.260 1470.000
-0.255 1460.000
-0.250 1450.000
-0.245 1439.333
-0.240 1429.000
-0.235 1418.333
-0.230 1407.667
-0.225 1396.667
-0.220 1385.333
-0.215 1374.000
-0.210 1362.667
-0.205 1351.000
-0.200 1339.000
-0.195 1326.667
-0.190 1314.333
-0.185 1301.667
-0.180 1288.667
-0.175 1275.667
-0.170 1262.333
-0.165 1248.333
-0.160 1234.333
-0.155 1220.000
-0.150 1205.333
-0.145 1190.000
-0.140 1174.667
-0.135 1158.667
-0.130 1142.333
-0.125 1125.333
-0.120 1108.000
-0.115 1090.000
-0.110 1071.500
-0.105 1052.250
-0.100 1032.250
-0.095 1011.750
-0.090 990.250
-0.085 967.750
-0.080 944.500
-0.075 920.000
-0.070 894.250
-0.065 867.250
-0.060 838.750
-0.055 808.800
-0.050 776.600
-0.045 742.400
-0.040 705.600
-0.035 665.833
-0.030 622.333
-0.025 574.500
-0.020 521.000
-0.015 460.111
