-3.500 4396.000
-3.495 4393.000
-3.490 4390.000
-3.485 4387.000
-3.480 4384.000
-3.475 4382.000
-3.470 4379.000
-3.465 4376.000
-3.460 4373.000
-3.455 4370.000
-3.450 4367.000
-3.445 4364.000
-3.440 4361.000
-3.435 4358.000
-3.430 4355.000
-3.425 4352.000
-3.420 4349.000
-3.415 4346.000
-3.410 4343.000
-3.405 4340.000
-3.400 4337.000
-3.395 4334.000
-3.390 4331.000
-3.385 4328.000
-3.380 4326.000
-3.375 4323.000
-3.370 4320.000
-3.365 4317.000
-3.360 4314.000
-3.355 4311.000
-3.350 4308.000
-3.345 4305.000
-3.340 4302.000
-3.335 4299.000
-3.330 4296.000
-3.325 4293.000
-3.320 4290.000
-3.315 4287.000
-3.310 4284.000
-3.305 4281.000
-3.300 4278.000
-3.295 4275.000
-3.290 4272.000
-3.285 4269.000
-3.280 4266.000
-3.275 4263.000
-3.270 4260.000
-3.265 4257.000
-3.260 4254.000
-3.255 4251.000
-3.250 4248.000
-3.245 4245.000
-3.240 4242.000
-3.235 4239.000
-3.230 4236.000
-3.225 4233.000
-3.220 4230.000
-3.215 4227.000
-3.210 4223.000
-3.205 4220.000
-3.200 4217.000
-3.195 4214.000
-3.190 4211.000
-3.185 4208.000
-3.180 4205.000
-3.175 4202.000
-3.170 4199.000
-3.165 4196.000
-3.160 4193.000
-3.155 4190.000
-3.150 4187.000
-3.145 4184.000
-3.140 4181.000
-3.135 4178.000
-3.130 4175.000
-3.125 4172.000
-3.120 4168.000
-3.115 4165.000
-3.110 4162.000
-3.105 4159.000
-3.100 4156.000
-3.095 4153.000
-3.090 4150.000
-3.085 4147.000
-3.080 4144.000
-3.075 4141.000
-3.070 4138.000
-3.065 4135.000
-3.060 4131.000
-3.055 4128.000
-3.050 4125.000
-3.045 4122.000
-3.040 4119.000
-3.035 4116.000
-3.030 4113.000
-3.025 4110.000
-3.020 4107.000
-3.015 4103.000
-3.010 4100.000
-3.005 4097.000
-3.000 4094.000
-2.995 4091.000
-2.990 4088.000
-2.985 4085.000
-2.980 4082.000
-2.975 4078.000
-2.970 4075.000
-2.965 4072.000
-2.960 4069.000
-2.955 4066.000
-2.950 4063.000
-2.945 4059.000
-2.940 4056.000
-2.935 4053.000
-2.930 4050.000
-2.925 4047.000
-2.920 4044.000
-2.915 4041.000
-2.910 4037.000
-2.905 4034.000
-2.900 4031.000
-2.895 4028.000
-2.890 4025.000
-2.885 4021.000
-2.880 4018.000
-2.875 4015.000
-2.870 4012.000
-2.865 4009.000
-2.860 4006.000
-2.855 4002.000
-2.850 3999.000
-2.845 3996.000
-2.840 3993.000
-2.835 3990.000
-2.830 3986.000
-2.825 3983.000
-2.820 3980.000
-2.815 3977.000
-2.810 3973.000
-2.805 3970.000
-2.800 3967.000
-2.795 3964.000
-2.790 3961.000
-2.785 3957.000
-2.780 3954.000
-2.775 3951.000
-2.770 3948.000
-2.765 3944.000
-2.760 3941.000
-2.755 3938.000
-2.750 3935.000
-2.745 3931.000
-2.740 3928.000
-2.735 3925.000
-2.730 3922.000
-2.725 3918.000
-2.720 3915.000
-2.715 3912.000
-2.710 3909.000
-2.705 3905.000
-2.700 3902.000
-2.695 3899.000
-2.690 3895.000
-2.685 3892.000
-2.680 3889.000
-2.675 3886.000
-2.670 3882.000
-2.665 3879.000
-2.660 3876.000
-2.655 3872.000
-2.650 3869.000
-2.645 3866.000
-2.640 3863.000
-2.635 3859.000
-2.630 3856.000
-2.625 3853.000
-2.620 3849.000
-2.615 3846.000
-2.610 3843.000
-2.605 3839.000
-2.600 3836.000
-2.595 3833.000
-2.590 3829.000
-2.585 3826.000
-2.580 3823.000
-2.575 3819.000
-2.570 3816.000
-2.565 3813.000
-2.560 3809.000
-2.555 3806.000
-2.550 3803.000
-2.545 3799.000
-2.540 3796.000
-2.535 3793.000
-2.530 3789.000
-2.525 3786.000
-2.520 3782.000
-2.515 3779.000
-2.510 3776.000
-2.505 3772.000
-2.500 3769.000
-2.495 3766.000
-2.490 3762.000
-2.485 3759.000
-2.480 3755.000
-2.475 3752.000
-2.470 3749.000
-2.465 3745.000
-2.460 3742.000
-2.455 3738.000
-2.450 3735.000
-2.445 3731.000
-2.440 3728.000
-2.435 3725.000
-2.430 3721.000
-2.425 3718.000
-2.420 3714.000
-2.415 3711.000
-2.410 3707.000
-2.405 3704.000
-2.400 3701.000
-2.395 3697.000
-2.390 3694.000
-2.385 3690.000
-2.380 3687.000
-2.375 3683.000
-2.370 3680.000
-2.365 3676.000
-2.360 3673.000
-2.355 3669.000
-2.350 3666.000
-2.345 3663.000
-2.340 3659.000
-2.335 3656.000
-2.330 3652.000
-2.325 3649.000
-2.320 3645.000
-2.315 3642.000
-2.310 3638.000
-2.305 3635.000
-2.300 3631.000
-2.295 3628.000
-2.290 3624.000
-2.285 3621.000
-2.280 3617.000
-2.275 3614.000
-2.270 3610.000
-2.265 3607.000
-2.260 3603.000
-2.255 3599.000
-2.250 3596.000
-2.245 3592.000
-2.240 3589.000
-2.235 3585.000
-2.230 3582.000
-2.225 3578.000
-2.220 3575.000
-2.215 3571.000
-2.210 3567.000
-2.205 3564.000
-2.200 3560.000
-2.195 3557.000
-2.190 3553.000
-2.185 3550.000
-2.180 3546.000
-2.175 3542.000
-2.170 3539.000
-2.165 3535.000
-2.160 3532.000
-2.155 3528.000
-2.150 3524.000
-2.145 3521.000
-2.140 3517.000
-2.135 3514.000
-2.130 3510.000
-2.125 3506.000
-2.120 3503.000
-2.115 3499.000
-2.110 3496.000
-2.105 3492.000
-2.100 3488.000
-2.095 3485.000
-2.090 3481.000
-2.085 3477.000
-2.080 3474.000
-2.075 3470.000
-2.070 3466.000
-2.065 3463.000
-2.060 3459.000
-2.055 3455.000
-2.050 3452.000
-2.045 3448.000
-2.040 3444.000
-2.035 3441.000
-2.030 3437.000
-2.025 3433.000
-2.020 3429.000
-2.015 3426.000
-2.010 3422.000
-2.005 3418.000
-2.000 3415.000
-1.995 3411.000
-1.990 3407.000
-1.985 3403.000
-1.980 3400.000
-1.975 3396.000
-1.970 3392.000
-1.965 3389.000
-1.960 3385.000
-1.955 3381.000
-1.950 3377.000
-1.945 3374.000
-1.940 3370.000
-1.935 3366.000
-1.930 3362.000
-1.925 3358.000
-1.920 3355.000
-1.915 3351.000
-1.910 3347.000
-1.905 3343.000
-1.900 3340.000
-1.895 3336.000
-1.890 3332.000
-1.885 3328.000
-1.880 3324.000
-1.875 3321.000
-1.870 3317.000
-1.865 3313.000
-1.860 3309.000
-1.855 3305.000
-1.850 3301.000
-1.845 3298.000
-1.840 3294.000
-1.835 3290.000
-1.830 3286.000
-1.825 3282.000
-1.820 3278.000
-1.815 3274.000
-1.810 3271.000
-1.805 3267.000
-1.800 3263.000
-1.795 3259.000
-1.790 3255.000
-1.785 3251.000
-1.780 3247.000
-1.775 3243.000
-1.770 3239.000
-1.765 3235.000
-1.760 3232.000
-1.755 3228.000
-1.750 3224.000
-1.745 3220.000
-1.740 3216.000
-1.735 3212.000
-1.730 3208.000
-1.725 3204.000
-1.720 3200.000
-1.715 3196.000
-1.710 3192.000
-1.705 3188.000
-1.700 3184.000
-1.695 3180.000
-1.690 3176.000
-1.685 3172.000
-1.680 3168.000
-1.675 3164.000
-1.670 3160.000
-1.665 3156.000
-1.660 3152.000
-1.655 3148.000
-1.650 3144.000
-1.645 3140.000
-1.640 3136.000
-1.635 3132.000
-1.630 3128.000
-1.625 3124.000
-1.620 3120.000
-1.615 3116.000
-1.610 3112.000
-1.605 3108.000
-1.600 3104.000
-1.595 3100.000
-1.590 3096.000
-1.585 3091.500
-1.580 3087.000
-1.575 3083.000
-1.570 3079.000
-1.565 3075.000
-1.560 3071.000
-1.555 3067.000
-1.550 3063.000
-1.545 3059.000
-1.540 3054.000
-1.535 3050.000
-1.530 3046.000
-1.525 3042.000
-1.520 3038.000
-1.515 3034.000
-1.510 3029.500
-1.505 3025.000
-1.500 3021.000
-1.495 3017.000
-1.490 3013.000
-1.485 3008.500
-1.480 3004.000
-1.475 3000.000
-1.470 2996.000
-1.465 2992.000
-1.460 2987.500
-1.455 2983.000
-1.450 2979.000
-1.445 2975.000
-1.440 2970.500
-1.435 2966.000
-1.430 2962.000
-1.425 2958.000
-1.420 2953.000
-1.415 2949.000
-1.410 2945.000
-1.405 2940.500
-1.400 2936.000
-1.395 2932.000
-1.390 2927.500
-1.385 2923.000
-1.380 2919.000
-1.375 2914.500
-1.370 2910.000
-1.365 2906.000
-1.360 2901.500
-1.355 2897.000
-1.350 2893.000
-1.345 2888.500
-1.340 2884.000
-1.335 2880.000
-1.330 2875.000
-1.325 2871.000
-1.320 2866.500
-1.315 2862.000
-1.310 2857.500
-1.305 2853.000
-1.300 2849.000
-1.295 2844.000
-1.290 2840.000
-1.285 2835.000
-1.280 2831.000
-1.275 2826.500
-1.270 2822.000
-1.265 2817.500
-1.260 2813.000
-1.255 2808.500
-1.250 2804.000
-1.245 2799.500
-1.240 2795.000
-1.235 2790.000
-1.230 2786.000
-1.225 2781.000
-1.220 2777.000
-1.215 2772.000
-1.210 2767.500
-1.205 2763.000
-1.200 2758.000
-1.195 2754.000
-1.190 2749.000
-1.185 2744.500
-1.180 2740.000
-1.175 2735.000
-1.170 2730.500
-1.165 2726.000
-1.160 2721.000
-1.155 2716.500
-1.150 2712.000
-1.145 2707.000
-1.140 2702.500
-1.135 2698.000
-1.130 2693.000
-1.125 2688.500
-1.120 2684.000
-1.115 2679.000
-1.110 2674.000
-1.105 2669.500
-1.100 2664.500
-1.095 2660.000
-1.090 2655.000
-1.085 2650.000
-1.080 2645.500
-1.075 2641.000
-1.070 2636.000
-1.065 2631.000
-1.060 2626.000
-1.055 2621.000
-1.050 2616.500
-1.045 2611.500
-1.040 2606.500
-1.035 2602.000
-1.030 2597.000
-1.025 2592.000
-1.020 2587.000
-1.015 2582.000
-1.010 2577.000
-1.005 2572.000
-1.000 2567.000
-0.995 2562.000
-0.990 2557.000
-0.985 2552.000
-0.980 2547.000
-0.975 2542.000
-0.970 2537.000
-0.965 2532.000
-0.960 2527.000
-0.955 2522.000
-0.950 2517.000
-0.945 2512.000
-0.940 2506.500
-0.935 2501.500
-0.930 2496.500
-0.925 2491.000
-0.920 2486.000
-0.915 2481.000
-0.910 2475.500
-0.905 2470.500
-0.900 2465.000
-0.895 2460.000
-0.890 2455.000
-0.885 2449.500
-0.880 2444.000
-0.875 2439.000
-0.870 2433.500
-0.865 2428.500
-0.860 2423.000
-0.855 2417.500
-0.850 2412.500
-0.845 2407.000
-0.840 2401.500
-0.835 2396.000
-0.830 2391.000
-0.825 2385.500
-0.820 2380.000
-0.815 2374.500
-0.810 2369.000
-0.805 2363.500
-0.800 2358.000
-0.795 2352.500
-0.790 2347.000
-0.785 2341.000
-0.780 2335.500
-0.775 2330.000
-0.770 2324.500
-0.765 2319.000
-0.760 2313.000
-0.755 2307.500
-0.750 2302.000
-0.745 2296.000
-0.740 2290.500
-0.735 2284.500
-0.730 2279.000
-0.725 2273.000
-0.720 2267.500
-0.715 2261.500
-0.710 2255.500
-0.705 2250.000
-0.700 2244.000
-0.695 2238.000
-0.690 2232.000
-0.685 2226.000
-0.680 2220.000
-0.675 2214.000
-0.670 2208.000
-0.665 2202.000
-0.660 2196.000
-0.655 2190.000
-0.650 2184.000
-0.645 2177.500
-0.640 2171.500
-0.635 2165.500
-0.630 2159.000
-0.625 2153.000
-0.620 2146.500
-0.615 2140.500
-0.610 2134.000
-0.605 2127.500
-0.600 2121.500
-0.595 2115.000
-0.590 2108.500
-0.585 2102.000
-0.580 2095.500
-0.575 2089.000
-0.570 2082.500
-0.565 2076.000
-0.560 2069.500
-0.555 2062.500
-0.550 2056.000
-0.545 2049.500
-0.540 2042.500
-0.535 2035.500
-0.530 2029.000
-0.525 2022.000
-0.520 2015.000
-0.515 2008.500
-0.510 2001.500
-0.505 1994.500
-0.500 1987.500
-0.495 1980.000
-0.490 1973.000
-0.485 1966.000
-0.480 1958.500
-0.475 1951.500
-0.470 1944.000
-0.465 1937.000
-0.460 1929.500
-0.455 1922.000
-0.450 1914.500
-0.445 1907.000
-0.440 1899.500
-0.435 1891.500
-0.430 1884.000
-0.425 1876.500
-0.420 1868.500
-0.415 1860.500
-0.410 1852.500
-0.405 1845.000
-0.400 1836.500
-0.395 1828.500
-0.390 1820.500
-0.385 1812.000
-0.380 1804.000
-0.375 1795.500
-0.370 1787.000
-0.365 1778.500
-0.360 1770.000
-0.355 1761.500
-0.350 1752.500
-0.345 1744.000
-0.340 1735.000
-0.335 1726.000
-0.330 1717.000
-0.325 1708.000
-0.320 1698.500
-0.315 1689.000
-0.310 1679.500
-0.305 1670.000
-0.300 1660.500
-0.295 1650.500
-0.290 1641.000
-0.285 1631.000
-0.280 1620.500
-0.275 1610.500
-0.270 1600.000
-0.265 1589.667
-0.260 1579.000
-0.255 1568.000
-0.250 1557.500
-0.245 1546.000
-0.240 1535.000
-0.235 1523.500
-0.230 1512.000
-0.225 1500.000
-0.220 1488.000
-0.215 1476.000
-0.210 1463.667
-0.205 1451.000
-0.200 1438.000
-0.195 1425.000
-0.190 1412.000
-0.185 1398.333
-0.180 1384.333
-0.175 1370.333
-0.170 1356.000
-0.165 1341.000
-0.160 1326.000
-0.155 1310.667
-0.150 1294.667
-0.145 1278.333
-0.140 1261.667
-0.135 1244.667
-0.130 1227.000
-0.125 1209.000
-0.120 1190.333
-0.115 1171.000
-0.110 1151.000
-0.105 1130.333
-0.100 1109.000
-0.095 1086.750
-0.090 1063.750
-0.085 1039.750
-0.080 1014.500
-0.075 988.250
-0.070 960.750
-0.065 931.750
-0.060 901.200
-0.055 868.800
-0.050 834.400
-0.045 797.600
-0.040 758.000
-0.035 715.200
-0.030 668.667
-0.025 617.143
-0.020 559.750
-0.015 494.375
