-0.0570 2064.0000
-0.0560 2049.0000
-0.0550 2034.0000
-0.0540 2019.0000
-0.0530 2004.0000
-0.0520 1988.0000
-0.0510 1972.0000
-0.0490 1940.0000
-0.0470 1907.0000
-0.0460 1890.0000
-0.0450 1872.0000
-0.0430 1837.0000
-0.0420 1819.0000
-0.0410 1801.0000
-0.0400 1782.0000
-0.0390 1764.0000
-0.0380 1744.0000
-0.0370 1724.0000
-0.0360 1704.0000
-0.0350 1684.0000
-0.0340 1663.0000
-0.0330 1642.0000
-0.0310 1599.0000
-0.0300 1575.0000
-0.0290 1554.0000
-0.0270 1507.0000
-0.0260 1482.0000
-0.0250 1458.0000
-0.0240 1432.0000
-0.0230 1406.0000
-0.0220 1378.0000
-0.0210 1352.0000
-0.0190 1297.0000
-0.0180 1265.0000
-0.0170 1234.0000
-0.0150 1170.0000
-0.0140 1136.0000
-0.0130 1102.0000
-0.0120 1066.0000
-0.0110 1027.0000
-0.0100 989.0000
-0.0090 948.0000
-0.0080 905.0000
-0.0070 861.0000
-0.0060 814.0000
-0.0050 762.0000
-0.0040 710.0000
-0.0030 651.0000
-0.0020 588.0000
-0.0010 519.0000
