-3.500 7642.000
-3.495 7637.000
-3.490 7633.000
-3.485 7628.000
-3.480 7623.000
-3.475 7618.000
-3.470 7613.000
-3.465 7608.000
-3.460 7604.000
-3.455 7599.000
-3.450 7594.000
-3.445 7589.000
-3.440 7584.000
-3.435 7579.000
-3.430 7574.000
-3.425 7569.000
-3.420 7565.000
-3.415 7560.000
-3.410 7555.000
-3.405 7550.000
-3.400 7545.000
-3.395 7540.000
-3.390 7535.000
-3.385 7530.000
-3.380 7525.000
-3.375 7520.000
-3.370 7515.000
-3.365 7510.000
-3.360 7506.000
-3.355 7501.000
-3.350 7496.000
-3.345 7491.000
-3.340 7486.000
-3.335 7481.000
-3.330 7476.000
-3.325 7471.000
-3.320 7466.000
-3.315 7461.000
-3.310 7456.000
-3.305 7451.000
-3.300 7446.000
-3.295 7441.000
-3.290 7436.000
-3.285 7431.000
-3.280 7426.000
-3.275 7421.000
-3.270 7416.000
-3.265 7411.000
-3.260 7406.000
-3.255 7401.000
-3.250 7396.000
-3.245 7391.000
-3.240 7386.000
-3.235 7381.000
-3.230 7376.000
-3.225 7371.000
-3.220 7366.000
-3.215 7361.000
-3.210 7356.000
-3.205 7350.000
-3.200 7345.000
-3.195 7340.000
-3.190 7335.000
-3.185 7330.000
-3.180 7325.000
-3.175 7320.000
-3.170 7315.000
-3.165 7310.000
-3.160 7305.000
-3.155 7300.000
-3.150 7294.000
-3.145 7289.000
-3.140 7284.000
-3.135 7279.000
-3.130 7274.000
-3.125 7269.000
-3.120 7264.000
-3.115 7259.000
-3.110 7253.000
-3.105 7248.000
-3.100 7243.000
-3.095 7238.000
-3.090 7233.000
-3.085 7228.000
-3.080 7222.000
-3.075 7217.000
-3.070 7212.000
-3.065 7207.000
-3.060 7202.000
-3.055 7196.000
-3.050 7191.000
-3.045 7186.000
-3.040 7181.000
-3.035 7176.000
-3.030 7170.000
-3.025 7165.000
-3.020 7160.000
-3.015 7155.000
-3.010 7149.000
-3.005 7144.000
-3.000 7139.000
-2.995 7134.000
-2.990 7128.000
-2.985 7123.000
-2.980 7118.000
-2.975 7113.000
-2.970 7107.000
-2.965 7102.000
-2.960 7097.000
-2.955 7092.000
-2.950 7086.000
-2.945 7081.000
-2.940 7076.000
-2.935 7070.000
-2.930 7065.000
-2.925 7060.000
-2.920 7054.000
-2.915 7049.000
-2.910 7044.000
-2.905 7038.000
-2.900 7033.000
-2.895 7028.000
-2.890 7022.000
-2.885 7017.000
-2.880 7012.000
-2.875 7006.000
-2.870 7001.000
-2.865 6996.000
-2.860 6990.000
-2.855 6985.000
-2.850 6979.000
-2.845 6974.000
-2.840 6969.000
-2.835 6963.000
-2.830 6958.000
-2.825 6952.000
-2.820 6947.000
-2.815 6942.000
-2.810 6936.000
-2.805 6931.000
-2.800 6925.000
-2.795 6920.000
-2.790 6914.000
-2.785 6909.000
-2.780 6903.000
-2.775 6898.000
-2.770 6893.000
-2.765 6887.000
-2.760 6882.000
-2.755 6876.000
-2.750 6871.000
-2.745 6865.000
-2.740 6860.000
-2.735 6854.000
-2.730 6849.000
-2.725 6843.000
-2.720 6838.000
-2.715 6832.000
-2.710 6827.000
-2.705 6821.000
-2.700 6815.000
-2.695 6810.000
-2.690 6804.000
-2.685 6799.000
-2.680 6793.000
-2.675 6788.000
-2.670 6782.000
-2.665 6777.000
-2.660 6771.000
-2.655 6765.000
-2.650 6760.000
-2.645 6754.000
-2.640 6749.000
-2.635 6743.000
-2.630 6737.000
-2.625 6732.000
-2.620 6726.000
-2.615 6721.000
-2.610 6715.000
-2.605 6709.000
-2.600 6704.000
-2.595 6698.000
-2.590 6692.000
-2.585 6687.000
-2.580 6681.000
-2.575 6675.000
-2.570 6670.000
-2.565 6664.000
-2.560 6658.000
-2.555 6653.000
-2.550 6647.000
-2.545 6641.000
-2.540 6635.000
-2.535 6630.000
-2.530 6624.000
-2.525 6618.000
-2.520 6613.000
-2.515 6607.000
-2.510 6601.000
-2.505 6595.000
-2.500 6590.000
-2.495 6584.000
-2.490 6578.000
-2.485 6572.000
-2.480 6567.000
-2.475 6561.000
-2.470 6555.000
-2.465 6549.000
-2.460 6543.000
-2.455 6538.000
-2.450 6532.000
-2.445 6526.000
-2.440 6520.000
-2.435 6514.000
-2.430 6508.000
-2.425 6503.000
-2.420 6497.000
-2.415 6491.000
-2.410 6485.000
-2.405 6479.000
-2.400 6473.000
-2.395 6467.000
-2.390 6462.000
-2.385 6456.000
-2.380 6450.000
-2.375 6444.000
-2.370 6438.000
-2.365 6432.000
-2.360 6426.000
-2.355 6420.000
-2.350 6414.000
-2.345 6408.000
-2.340 6402.000
-2.335 6397.000
-2.330 6391.000
-2.325 6385.000
-2.320 6379.000
-2.315 6373.000
-2.310 6367.000
-2.305 6361.000
-2.300 6355.000
-2.295 6349.000
-2.290 6343.000
-2.285 6337.000
-2.280 6331.000
-2.275 6325.000
-2.270 6319.000
-2.265 6313.000
-2.260 6307.000
-2.255 6301.000
-2.250 6294.000
-2.245 6288.000
-2.240 6282.000
-2.235 6276.000
-2.230 6270.000
-2.225 6264.000
-2.220 6258.000
-2.215 6252.000
-2.210 6246.000
-2.205 6240.000
-2.200 6234.000
-2.195 6228.000
-2.190 6221.000
-2.185 6215.000
-2.180 6209.000
-2.175 6203.000
-2.170 6197.000
-2.165 6191.000
-2.160 6184.000
-2.155 6178.000
-2.150 6172.000
-2.145 6166.000
-2.140 6160.000
-2.135 6154.000
-2.130 6147.000
-2.125 6141.000
-2.120 6135.000
-2.115 6129.000
-2.110 6122.000
-2.105 6116.000
-2.100 6110.000
-2.095 6104.000
-2.090 6097.000
-2.085 6091.000
-2.080 6085.000
-2.075 6079.000
-2.070 6072.000
-2.065 6066.000
-2.060 6060.000
-2.055 6053.000
-2.050 6047.000
-2.045 6041.000
-2.040 6034.000
-2.035 6028.000
-2.030 6022.000
-2.025 6015.000
-2.020 6009.000
-2.015 6003.000
-2.010 5996.000
-2.005 5990.000
-2.000 5984.000
-1.995 5977.000
-1.990 5971.000
-1.985 5964.000
-1.980 5958.000
-1.975 5951.000
-1.970 5945.000
-1.965 5939.000
-1.960 5932.000
-1.955 5926.000
-1.950 5919.000
-1.945 5913.000
-1.940 5906.000
-1.935 5900.000
-1.930 5893.000
-1.925 5887.000
-1.920 5880.000
-1.915 5874.000
-1.910 5867.000
-1.905 5861.000
-1.900 5854.000
-1.895 5848.000
-1.890 5841.000
-1.885 5834.000
-1.880 5828.000
-1.875 5821.000
-1.870 5815.000
-1.865 5808.000
-1.860 5802.000
-1.855 5795.000
-1.850 5788.000
-1.845 5782.000
-1.840 5775.000
-1.835 5768.000
-1.830 5762.000
-1.825 5755.000
-1.820 5748.000
-1.815 5742.000
-1.810 5735.000
-1.805 5728.000
-1.800 5722.000
-1.795 5715.000
-1.790 5708.000
-1.785 5702.000
-1.780 5695.000
-1.775 5688.000
-1.770 5681.000
-1.765 5675.000
-1.760 5668.000
-1.755 5661.000
-1.750 5654.000
-1.745 5647.000
-1.740 5641.000
-1.735 5634.000
-1.730 5627.000
-1.725 5620.000
-1.720 5613.000
-1.715 5606.000
-1.710 5600.000
-1.705 5593.000
-1.700 5586.000
-1.695 5579.000
-1.690 5572.000
-1.685 5565.000
-1.680 5558.000
-1.675 5551.000
-1.670 5544.000
-1.665 5538.000
-1.660 5531.000
-1.655 5524.000
-1.650 5517.000
-1.645 5510.000
-1.640 5503.000
-1.635 5496.000
-1.630 5489.000
-1.625 5482.000
-1.620 5475.000
-1.615 5468.000
-1.610 5461.000
-1.605 5454.000
-1.600 5446.500
-1.595 5439.000
-1.590 5432.000
-1.585 5425.000
-1.580 5418.000
-1.575 5411.000
-1.570 5404.000
-1.565 5397.000
-1.560 5390.000
-1.555 5383.000
-1.550 5375.000
-1.545 5368.000
-1.540 5361.000
-1.535 5354.000
-1.530 5347.000
-1.525 5339.500
-1.520 5332.000
-1.515 5325.000
-1.510 5318.000
-1.505 5310.500
-1.500 5303.000
-1.495 5296.000
-1.490 5289.000
-1.485 5281.000
-1.480 5274.000
-1.475 5267.000
-1.470 5259.500
-1.465 5252.000
-1.460 5245.000
-1.455 5237.500
-1.450 5230.000
-1.445 5223.000
-1.440 5215.000
-1.435 5208.000
-1.430 5200.500
-1.425 5193.000
-1.420 5186.000
-1.415 5178.000
-1.410 5171.000
-1.405 5163.000
-1.400 5156.000
-1.395 5148.000
-1.390 5141.000
-1.385 5133.000
-1.380 5126.000
-1.375 5118.000
-1.370 5111.000
-1.365 5103.000
-1.360 5095.500
-1.355 5088.000
-1.350 5080.000
-1.345 5073.000
-1.340 5065.000
-1.335 5057.500
-1.330 5050.000
-1.325 5042.000
-1.320 5034.500
-1.315 5027.000
-1.310 5019.000
-1.305 5011.000
-1.300 5003.500
-1.295 4996.000
-1.290 4988.000
-1.285 4980.000
-1.280 4972.500
-1.275 4965.000
-1.270 4957.000
-1.265 4949.000
-1.260 4941.000
-1.255 4933.500
-1.250 4925.500
-1.245 4918.000
-1.240 4910.000
-1.235 4902.000
-1.230 4894.000
-1.225 4886.000
-1.220 4878.000
-1.215 4870.000
-1.210 4862.000
-1.205 4854.000
-1.200 4846.000
-1.195 4838.000
-1.190 4830.000
-1.185 4822.000
-1.180 4814.000
-1.175 4806.000
-1.170 4798.000
-1.165 4790.000
-1.160 4781.500
-1.155 4773.500
-1.150 4765.000
-1.145 4757.000
-1.140 4749.000
-1.135 4741.000
-1.130 4732.500
-1.125 4724.000
-1.120 4716.000
-1.115 4708.000
-1.110 4699.500
-1.105 4691.000
-1.100 4683.000
-1.095 4674.500
-1.090 4666.000
-1.085 4658.000
-1.080 4649.500
-1.075 4641.000
-1.070 4632.500
-1.065 4624.000
-1.060 4616.000
-1.055 4607.000
-1.050 4599.000
-1.045 4590.000
-1.040 4582.000
-1.035 4573.000
-1.030 4564.500
-1.025 4556.000
-1.020 4547.500
-1.015 4539.000
-1.010 4530.000
-1.005 4521.500
-1.000 4513.000
-0.995 4504.000
-0.990 4495.500
-0.985 4486.500
-0.980 4478.000
-0.975 4469.000
-0.970 4460.000
-0.965 4451.500
-0.960 4442.500
-0.955 4434.000
-0.950 4425.000
-0.945 4416.000
-0.940 4407.000
-0.935 4398.000
-0.930 4389.000
-0.925 4380.000
-0.920 4371.000
-0.915 4362.000
-0.910 4353.000
-0.905 4344.000
-0.900 4335.000
-0.895 4325.500
-0.890 4316.500
-0.885 4307.000
-0.880 4298.000
-0.875 4289.000
-0.870 4279.500
-0.865 4270.500
-0.860 4261.000
-0.855 4251.500
-0.850 4242.500
-0.845 4233.000
-0.840 4223.500
-0.835 4214.000
-0.830 4204.500
-0.825 4195.000
-0.820 4185.500
-0.815 4176.000
-0.810 4166.500
-0.805 4157.000
-0.800 4147.000
-0.795 4137.500
-0.790 4128.000
-0.785 4118.000
-0.780 4108.500
-0.775 4098.500
-0.770 4089.000
-0.765 4079.000
-0.760 4069.000
-0.755 4059.000
-0.750 4049.000
-0.745 4039.000
-0.740 4029.000
-0.735 4019.000
-0.730 4009.000
-0.725 3999.000
-0.720 3989.000
-0.715 3978.500
-0.710 3968.500
-0.705 3958.000
-0.700 3948.000
-0.695 3937.500
-0.690 3927.000
-0.685 3916.500
-0.680 3906.500
-0.675 3896.000
-0.670 3885.500
-0.665 3874.500
-0.660 3864.000
-0.655 3853.500
-0.650 3843.000
-0.645 3832.000
-0.640 3821.500
-0.635 3810.500
-0.630 3799.500
-0.625 3788.500
-0.620 3777.500
-0.615 3766.500
-0.610 3755.500
-0.605 3744.500
-0.600 3733.500
-0.595 3722.000
-0.590 3711.000
-0.585 3699.500
-0.580 3688.500
-0.575 3677.000
-0.570 3665.500
-0.565 3654.000
-0.560 3642.500
-0.555 3631.000
-0.550 3619.000
-0.545 3607.500
-0.540 3595.500
-0.535 3583.500
-0.530 3572.000
-0.525 3560.000
-0.520 3547.500
-0.515 3535.500
-0.510 3523.500
-0.505 3511.000
-0.500 3499.000
-0.495 3486.500
-0.490 3474.000
-0.485 3461.500
-0.480 3449.000
-0.475 3436.000
-0.470 3423.500
-0.465 3410.500
-0.460 3397.500
-0.455 3384.500
-0.450 3371.500
-0.445 3358.500
-0.440 3345.000
-0.435 3331.500
-0.430 3318.500
-0.425 3304.500
-0.420 3291.000
-0.415 3277.500
-0.410 3263.500
-0.405 3249.500
-0.400 3235.500
-0.395 3221.500
-0.390 3207.000
-0.385 3192.500
-0.380 3178.000
-0.375 3163.500
-0.370 3149.000
-0.365 3134.000
-0.360 3119.000
-0.355 3104.000
-0.350 3088.500
-0.345 3073.000
-0.340 3057.500
-0.335 3042.000
-0.330 3026.000
-0.325 3010.000
-0.320 2993.500
-0.315 2977.500
-0.310 2961.000
-0.305 2944.000
-0.300 2927.000
-0.295 2910.000
-0.290 2893.000
-0.285 2875.500
-0.280 2857.500
-0.275 2840.000
-0.270 2821.500
-0.265 2803.500
-0.260 2784.667
-0.255 2766.000
-0.250 2746.667
-0.245 2727.500
-0.240 2707.667
-0.235 2687.667
-0.230 2667.333
-0.225 2646.667
-0.220 2626.000
-0.215 2604.667
-0.210 2583.000
-0.205 2561.000
-0.200 2538.333
-0.195 2515.667
-0.190 2492.333
-0.185 2468.667
-0.180 2444.333
-0.175 2419.667
-0.170 2394.333
-0.165 2368.667
-0.160 2342.333
-0.155 2315.333
-0.150 2287.667
-0.145 2259.000
-0.140 2230.000
-0.135 2200.000
-0.130 2169.333
-0.125 2137.667
-0.120 2105.000
-0.115 2071.000
-0.110 2036.333
-0.105 2000.000
-0.100 1962.750
-0.095 1924.000
-0.090 1883.500
-0.085 1841.250
-0.080 1797.500
-0.075 1751.250
-0.070 1703.000
-0.065 1652.250
-0.060 1598.500
-0.055 1541.600
-0.050 1481.000
-0.045 1416.200
-0.040 1346.600
-0.035 1271.167
-0.030 1188.833
-0.025 1097.857
-0.020 996.000
-0.015 879.875
