-3.500 8664.000
-3.495 8658.000
-3.490 8653.000
-3.485 8647.000
-3.480 8641.000
-3.475 8635.000
-3.470 8630.000
-3.465 8624.000
-3.460 8618.000
-3.455 8612.000
-3.450 8607.000
-3.445 8601.000
-3.440 8595.000
-3.435 8589.000
-3.430 8583.000
-3.425 8578.000
-3.420 8572.000
-3.415 8566.000
-3.410 8560.000
-3.405 8554.000
-3.400 8549.000
-3.395 8543.000
-3.390 8537.000
-3.385 8531.000
-3.380 8525.000
-3.375 8520.000
-3.370 8514.000
-3.365 8508.000
-3.360 8502.000
-3.355 8496.000
-3.350 8490.000
-3.345 8484.000
-3.340 8479.000
-3.335 8473.000
-3.330 8467.000
-3.325 8461.000
-3.320 8455.000
-3.315 8449.000
-3.310 8443.000
-3.305 8438.000
-3.300 8432.000
-3.295 8426.000
-3.290 8420.000
-3.285 8414.000
-3.280 8408.000
-3.275 8402.000
-3.270 8396.000
-3.265 8390.000
-3.260 8384.000
-3.255 8378.000
-3.250 8373.000
-3.245 8367.000
-3.240 8361.000
-3.235 8355.000
-3.230 8349.000
-3.225 8343.000
-3.220 8337.000
-3.215 8331.000
-3.210 8325.000
-3.205 8319.000
-3.200 8313.000
-3.195 8307.000
-3.190 8301.000
-3.185 8295.000
-3.180 8289.000
-3.175 8283.000
-3.170 8277.000
-3.165 8271.000
-3.160 8265.000
-3.155 8259.000
-3.150 8253.000
-3.145 8247.000
-3.140 8241.000
-3.135 8235.000
-3.130 8229.000
-3.125 8223.000
-3.120 8217.000
-3.115 8211.000
-3.110 8205.000
-3.105 8199.000
-3.100 8193.000
-3.095 8187.000
-3.090 8181.000
-3.085 8175.000
-3.080 8169.000
-3.075 8163.000
-3.070 8157.000
-3.065 8150.000
-3.060 8144.000
-3.055 8138.000
-3.050 8132.000
-3.045 8126.000
-3.040 8120.000
-3.035 8114.000
-3.030 8109.000
-3.025 8103.000
-3.020 8097.000
-3.015 8091.000
-3.010 8086.000
-3.005 8080.000
-3.000 8074.000
-2.995 8068.000
-2.990 8062.000
-2.985 8057.000
-2.980 8051.000
-2.975 8045.000
-2.970 8039.000
-2.965 8033.000
-2.960 8028.000
-2.955 8022.000
-2.950 8016.000
-2.945 8010.000
-2.940 8004.000
-2.935 7998.000
-2.930 7993.000
-2.925 7987.000
-2.920 7981.000
-2.915 7975.000
-2.910 7969.000
-2.905 7963.000
-2.900 7957.000
-2.895 7951.000
-2.890 7946.000
-2.885 7940.000
-2.880 7934.000
-2.875 7928.000
-2.870 7922.000
-2.865 7916.000
-2.860 7910.000
-2.855 7904.000
-2.850 7898.000
-2.845 7892.000
-2.840 7886.000
-2.835 7880.000
-2.830 7874.000
-2.825 7868.000
-2.820 7862.000
-2.815 7856.000
-2.810 7850.000
-2.805 7844.000
-2.800 7838.000
-2.795 7832.000
-2.790 7826.000
-2.785 7820.000
-2.780 7814.000
-2.775 7808.000
-2.770 7802.000
-2.765 7796.000
-2.760 7790.000
-2.755 7784.000
-2.750 7778.000
-2.745 7772.000
-2.740 7766.000
-2.735 7760.000
-2.730 7754.000
-2.725 7748.000
-2.720 7741.000
-2.715 7735.000
-2.710 7729.000
-2.705 7723.000
-2.700 7717.000
-2.695 7711.000
-2.690 7705.000
-2.685 7699.000
-2.680 7692.000
-2.675 7686.000
-2.670 7680.000
-2.665 7674.000
-2.660 7668.000
-2.655 7661.000
-2.650 7655.000
-2.645 7649.000
-2.640 7643.000
-2.635 7637.000
-2.630 7630.000
-2.625 7624.000
-2.620 7618.000
-2.615 7612.000
-2.610 7606.000
-2.605 7599.000
-2.600 7593.000
-2.595 7587.000
-2.590 7580.000
-2.585 7574.000
-2.580 7568.000
-2.575 7562.000
-2.570 7555.000
-2.565 7549.000
-2.560 7543.000
-2.555 7536.000
-2.550 7530.000
-2.545 7524.000
-2.540 7517.000
-2.535 7511.000
-2.530 7505.000
-2.525 7498.000
-2.520 7492.000
-2.515 7486.000
-2.510 7479.000
-2.505 7473.000
-2.500 7466.000
-2.495 7460.000
-2.490 7454.000
-2.485 7447.000
-2.480 7441.000
-2.475 7434.000
-2.470 7428.000
-2.465 7422.000
-2.460 7415.000
-2.455 7409.000
-2.450 7402.000
-2.445 7396.000
-2.440 7389.000
-2.435 7383.000
-2.430 7376.000
-2.425 7370.000
-2.420 7363.000
-2.415 7357.000
-2.410 7350.000
-2.405 7344.000
-2.400 7337.000
-2.395 7331.000
-2.390 7324.000
-2.385 7318.000
-2.380 7311.000
-2.375 7304.000
-2.370 7298.000
-2.365 7291.000
-2.360 7285.000
-2.355 7278.000
-2.350 7271.000
-2.345 7265.000
-2.340 7258.000
-2.335 7252.000
-2.330 7245.000
-2.325 7238.000
-2.320 7232.000
-2.315 7225.000
-2.310 7218.000
-2.305 7212.000
-2.300 7205.000
-2.295 7198.000
-2.290 7192.000
-2.285 7185.000
-2.280 7178.000
-2.275 7172.000
-2.270 7165.000
-2.265 7158.000
-2.260 7151.000
-2.255 7145.000
-2.250 7138.000
-2.245 7131.000
-2.240 7124.000
-2.235 7118.000
-2.230 7111.000
-2.225 7104.000
-2.220 7097.000
-2.215 7090.000
-2.210 7084.000
-2.205 7077.000
-2.200 7070.000
-2.195 7063.000
-2.190 7056.000
-2.185 7049.000
-2.180 7043.000
-2.175 7036.000
-2.170 7029.000
-2.165 7022.000
-2.160 7015.000
-2.155 7008.000
-2.150 7001.000
-2.145 6994.000
-2.140 6987.000
-2.135 6980.000
-2.130 6974.000
-2.125 6967.000
-2.120 6960.000
-2.115 6953.000
-2.110 6946.000
-2.105 6939.000
-2.100 6932.000
-2.095 6925.000
-2.090 6918.000
-2.085 6911.000
-2.080 6904.000
-2.075 6897.000
-2.070 6890.000
-2.065 6883.000
-2.060 6875.000
-2.055 6868.000
-2.050 6861.000
-2.045 6854.000
-2.040 6847.000
-2.035 6840.000
-2.030 6833.000
-2.025 6826.000
-2.020 6819.000
-2.015 6812.000
-2.010 6804.000
-2.005 6797.000
-2.000 6790.000
-1.995 6783.000
-1.990 6776.000
-1.985 6769.000
-1.980 6761.000
-1.975 6754.000
-1.970 6747.000
-1.965 6740.000
-1.960 6733.000
-1.955 6725.000
-1.950 6718.000
-1.945 6711.000
-1.940 6704.000
-1.935 6696.000
-1.930 6689.000
-1.925 6682.000
-1.920 6674.000
-1.915 6667.000
-1.910 6660.000
-1.905 6652.000
-1.900 6645.000
-1.895 6638.000
-1.890 6630.000
-1.885 6623.000
-1.880 6616.000
-1.875 6608.000
-1.870 6601.000
-1.865 6594.000
-1.860 6586.000
-1.855 6579.000
-1.850 6571.000
-1.845 6564.000
-1.840 6556.000
-1.835 6549.000
-1.830 6541.000
-1.825 6534.000
-1.820 6526.000
-1.815 6519.000
-1.810 6511.000
-1.805 6504.000
-1.800 6496.000
-1.795 6489.000
-1.790 6481.000
-1.785 6474.000
-1.780 6466.000
-1.775 6459.000
-1.770 6451.000
-1.765 6443.000
-1.760 6436.000
-1.755 6428.000
-1.750 6421.000
-1.745 6413.000
-1.740 6405.000
-1.735 6398.000
-1.730 6390.000
-1.725 6382.000
-1.720 6375.000
-1.715 6367.000
-1.710 6359.000
-1.705 6352.000
-1.700 6344.000
-1.695 6336.000
-1.690 6328.000
-1.685 6321.000
-1.680 6313.000
-1.675 6305.000
-1.670 6297.000
-1.665 6289.000
-1.660 6282.000
-1.655 6274.000
-1.650 6266.000
-1.645 6258.000
-1.640 6250.000
-1.635 6242.000
-1.630 6234.000
-1.625 6227.000
-1.620 6219.000
-1.615 6211.000
-1.610 6203.000
-1.605 6195.000
-1.600 6187.000
-1.595 6179.000
-1.590 6171.000
-1.585 6163.000
-1.580 6155.000
-1.575 6147.000
-1.570 6139.000
-1.565 6131.000
-1.560 6123.000
-1.555 6115.000
-1.550 6107.000
-1.545 6099.000
-1.540 6091.000
-1.535 6083.000
-1.530 6074.500
-1.525 6066.000
-1.520 6058.000
-1.515 6050.000
-1.510 6042.000
-1.505 6034.000
-1.500 6026.000
-1.495 6017.000
-1.490 6009.000
-1.485 6001.000
-1.480 5993.000
-1.475 5984.000
-1.470 5976.000
-1.465 5968.000
-1.460 5960.000
-1.455 5951.000
-1.450 5943.000
-1.445 5935.000
-1.440 5926.000
-1.435 5918.000
-1.430 5910.000
-1.425 5901.000
-1.420 5893.000
-1.415 5884.500
-1.410 5876.000
-1.405 5868.000
-1.400 5859.000
-1.395 5851.000
-1.390 5842.000
-1.385 5834.000
-1.380 5825.000
-1.375 5817.000
-1.370 5808.000
-1.365 5800.000
-1.360 5791.000
-1.355 5782.500
-1.350 5774.000
-1.345 5765.000
-1.340 5757.000
-1.335 5748.000
-1.330 5739.500
-1.325 5731.000
-1.320 5722.000
-1.315 5713.500
-1.310 5705.000
-1.305 5696.000
-1.300 5687.000
-1.295 5679.000
-1.290 5670.000
-1.285 5661.000
-1.280 5652.000
-1.275 5643.500
-1.270 5635.000
-1.265 5626.000
-1.260 5617.000
-1.255 5608.000
-1.250 5599.000
-1.245 5590.000
-1.240 5581.500
-1.235 5572.500
-1.230 5563.500
-1.225 5554.500
-1.220 5545.500
-1.215 5536.500
-1.210 5527.500
-1.205 5518.500
-1.200 5509.500
-1.195 5500.500
-1.190 5491.500
-1.185 5482.000
-1.180 5473.000
-1.175 5464.000
-1.170 5455.000
-1.165 5446.000
-1.160 5436.500
-1.155 5427.000
-1.150 5418.000
-1.145 5409.000
-1.140 5399.500
-1.135 5390.000
-1.130 5381.000
-1.125 5372.000
-1.120 5362.500
-1.115 5353.000
-1.110 5344.000
-1.105 5334.000
-1.100 5325.000
-1.095 5315.500
-1.090 5306.000
-1.085 5296.500
-1.080 5287.000
-1.075 5277.500
-1.070 5268.000
-1.065 5258.500
-1.060 5249.000
-1.055 5239.000
-1.050 5230.000
-1.045 5220.000
-1.040 5210.500
-1.035 5201.000
-1.030 5191.000
-1.025 5181.000
-1.020 5171.500
-1.015 5162.000
-1.010 5152.000
-1.005 5142.000
-1.000 5132.500
-0.995 5122.500
-0.990 5112.500
-0.985 5103.000
-0.980 5093.000
-0.975 5083.000
-0.970 5073.000
-0.965 5063.000
-0.960 5053.000
-0.955 5043.000
-0.950 5033.000
-0.945 5023.000
-0.940 5012.500
-0.935 5002.500
-0.930 4992.500
-0.925 4982.000
-0.920 4972.000
-0.915 4961.500
-0.910 4951.500
-0.905 4941.000
-0.900 4931.000
-0.895 4920.500
-0.890 4910.000
-0.885 4900.000
-0.880 4889.000
-0.875 4879.000
-0.870 4868.500
-0.865 4858.000
-0.860 4847.000
-0.855 4836.500
-0.850 4826.000
-0.845 4815.500
-0.840 4805.000
-0.835 4794.000
-0.830 4783.500
-0.825 4772.500
-0.820 4762.000
-0.815 4751.000
-0.810 4740.000
-0.805 4729.000
-0.800 4718.500
-0.795 4707.500
-0.790 4696.500
-0.785 4685.500
-0.780 4674.500
-0.775 4663.000
-0.770 4652.000
-0.765 4641.000
-0.760 4630.000
-0.755 4618.500
-0.750 4607.500
-0.745 4596.000
-0.740 4584.500
-0.735 4573.000
-0.730 4562.000
-0.725 4550.500
-0.720 4539.000
-0.715 4527.500
-0.710 4516.000
-0.705 4504.000
-0.700 4492.500
-0.695 4481.000
-0.690 4469.000
-0.685 4457.000
-0.680 4445.500
-0.675 4433.500
-0.670 4421.500
-0.665 4409.500
-0.660 4397.500
-0.655 4385.500
-0.650 4373.500
-0.645 4361.500
-0.640 4349.000
-0.635 4337.000
-0.630 4324.500
-0.625 4312.000
-0.620 4299.500
-0.615 4287.000
-0.610 4274.500
-0.605 4262.000
-0.600 4249.500
-0.595 4237.000
-0.590 4224.000
-0.585 4211.500
-0.580 4198.500
-0.575 4185.500
-0.570 4172.500
-0.565 4159.500
-0.560 4146.500
-0.555 4133.000
-0.550 4120.000
-0.545 4106.500
-0.540 4093.000
-0.535 4080.000
-0.530 4066.500
-0.525 4052.500
-0.520 4039.000
-0.515 4025.500
-0.510 4011.500
-0.505 3997.500
-0.500 3983.500
-0.495 3969.500
-0.490 3955.500
-0.485 3941.500
-0.480 3927.000
-0.475 3912.500
-0.470 3898.000
-0.465 3883.500
-0.460 3869.000
-0.455 3854.000
-0.450 3839.500
-0.445 3824.500
-0.440 3809.500
-0.435 3794.000
-0.430 3779.000
-0.425 3763.500
-0.420 3748.000
-0.415 3732.500
-0.410 3717.000
-0.405 3701.000
-0.400 3685.000
-0.395 3669.000
-0.390 3653.000
-0.385 3636.500
-0.380 3620.000
-0.375 3603.500
-0.370 3587.000
-0.365 3570.000
-0.360 3553.000
-0.355 3536.000
-0.350 3518.500
-0.345 3501.000
-0.340 3483.500
-0.335 3465.500
-0.330 3447.500
-0.325 3429.500
-0.320 3411.000
-0.315 3392.500
-0.310 3374.000
-0.305 3355.000
-0.300 3336.000
-0.295 3316.500
-0.290 3297.000
-0.285 3277.000
-0.280 3257.000
-0.275 3237.000
-0.270 3216.500
-0.265 3195.500
-0.260 3174.500
-0.255 3153.000
-0.250 3131.333
-0.245 3109.333
-0.240 3087.000
-0.235 3064.500
-0.230 3041.500
-0.225 3018.000
-0.220 2994.333
-0.215 2970.333
-0.210 2946.000
-0.205 2921.000
-0.200 2895.667
-0.195 2869.667
-0.190 2843.333
-0.185 2816.667
-0.180 2789.000
-0.175 2761.000
-0.170 2732.667
-0.165 2703.333
-0.160 2673.333
-0.155 2643.000
-0.150 2611.667
-0.145 2579.333
-0.140 2546.333
-0.135 2512.333
-0.130 2477.667
-0.125 2441.667
-0.120 2404.667
-0.115 2366.333
-0.110 2327.000
-0.105 2286.000
-0.100 2243.667
-0.095 2199.667
-0.090 2153.667
-0.085 2106.000
-0.080 2056.250
-0.075 2004.250
-0.070 1949.250
-0.065 1891.500
-0.060 1830.500
-0.055 1765.800
-0.050 1697.000
-0.045 1623.400
-0.040 1544.000
-0.035 1458.000
-0.030 1364.167
-0.025 1260.000
-0.020 1143.750
-0.015 1010.625
