-0.1020 2098.0000
-0.1010 2090.0000
-0.1000 2082.0000
-0.0990 2074.0000
-0.0980 2066.0000
-0.0960 2049.0000
-0.0950 2041.0000
-0.0930 2024.0000
-0.0910 2007.0000
-0.0900 1998.0000
-0.0870 1972.0000
-0.0860 1963.0000
-0.0850 1954.0000
-0.0830 1935.0000
-0.0820 1926.0000
-0.0810 1917.0000
-0.0800 1907.0000
-0.0780 1888.0000
-0.0770 1878.0000
-0.0760 1868.0000
-0.0730 1838.0000
-0.0720 1828.0000
-0.0710 1818.0000
-0.0700 1807.0000
-0.0690 1797.0000
-0.0680 1786.0000
-0.0670 1775.0000
-0.0640 1742.0000
-0.0630 1731.0000
-0.0620 1720.0000
-0.0610 1708.0000
-0.0600 1697.0000
-0.0590 1685.0000
-0.0580 1673.0000
-0.0560 1649.0000
-0.0530 1611.0000
-0.0500 1572.0000
-0.0470 1532.0000
-0.0460 1518.0000
-0.0450 1504.0000
-0.0430 1475.0000
-0.0420 1460.0000
-0.0410 1445.0000
-0.0380 1399.0000
-0.0370 1383.0000
-0.0360 1367.0000
-0.0340 1333.0000
-0.0330 1316.0000
-0.0320 1299.0000
-0.0310 1281.0000
-0.0300 1263.0000
-0.0290 1244.0000
-0.0280 1225.0000
-0.0260 1186.0000
-0.0250 1166.0000
-0.0240 1146.0000
-0.0210 1081.0000
-0.0200 1058.0000
-0.0180 1011.0000
-0.0170 986.0000
-0.0160 961.0000
-0.0150 935.0000
-0.0140 908.0000
-0.0100 790.0000
-0.0090 757.0000
-0.0070 687.0000
-0.0060 649.0000
-0.0050 610.0000
-0.0040 567.0000
-0.0030 521.0000
-0.0020 471.0000
-0.0010 416.0000
