-0.140 2096.333
-0.139 2090.667
-0.138 2085.000
-0.137 2079.333
-0.136 2073.667
-0.135 2068.000
-0.134 2062.333
-0.133 2056.333
-0.132 2050.667
-0.131 2044.667
-0.130 2039.000
-0.129 2033.000
-0.128 2027.000
-0.127 2021.000
-0.126 2015.000
-0.125 2009.000
-0.124 2003.000
-0.123 1996.667
-0.122 1990.667
-0.121 1984.333
-0.120 1978.333
-0.119 1972.000
-0.118 1965.667
-0.117 1959.333
-0.116 1953.000
-0.115 1946.333
-0.114 1940.000
-0.113 1933.333
-0.112 1926.667
-0.111 1920.333
-0.110 1913.500
-0.109 1907.000
-0.108 1900.000
-0.107 1893.250
-0.106 1886.500
-0.105 1879.500
-0.104 1872.500
-0.103 1865.500
-0.102 1858.500
-0.101 1851.500
-0.100 1844.250
-0.099 1837.000
-0.098 1829.750
-0.097 1822.500
-0.096 1815.000
-0.095 1807.750
-0.094 1800.250
-0.093 1792.667
-0.092 1785.000
-0.091 1777.250
-0.090 1769.500
-0.089 1761.750
-0.088 1754.000
-0.087 1746.000
-0.086 1738.000
-0.085 1730.000
-0.084 1721.750
-0.083 1713.500
-0.082 1705.250
-0.081 1697.000
-0.080 1688.500
-0.079 1680.000
-0.078 1671.500
-0.077 1662.750
-0.076 1654.000
-0.075 1645.250
-0.074 1636.250
-0.073 1627.250
-0.072 1618.000
-0.071 1609.000
-0.070 1599.750
-0.069 1590.250
-0.068 1580.750
-0.067 1571.250
-0.066 1561.500
-0.065 1551.750
-0.064 1542.000
-0.063 1532.000
-0.062 1521.800
-0.061 1511.500
-0.060 1501.200
-0.059 1490.800
-0.058 1480.200
-0.057 1469.500
-0.056 1458.600
-0.055 1447.600
-0.054 1436.500
-0.053 1425.200
-0.052 1413.800
-0.051 1402.400
-0.050 1390.600
-0.049 1378.800
-0.048 1366.800
-0.047 1354.600
-0.046 1342.200
-0.045 1329.600
-0.044 1317.000
-0.043 1304.000
-0.042 1291.000
-0.041 1277.600
-0.040 1264.200
-0.039 1250.400
-0.038 1236.400
-0.037 1222.333
-0.036 1207.833
-0.035 1193.167
-0.034 1178.200
-0.033 1163.000
-0.032 1147.600
-0.031 1131.833
-0.030 1115.667
-0.029 1099.333
-0.028 1082.667
-0.027 1065.500
-0.026 1048.000
-0.025 1030.286
-0.024 1012.000
-0.023 993.333
-0.022 974.286
-0.021 954.714
-0.020 934.625
-0.019 914.000
-0.018 892.875
-0.017 871.143
-0.016 848.625
-0.015 825.500
-0.014 801.667
-0.013 777.000
-0.012 751.444
-0.011 724.900
-0.010 697.333
-0.009 668.600
-0.008 638.545
-0.007 607.000
-0.006 573.750
-0.005 538.538
-0.004 501.000
-0.003 460.688
-0.002 416.824
-0.001 388.833
0.000 327.636
