-3.500 6483.000
-3.495 6479.000
-3.490 6474.000
-3.485 6470.000
-3.480 6466.000
-3.475 6462.000
-3.470 6458.000
-3.465 6453.000
-3.460 6449.000
-3.455 6445.000
-3.450 6441.000
-3.445 6436.000
-3.440 6432.000
-3.435 6428.000
-3.430 6424.000
-3.425 6419.000
-3.420 6415.000
-3.415 6411.000
-3.410 6407.000
-3.405 6402.000
-3.400 6398.000
-3.395 6394.000
-3.390 6390.000
-3.385 6385.000
-3.380 6381.000
-3.375 6377.000
-3.370 6372.000
-3.365 6368.000
-3.360 6364.000
-3.355 6360.000
-3.350 6355.000
-3.345 6351.000
-3.340 6347.000
-3.335 6342.000
-3.330 6338.000
-3.325 6334.000
-3.320 6329.000
-3.315 6325.000
-3.310 6321.000
-3.305 6316.000
-3.300 6312.000
-3.295 6308.000
-3.290 6303.000
-3.285 6299.000
-3.280 6295.000
-3.275 6290.000
-3.270 6286.000
-3.265 6282.000
-3.260 6277.000
-3.255 6273.000
-3.250 6269.000
-3.245 6264.000
-3.240 6260.000
-3.235 6255.000
-3.230 6251.000
-3.225 6247.000
-3.220 6242.000
-3.215 6238.000
-3.210 6234.000
-3.205 6229.000
-3.200 6225.000
-3.195 6220.000
-3.190 6216.000
-3.185 6212.000
-3.180 6207.000
-3.175 6203.000
-3.170 6198.000
-3.165 6194.000
-3.160 6189.000
-3.155 6185.000
-3.150 6181.000
-3.145 6176.000
-3.140 6172.000
-3.135 6167.000
-3.130 6163.000
-3.125 6158.000
-3.120 6154.000
-3.115 6149.000
-3.110 6145.000
-3.105 6141.000
-3.100 6136.000
-3.095 6132.000
-3.090 6127.000
-3.085 6123.000
-3.080 6118.000
-3.075 6114.000
-3.070 6109.000
-3.065 6105.000
-3.060 6100.000
-3.055 6096.000
-3.050 6091.000
-3.045 6087.000
-3.040 6082.000
-3.035 6078.000
-3.030 6073.000
-3.025 6069.000
-3.020 6064.000
-3.015 6060.000
-3.010 6055.000
-3.005 6051.000
-3.000 6046.000
-2.995 6041.000
-2.990 6037.000
-2.985 6032.000
-2.980 6028.000
-2.975 6023.000
-2.970 6019.000
-2.965 6014.000
-2.960 6010.000
-2.955 6005.000
-2.950 6000.000
-2.945 5996.000
-2.940 5991.000
-2.935 5987.000
-2.930 5982.000
-2.925 5978.000
-2.920 5973.000
-2.915 5968.000
-2.910 5964.000
-2.905 5959.000
-2.900 5955.000
-2.895 5950.000
-2.890 5945.000
-2.885 5941.000
-2.880 5936.000
-2.875 5931.000
-2.870 5927.000
-2.865 5922.000
-2.860 5918.000
-2.855 5913.000
-2.850 5908.000
-2.845 5904.000
-2.840 5899.000
-2.835 5894.000
-2.830 5890.000
-2.825 5885.000
-2.820 5880.000
-2.815 5876.000
-2.810 5871.000
-2.805 5866.000
-2.800 5862.000
-2.795 5857.000
-2.790 5852.000
-2.785 5847.000
-2.780 5843.000
-2.775 5838.000
-2.770 5833.000
-2.765 5829.000
-2.760 5824.000
-2.755 5819.000
-2.750 5814.000
-2.745 5810.000
-2.740 5805.000
-2.735 5800.000
-2.730 5795.000
-2.725 5791.000
-2.720 5786.000
-2.715 5781.000
-2.710 5776.000
-2.705 5772.000
-2.700 5767.000
-2.695 5762.000
-2.690 5757.000
-2.685 5753.000
-2.680 5748.000
-2.675 5743.000
-2.670 5738.000
-2.665 5733.000
-2.660 5729.000
-2.655 5724.000
-2.650 5719.000
-2.645 5714.000
-2.640 5709.000
-2.635 5705.000
-2.630 5700.000
-2.625 5695.000
-2.620 5690.000
-2.615 5685.000
-2.610 5680.000
-2.605 5676.000
-2.600 5671.000
-2.595 5666.000
-2.590 5661.000
-2.585 5656.000
-2.580 5651.000
-2.575 5646.000
-2.570 5642.000
-2.565 5637.000
-2.560 5632.000
-2.555 5627.000
-2.550 5622.000
-2.545 5617.000
-2.540 5612.000
-2.535 5607.000
-2.530 5602.000
-2.525 5597.000
-2.520 5593.000
-2.515 5588.000
-2.510 5583.000
-2.505 5578.000
-2.500 5573.000
-2.495 5568.000
-2.490 5563.000
-2.485 5558.000
-2.480 5553.000
-2.475 5548.000
-2.470 5543.000
-2.465 5538.000
-2.460 5533.000
-2.455 5528.000
-2.450 5523.000
-2.445 5518.000
-2.440 5513.000
-2.435 5508.000
-2.430 5503.000
-2.425 5498.000
-2.420 5493.000
-2.415 5488.000
-2.410 5483.000
-2.405 5478.000
-2.400 5473.000
-2.395 5468.000
-2.390 5463.000
-2.385 5458.000
-2.380 5453.000
-2.375 5448.000
-2.370 5443.000
-2.365 5438.000
-2.360 5433.000
-2.355 5428.000
-2.350 5422.000
-2.345 5417.000
-2.340 5412.000
-2.335 5407.000
-2.330 5402.000
-2.325 5397.000
-2.320 5392.000
-2.315 5387.000
-2.310 5382.000
-2.305 5377.000
-2.300 5371.000
-2.295 5366.000
-2.290 5361.000
-2.285 5356.000
-2.280 5351.000
-2.275 5346.000
-2.270 5341.000
-2.265 5335.000
-2.260 5330.000
-2.255 5325.000
-2.250 5320.000
-2.245 5315.000
-2.240 5310.000
-2.235 5304.000
-2.230 5299.000
-2.225 5294.000
-2.220 5289.000
-2.215 5284.000
-2.210 5278.000
-2.205 5273.000
-2.200 5268.000
-2.195 5263.000
-2.190 5257.000
-2.185 5252.000
-2.180 5247.000
-2.175 5242.000
-2.170 5236.000
-2.165 5231.000
-2.160 5226.000
-2.155 5221.000
-2.150 5215.000
-2.145 5210.000
-2.140 5205.000
-2.135 5199.000
-2.130 5194.000
-2.125 5189.000
-2.120 5183.000
-2.115 5178.000
-2.110 5173.000
-2.105 5167.000
-2.100 5162.000
-2.095 5157.000
-2.090 5151.000
-2.085 5146.000
-2.080 5141.000
-2.075 5135.000
-2.070 5130.000
-2.065 5125.000
-2.060 5119.000
-2.055 5114.000
-2.050 5108.000
-2.045 5103.000
-2.040 5098.000
-2.035 5092.000
-2.030 5087.000
-2.025 5081.000
-2.020 5076.000
-2.015 5071.000
-2.010 5065.000
-2.005 5060.000
-2.000 5054.000
-1.995 5049.000
-1.990 5043.000
-1.985 5038.000
-1.980 5032.000
-1.975 5027.000
-1.970 5021.000
-1.965 5016.000
-1.960 5010.000
-1.955 5005.000
-1.950 4999.000
-1.945 4994.000
-1.940 4988.000
-1.935 4983.000
-1.930 4977.000
-1.925 4972.000
-1.920 4966.000
-1.915 4961.000
-1.910 4955.000
-1.905 4949.000
-1.900 4944.000
-1.895 4938.000
-1.890 4933.000
-1.885 4927.000
-1.880 4922.000
-1.875 4916.000
-1.870 4910.000
-1.865 4905.000
-1.860 4899.000
-1.855 4893.000
-1.850 4888.000
-1.845 4882.000
-1.840 4877.000
-1.835 4871.000
-1.830 4865.000
-1.825 4860.000
-1.820 4854.000
-1.815 4848.000
-1.810 4842.000
-1.805 4837.000
-1.800 4831.000
-1.795 4825.000
-1.790 4820.000
-1.785 4814.000
-1.780 4808.000
-1.775 4802.000
-1.770 4797.000
-1.765 4791.000
-1.760 4785.000
-1.755 4779.000
-1.750 4774.000
-1.745 4768.000
-1.740 4762.000
-1.735 4756.000
-1.730 4750.500
-1.725 4745.000
-1.720 4739.000
-1.715 4733.000
-1.710 4727.000
-1.705 4721.000
-1.700 4716.000
-1.695 4710.000
-1.690 4704.000
-1.685 4698.000
-1.680 4692.000
-1.675 4686.000
-1.670 4680.000
-1.665 4674.000
-1.660 4668.500
-1.655 4663.000
-1.650 4657.000
-1.645 4651.000
-1.640 4645.000
-1.635 4639.000
-1.630 4633.000
-1.625 4627.000
-1.620 4621.000
-1.615 4615.000
-1.610 4609.000
-1.605 4603.000
-1.600 4597.000
-1.595 4591.000
-1.590 4585.000
-1.585 4579.000
-1.580 4573.000
-1.575 4567.000
-1.570 4561.000
-1.565 4555.000
-1.560 4549.000
-1.555 4543.000
-1.550 4537.000
-1.545 4530.500
-1.540 4524.500
-1.535 4518.000
-1.530 4512.000
-1.525 4506.000
-1.520 4500.000
-1.515 4494.000
-1.510 4488.000
-1.505 4481.500
-1.500 4475.000
-1.495 4469.000
-1.490 4463.000
-1.485 4457.000
-1.480 4451.000
-1.475 4444.500
-1.470 4438.000
-1.465 4432.000
-1.460 4426.000
-1.455 4419.500
-1.450 4413.000
-1.445 4407.000
-1.440 4401.000
-1.435 4394.500
-1.430 4388.000
-1.425 4382.000
-1.420 4375.500
-1.415 4369.000
-1.410 4363.000
-1.405 4356.500
-1.400 4350.000
-1.395 4344.000
-1.390 4337.500
-1.385 4331.000
-1.380 4325.000
-1.375 4318.000
-1.370 4312.000
-1.365 4305.500
-1.360 4299.000
-1.355 4293.000
-1.350 4286.000
-1.345 4280.000
-1.340 4273.000
-1.335 4267.000
-1.330 4260.000
-1.325 4254.000
-1.320 4247.000
-1.315 4241.000
-1.310 4234.000
-1.305 4228.000
-1.300 4221.000
-1.295 4214.500
-1.290 4208.000
-1.285 4201.500
-1.280 4195.000
-1.275 4188.000
-1.270 4181.500
-1.265 4175.000
-1.260 4168.000
-1.255 4162.000
-1.250 4155.000
-1.245 4148.000
-1.240 4142.000
-1.235 4135.000
-1.230 4128.000
-1.225 4121.500
-1.220 4115.000
-1.215 4108.000
-1.210 4101.000
-1.205 4094.500
-1.200 4088.000
-1.195 4081.000
-1.190 4074.000
-1.185 4067.000
-1.180 4060.500
-1.175 4054.000
-1.170 4047.000
-1.165 4040.000
-1.160 4033.000
-1.155 4026.000
-1.150 4019.000
-1.145 4012.000
-1.140 4005.500
-1.135 3998.500
-1.130 3991.500
-1.125 3984.500
-1.120 3977.500
-1.115 3970.500
-1.110 3963.500
-1.105 3956.500
-1.100 3949.500
-1.095 3942.500
-1.090 3935.000
-1.085 3928.000
-1.080 3921.000
-1.075 3914.000
-1.070 3907.000
-1.065 3900.000
-1.060 3892.500
-1.055 3885.500
-1.050 3878.000
-1.045 3871.000
-1.040 3864.000
-1.035 3856.500
-1.030 3849.000
-1.025 3842.000
-1.020 3835.000
-1.015 3827.500
-1.010 3820.000
-1.005 3813.000
-1.000 3805.500
-0.995 3798.000
-0.990 3790.500
-0.985 3783.000
-0.980 3776.000
-0.975 3768.500
-0.970 3761.000
-0.965 3753.500
-0.960 3746.000
-0.955 3738.500
-0.950 3731.000
-0.945 3723.500
-0.940 3716.000
-0.935 3708.500
-0.930 3701.000
-0.925 3693.000
-0.920 3685.500
-0.915 3678.000
-0.910 3670.000
-0.905 3662.500
-0.900 3655.000
-0.895 3647.000
-0.890 3639.000
-0.885 3631.500
-0.880 3624.000
-0.875 3616.000
-0.870 3608.000
-0.865 3600.000
-0.860 3592.500
-0.855 3584.500
-0.850 3576.500
-0.845 3568.500
-0.840 3560.500
-0.835 3552.500
-0.830 3544.500
-0.825 3536.500
-0.820 3528.500
-0.815 3520.500
-0.810 3512.500
-0.805 3504.000
-0.800 3496.000
-0.795 3488.000
-0.790 3479.500
-0.785 3471.500
-0.780 3463.000
-0.775 3455.000
-0.770 3446.500
-0.765 3438.500
-0.760 3430.000
-0.755 3421.500
-0.750 3413.000
-0.745 3405.000
-0.740 3396.500
-0.735 3388.000
-0.730 3379.500
-0.725 3370.500
-0.720 3362.000
-0.715 3353.500
-0.710 3345.000
-0.705 3336.000
-0.700 3327.500
-0.695 3319.000
-0.690 3310.000
-0.685 3301.000
-0.680 3292.500
-0.675 3283.500
-0.670 3274.500
-0.665 3265.500
-0.660 3256.500
-0.655 3247.500
-0.650 3238.500
-0.645 3229.500
-0.640 3220.500
-0.635 3211.500
-0.630 3202.000
-0.625 3193.000
-0.620 3183.500
-0.615 3174.500
-0.610 3165.000
-0.605 3155.500
-0.600 3146.000
-0.595 3137.000
-0.590 3127.000
-0.585 3117.500
-0.580 3108.000
-0.575 3098.500
-0.570 3089.000
-0.565 3079.000
-0.560 3069.500
-0.555 3059.500
-0.550 3049.500
-0.545 3039.500
-0.540 3029.500
-0.535 3019.500
-0.530 3009.500
-0.525 2999.500
-0.520 2989.000
-0.515 2979.000
-0.510 2968.500
-0.505 2958.500
-0.500 2948.000
-0.495 2937.500
-0.490 2927.000
-0.485 2916.500
-0.480 2905.500
-0.475 2895.000
-0.470 2884.000
-0.465 2873.000
-0.460 2862.500
-0.455 2851.500
-0.450 2840.000
-0.445 2829.000
-0.440 2818.000
-0.435 2806.500
-0.430 2795.000
-0.425 2784.000
-0.420 2772.000
-0.415 2760.500
-0.410 2749.000
-0.405 2737.000
-0.400 2725.000
-0.395 2713.000
-0.390 2701.000
-0.385 2689.000
-0.380 2676.500
-0.375 2664.500
-0.370 2652.000
-0.365 2639.500
-0.360 2626.500
-0.355 2614.000
-0.350 2601.000
-0.345 2588.000
-0.340 2574.500
-0.335 2561.500
-0.330 2548.000
-0.325 2534.500
-0.320 2521.000
-0.315 2507.000
-0.310 2493.000
-0.305 2479.000
-0.300 2464.500
-0.295 2450.000
-0.290 2435.500
-0.285 2420.500
-0.280 2405.500
-0.275 2390.500
-0.270 2375.500
-0.265 2359.500
-0.260 2344.000
-0.255 2328.000
-0.250 2312.000
-0.245 2295.333
-0.240 2279.000
-0.235 2262.000
-0.230 2244.500
-0.225 2227.333
-0.220 2209.667
-0.215 2191.667
-0.210 2173.333
-0.205 2154.667
-0.200 2135.667
-0.195 2116.333
-0.190 2096.667
-0.185 2076.667
-0.180 2056.333
-0.175 2035.333
-0.170 2014.000
-0.165 1992.000
-0.160 1969.667
-0.155 1947.000
-0.150 1923.667
-0.145 1899.333
-0.140 1874.667
-0.135 1849.333
-0.130 1823.333
-0.125 1796.667
-0.120 1769.000
-0.115 1740.333
-0.110 1711.000
-0.105 1680.500
-0.100 1648.750
-0.095 1616.000
-0.090 1581.750
-0.085 1546.250
-0.080 1509.000
-0.075 1470.250
-0.070 1429.500
-0.065 1386.500
-0.060 1341.250
-0.055 1293.200
-0.050 1242.000
-0.045 1187.400
-0.040 1128.833
-0.035 1065.333
-0.030 996.000
-0.025 919.571
-0.020 834.125
-0.015 736.750
