-0.0500 2096.0000
-0.0490 2076.0000
-0.0480 2058.0000
-0.0470 2040.0000
-0.0460 2021.0000
-0.0450 2004.0000
-0.0430 1966.0000
-0.0420 1947.0000
-0.0410 1926.0000
-0.0400 1910.0000
-0.0390 1888.0000
-0.0380 1867.0000
-0.0370 1844.0000
-0.0360 1827.0000
-0.0350 1804.0000
-0.0330 1764.0000
-0.0300 1696.0000
-0.0290 1665.0000
-0.0270 1616.0000
-0.0250 1565.0000
-0.0240 1535.0000
-0.0230 1510.0000
-0.0200 1422.0000
-0.0190 1389.0000
-0.0170 1327.0000
-0.0160 1297.0000
-0.0150 1260.0000
-0.0140 1225.0000
-0.0130 1185.0000
-0.0120 1145.0000
-0.0110 1102.0000
-0.0100 1062.0000
-0.0090 1020.0000
-0.0080 974.0000
-0.0070 924.0000
-0.0060 873.0000
-0.0050 816.0000
-0.0040 760.0000
-0.0030 700.0000
-0.0020 630.0000
-0.0010 558.0000
