-0.0730 2055.0000
-0.0720 2044.0000
-0.0700 2021.0000
-0.0690 2009.0000
-0.0650 1961.0000
-0.0640 1949.0000
-0.0620 1924.0000
-0.0610 1911.0000
-0.0600 1898.0000
-0.0590 1885.0000
-0.0580 1872.0000
-0.0570 1859.0000
-0.0550 1831.0000
-0.0530 1803.0000
-0.0520 1789.0000
-0.0510 1775.0000
-0.0500 1760.0000
-0.0490 1745.0000
-0.0480 1730.0000
-0.0470 1715.0000
-0.0430 1652.0000
-0.0420 1635.0000
-0.0410 1619.0000
-0.0400 1602.0000
-0.0390 1585.0000
-0.0380 1567.0000
-0.0370 1549.0000
-0.0360 1531.0000
-0.0350 1513.0000
-0.0340 1494.0000
-0.0320 1456.0000
-0.0310 1436.0000
-0.0300 1416.0000
-0.0290 1395.0000
-0.0270 1352.0000
-0.0230 1261.0000
-0.0220 1237.0000
-0.0210 1213.0000
-0.0200 1187.0000
-0.0190 1161.0000
-0.0180 1134.0000
-0.0170 1107.0000
-0.0150 1050.0000
-0.0140 1019.0000
-0.0130 988.0000
-0.0120 955.0000
-0.0110 921.0000
-0.0100 886.0000
-0.0090 850.0000
-0.0080 811.0000
-0.0070 771.0000
-0.0060 729.0000
-0.0050 684.0000
-0.0040 636.0000
-0.0030 584.0000
-0.0020 528.0000
-0.0010 466.0000
