-3.500 8518.000
-3.495 8512.000
-3.490 8506.000
-3.485 8501.000
-3.480 8495.000
-3.475 8489.000
-3.470 8484.000
-3.465 8478.000
-3.460 8472.000
-3.455 8467.000
-3.450 8461.000
-3.445 8455.000
-3.440 8450.000
-3.435 8444.000
-3.430 8438.000
-3.425 8433.000
-3.420 8427.000
-3.415 8421.000
-3.410 8416.000
-3.405 8410.000
-3.400 8404.000
-3.395 8398.000
-3.390 8393.000
-3.385 8387.000
-3.380 8381.000
-3.375 8376.000
-3.370 8370.000
-3.365 8364.000
-3.360 8358.000
-3.355 8353.000
-3.350 8347.000
-3.345 8341.000
-3.340 8335.000
-3.335 8330.000
-3.330 8324.000
-3.325 8318.000
-3.320 8312.000
-3.315 8306.000
-3.310 8301.000
-3.305 8295.000
-3.300 8289.000
-3.295 8283.000
-3.290 8277.000
-3.285 8272.000
-3.280 8266.000
-3.275 8260.000
-3.270 8254.000
-3.265 8248.000
-3.260 8243.000
-3.255 8237.000
-3.250 8231.000
-3.245 8225.000
-3.240 8219.000
-3.235 8213.000
-3.230 8208.000
-3.225 8202.000
-3.220 8196.000
-3.215 8190.000
-3.210 8184.000
-3.205 8178.000
-3.200 8172.000
-3.195 8167.000
-3.190 8161.000
-3.185 8155.000
-3.180 8149.000
-3.175 8143.000
-3.170 8137.000
-3.165 8131.000
-3.160 8125.000
-3.155 8119.000
-3.150 8114.000
-3.145 8108.000
-3.140 8102.000
-3.135 8096.000
-3.130 8090.000
-3.125 8084.000
-3.120 8078.000
-3.115 8072.000
-3.110 8066.000
-3.105 8061.000
-3.100 8055.000
-3.095 8049.000
-3.090 8044.000
-3.085 8038.000
-3.080 8033.000
-3.075 8027.000
-3.070 8021.000
-3.065 8016.000
-3.060 8010.000
-3.055 8004.000
-3.050 7999.000
-3.045 7993.000
-3.040 7987.000
-3.035 7982.000
-3.030 7976.000
-3.025 7970.000
-3.020 7965.000
-3.015 7959.000
-3.010 7953.000
-3.005 7948.000
-3.000 7942.000
-2.995 7936.000
-2.990 7931.000
-2.985 7925.000
-2.980 7919.000
-2.975 7913.000
-2.970 7908.000
-2.965 7902.000
-2.960 7896.000
-2.955 7890.000
-2.950 7885.000
-2.945 7879.000
-2.940 7873.000
-2.935 7867.000
-2.930 7862.000
-2.925 7856.000
-2.920 7850.000
-2.915 7844.000
-2.910 7838.000
-2.905 7833.000
-2.900 7827.000
-2.895 7821.000
-2.890 7815.000
-2.885 7809.000
-2.880 7803.000
-2.875 7798.000
-2.870 7792.000
-2.865 7786.000
-2.860 7780.000
-2.855 7774.000
-2.850 7768.000
-2.845 7762.000
-2.840 7756.000
-2.835 7751.000
-2.830 7745.000
-2.825 7739.000
-2.820 7733.000
-2.815 7727.000
-2.810 7721.000
-2.805 7715.000
-2.800 7709.000
-2.795 7703.000
-2.790 7697.000
-2.785 7691.000
-2.780 7685.000
-2.775 7679.000
-2.770 7673.000
-2.765 7667.000
-2.760 7661.000
-2.755 7656.000
-2.750 7650.000
-2.745 7644.000
-2.740 7638.000
-2.735 7632.000
-2.730 7625.000
-2.725 7619.000
-2.720 7613.000
-2.715 7607.000
-2.710 7601.000
-2.705 7595.000
-2.700 7589.000
-2.695 7583.000
-2.690 7577.000
-2.685 7571.000
-2.680 7565.000
-2.675 7559.000
-2.670 7553.000
-2.665 7547.000
-2.660 7541.000
-2.655 7535.000
-2.650 7528.000
-2.645 7522.000
-2.640 7516.000
-2.635 7510.000
-2.630 7504.000
-2.625 7498.000
-2.620 7492.000
-2.615 7485.000
-2.610 7479.000
-2.605 7473.000
-2.600 7467.000
-2.595 7461.000
-2.590 7455.000
-2.585 7448.000
-2.580 7442.000
-2.575 7436.000
-2.570 7430.000
-2.565 7424.000
-2.560 7417.000
-2.555 7411.000
-2.550 7405.000
-2.545 7399.000
-2.540 7392.000
-2.535 7386.000
-2.530 7380.000
-2.525 7374.000
-2.520 7367.000
-2.515 7361.000
-2.510 7355.000
-2.505 7348.000
-2.500 7342.000
-2.495 7336.000
-2.490 7329.000
-2.485 7323.000
-2.480 7317.000
-2.475 7310.000
-2.470 7304.000
-2.465 7298.000
-2.460 7291.000
-2.455 7285.000
-2.450 7279.000
-2.445 7272.000
-2.440 7266.000
-2.435 7259.000
-2.430 7253.000
-2.425 7247.000
-2.420 7240.000
-2.415 7234.000
-2.410 7227.000
-2.405 7221.000
-2.400 7215.000
-2.395 7208.000
-2.390 7202.000
-2.385 7195.000
-2.380 7189.000
-2.375 7182.000
-2.370 7176.000
-2.365 7169.000
-2.360 7163.000
-2.355 7156.000
-2.350 7150.000
-2.345 7143.000
-2.340 7137.000
-2.335 7130.000
-2.330 7124.000
-2.325 7117.000
-2.320 7111.000
-2.315 7104.000
-2.310 7097.000
-2.305 7091.000
-2.300 7084.000
-2.295 7078.000
-2.290 7071.000
-2.285 7064.000
-2.280 7058.000
-2.275 7051.000
-2.270 7045.000
-2.265 7038.000
-2.260 7031.000
-2.255 7025.000
-2.250 7018.000
-2.245 7011.000
-2.240 7005.000
-2.235 6998.000
-2.230 6991.000
-2.225 6985.000
-2.220 6978.000
-2.215 6971.000
-2.210 6964.000
-2.205 6958.000
-2.200 6951.000
-2.195 6944.000
-2.190 6938.000
-2.185 6931.000
-2.180 6924.000
-2.175 6917.000
-2.170 6910.000
-2.165 6904.000
-2.160 6897.000
-2.155 6890.000
-2.150 6883.000
-2.145 6876.000
-2.140 6870.000
-2.135 6863.000
-2.130 6856.000
-2.125 6849.000
-2.120 6842.000
-2.115 6835.000
-2.110 6829.000
-2.105 6822.000
-2.100 6815.000
-2.095 6808.000
-2.090 6801.000
-2.085 6794.000
-2.080 6787.000
-2.075 6780.000
-2.070 6773.000
-2.065 6766.000
-2.060 6759.000
-2.055 6752.000
-2.050 6745.000
-2.045 6739.000
-2.040 6732.000
-2.035 6725.000
-2.030 6718.000
-2.025 6711.000
-2.020 6704.000
-2.015 6696.000
-2.010 6689.000
-2.005 6682.000
-2.000 6675.000
-1.995 6668.000
-1.990 6661.000
-1.985 6654.000
-1.980 6647.000
-1.975 6640.000
-1.970 6633.000
-1.965 6626.000
-1.960 6619.000
-1.955 6611.000
-1.950 6604.000
-1.945 6597.000
-1.940 6590.000
-1.935 6583.000
-1.930 6576.000
-1.925 6569.000
-1.920 6561.000
-1.915 6554.000
-1.910 6547.000
-1.905 6540.000
-1.900 6532.000
-1.895 6525.000
-1.890 6518.000
-1.885 6511.000
-1.880 6504.000
-1.875 6496.000
-1.870 6489.000
-1.865 6482.000
-1.860 6474.000
-1.855 6467.000
-1.850 6460.000
-1.845 6452.000
-1.840 6445.000
-1.835 6438.000
-1.830 6430.000
-1.825 6423.000
-1.820 6416.000
-1.815 6408.000
-1.810 6401.000
-1.805 6393.000
-1.800 6386.000
-1.795 6379.000
-1.790 6371.000
-1.785 6364.000
-1.780 6356.000
-1.775 6349.000
-1.770 6341.000
-1.765 6334.000
-1.760 6326.000
-1.755 6319.000
-1.750 6311.000
-1.745 6304.000
-1.740 6296.000
-1.735 6289.000
-1.730 6281.000
-1.725 6274.000
-1.720 6266.000
-1.715 6259.000
-1.710 6251.000
-1.705 6243.000
-1.700 6236.000
-1.695 6228.000
-1.690 6221.000
-1.685 6213.000
-1.680 6205.000
-1.675 6198.000
-1.670 6190.000
-1.665 6182.000
-1.660 6175.000
-1.655 6167.000
-1.650 6159.000
-1.645 6151.000
-1.640 6144.000
-1.635 6136.000
-1.630 6128.000
-1.625 6120.000
-1.620 6113.000
-1.615 6105.000
-1.610 6097.000
-1.605 6089.000
-1.600 6081.000
-1.595 6073.500
-1.590 6066.000
-1.585 6058.000
-1.580 6050.000
-1.575 6042.000
-1.570 6034.000
-1.565 6026.000
-1.560 6018.000
-1.555 6010.000
-1.550 6002.500
-1.545 5995.000
-1.540 5987.000
-1.535 5979.000
-1.530 5971.000
-1.525 5963.000
-1.520 5955.000
-1.515 5947.000
-1.510 5939.000
-1.505 5930.500
-1.500 5922.500
-1.495 5914.000
-1.490 5906.000
-1.485 5898.000
-1.480 5890.000
-1.475 5882.000
-1.470 5874.000
-1.465 5866.000
-1.460 5858.000
-1.455 5849.000
-1.450 5841.000
-1.445 5833.000
-1.440 5825.000
-1.435 5817.000
-1.430 5808.000
-1.425 5800.000
-1.420 5792.000
-1.415 5784.000
-1.410 5775.000
-1.405 5767.000
-1.400 5759.000
-1.395 5750.500
-1.390 5742.000
-1.385 5734.000
-1.380 5725.000
-1.375 5717.000
-1.370 5709.000
-1.365 5700.000
-1.360 5692.000
-1.355 5683.000
-1.350 5675.000
-1.345 5666.500
-1.340 5658.000
-1.335 5649.500
-1.330 5641.000
-1.325 5632.500
-1.320 5624.000
-1.315 5615.500
-1.310 5607.000
-1.305 5598.000
-1.300 5590.000
-1.295 5581.000
-1.290 5572.500
-1.285 5564.000
-1.280 5555.000
-1.275 5546.500
-1.270 5538.000
-1.265 5529.000
-1.260 5520.500
-1.255 5512.000
-1.250 5503.000
-1.245 5494.000
-1.240 5485.500
-1.235 5477.000
-1.230 5468.000
-1.225 5459.000
-1.220 5450.000
-1.215 5441.500
-1.210 5432.500
-1.205 5424.000
-1.200 5415.000
-1.195 5406.000
-1.190 5397.000
-1.185 5388.000
-1.180 5379.000
-1.175 5370.000
-1.170 5361.000
-1.165 5352.000
-1.160 5343.000
-1.155 5334.000
-1.150 5325.000
-1.145 5316.000
-1.140 5306.500
-1.135 5297.500
-1.130 5288.000
-1.125 5279.000
-1.120 5270.000
-1.115 5261.000
-1.110 5251.500
-1.105 5242.500
-1.100 5233.000
-1.095 5224.000
-1.090 5214.500
-1.085 5205.000
-1.080 5196.000
-1.075 5186.500
-1.070 5177.000
-1.065 5168.000
-1.060 5158.500
-1.055 5149.000
-1.050 5139.500
-1.045 5130.000
-1.040 5120.500
-1.035 5111.000
-1.030 5101.500
-1.025 5092.000
-1.020 5082.000
-1.015 5073.000
-1.010 5063.000
-1.005 5053.500
-1.000 5044.000
-0.995 5034.000
-0.990 5024.500
-0.985 5014.500
-0.980 5005.000
-0.975 4995.000
-0.970 4985.500
-0.965 4975.500
-0.960 4965.500
-0.955 4956.000
-0.950 4946.000
-0.945 4936.000
-0.940 4926.000
-0.935 4916.000
-0.930 4906.000
-0.925 4896.000
-0.920 4886.000
-0.915 4876.000
-0.910 4866.000
-0.905 4856.000
-0.900 4845.500
-0.895 4835.500
-0.890 4825.000
-0.885 4815.000
-0.880 4804.500
-0.875 4794.500
-0.870 4784.000
-0.865 4774.000
-0.860 4763.500
-0.855 4753.000
-0.850 4742.500
-0.845 4732.000
-0.840 4721.500
-0.835 4711.000
-0.830 4700.500
-0.825 4690.000
-0.820 4679.500
-0.815 4669.000
-0.810 4658.000
-0.805 4647.500
-0.800 4636.500
-0.795 4626.000
-0.790 4615.000
-0.785 4604.000
-0.780 4593.500
-0.775 4582.500
-0.770 4571.500
-0.765 4560.500
-0.760 4549.500
-0.755 4538.500
-0.750 4527.500
-0.745 4516.500
-0.740 4505.000
-0.735 4494.000
-0.730 4482.500
-0.725 4471.500
-0.720 4460.000
-0.715 4449.000
-0.710 4437.500
-0.705 4426.000
-0.700 4414.500
-0.695 4403.000
-0.690 4391.500
-0.685 4380.000
-0.680 4368.000
-0.675 4356.500
-0.670 4345.000
-0.665 4333.000
-0.660 4321.000
-0.655 4309.500
-0.650 4297.500
-0.645 4285.500
-0.640 4273.500
-0.635 4261.500
-0.630 4249.500
-0.625 4237.000
-0.620 4225.000
-0.615 4212.500
-0.610 4200.500
-0.605 4188.000
-0.600 4175.500
-0.595 4163.000
-0.590 4150.500
-0.585 4138.000
-0.580 4125.500
-0.575 4112.500
-0.570 4100.000
-0.565 4087.000
-0.560 4074.000
-0.555 4061.000
-0.550 4048.000
-0.545 4035.000
-0.540 4022.000
-0.535 4009.000
-0.530 3995.500
-0.525 3982.000
-0.520 3968.500
-0.515 3955.000
-0.510 3941.500
-0.505 3928.000
-0.500 3914.000
-0.495 3900.500
-0.490 3886.500
-0.485 3872.500
-0.480 3858.500
-0.475 3844.500
-0.470 3830.000
-0.465 3816.000
-0.460 3801.500
-0.455 3787.000
-0.450 3772.500
-0.445 3757.500
-0.440 3743.000
-0.435 3728.000
-0.430 3713.000
-0.425 3698.000
-0.420 3682.500
-0.415 3667.500
-0.410 3652.000
-0.405 3636.500
-0.400 3620.500
-0.395 3605.000
-0.390 3589.000
-0.385 3573.000
-0.380 3557.000
-0.375 3540.500
-0.370 3524.000
-0.365 3507.500
-0.360 3491.000
-0.355 3474.000
-0.350 3457.000
-0.345 3439.500
-0.340 3422.500
-0.335 3405.000
-0.330 3387.000
-0.325 3369.500
-0.320 3351.500
-0.315 3333.000
-0.310 3314.500
-0.305 3296.000
-0.300 3277.000
-0.295 3258.000
-0.290 3239.000
-0.285 3219.500
-0.280 3199.500
-0.275 3180.000
-0.270 3159.500
-0.265 3139.000
-0.260 3118.500
-0.255 3097.333
-0.250 3076.000
-0.245 3054.500
-0.240 3032.667
-0.235 3010.333
-0.230 2987.667
-0.225 2965.000
-0.220 2941.333
-0.215 2918.000
-0.210 2893.667
-0.205 2869.000
-0.200 2844.000
-0.195 2819.000
-0.190 2793.000
-0.185 2766.333
-0.180 2739.667
-0.175 2712.000
-0.170 2684.000
-0.165 2655.000
-0.160 2625.667
-0.155 2595.667
-0.150 2565.000
-0.145 2533.333
-0.140 2500.667
-0.135 2467.333
-0.130 2433.000
-0.125 2397.667
-0.120 2361.333
-0.115 2323.667
-0.110 2285.000
-0.105 2244.750
-0.100 2203.000
-0.095 2159.750
-0.090 2114.750
-0.085 2067.750
-0.080 2018.750
-0.075 1967.500
-0.070 1913.500
-0.065 1856.750
-0.060 1796.750
-0.055 1733.250
-0.050 1665.600
-0.045 1593.200
-0.040 1515.333
-0.035 1430.833
-0.030 1338.500
-0.025 1236.500
-0.020 1122.143
-0.015 991.500
