-3.500 8664.000
-3.499 8663.000
-3.498 8662.000
-3.497 8661.000
-3.496 8660.000
-3.495 8658.000
-3.494 8657.000
-3.493 8656.000
-3.492 8655.000
-3.491 8654.000
-3.490 8653.000
-3.489 8652.000
-3.488 8650.000
-3.487 8649.000
-3.486 8648.000
-3.485 8647.000
-3.484 8646.000
-3.483 8645.000
-3.482 8644.000
-3.481 8642.000
-3.480 8641.000
-3.479 8640.000
-3.478 8639.000
-3.477 8638.000
-3.476 8637.000
-3.475 8635.000
-3.474 8634.000
-3.473 8633.000
-3.472 8632.000
-3.471 8631.000
-3.470 8630.000
-3.469 8629.000
-3.468 8627.000
-3.467 8626.000
-3.466 8625.000
-3.465 8624.000
-3.464 8623.000
-3.463 8622.000
-3.462 8620.000
-3.461 8619.000
-3.460 8618.000
-3.459 8617.000
-3.458 8616.000
-3.457 8615.000
-3.456 8614.000
-3.455 8612.000
-3.454 8611.000
-3.453 8610.000
-3.452 8609.000
-3.451 8608.000
-3.450 8607.000
-3.449 8605.000
-3.448 8604.000
-3.447 8603.000
-3.446 8602.000
-3.445 8601.000
-3.444 8600.000
-3.443 8599.000
-3.442 8597.000
-3.441 8596.000
-3.440 8595.000
-3.439 8594.000
-3.438 8593.000
-3.437 8592.000
-3.436 8590.000
-3.435 8589.000
-3.434 8588.000
-3.433 8587.000
-3.432 8586.000
-3.431 8585.000
-3.430 8583.000
-3.429 8582.000
-3.428 8581.000
-3.427 8580.000
-3.426 8579.000
-3.425 8578.000
-3.424 8577.000
-3.423 8575.000
-3.422 8574.000
-3.421 8573.000
-3.420 8572.000
-3.419 8571.000
-3.418 8570.000
-3.417 8568.000
-3.416 8567.000
-3.415 8566.000
-3.414 8565.000
-3.413 8564.000
-3.412 8563.000
-3.411 8561.000
-3.410 8560.000
-3.409 8559.000
-3.408 8558.000
-3.407 8557.000
-3.406 8556.000
-3.405 8554.000
-3.404 8553.000
-3.403 8552.000
-3.402 8551.000
-3.401 8550.000
-3.400 8549.000
-3.399 8548.000
-3.398 8546.000
-3.397 8545.000
-3.396 8544.000
-3.395 8543.000
-3.394 8542.000
-3.393 8541.000
-3.392 8539.000
-3.391 8538.000
-3.390 8537.000
-3.389 8536.000
-3.388 8535.000
-3.387 8534.000
-3.386 8532.000
-3.385 8531.000
-3.384 8530.000
-3.383 8529.000
-3.382 8528.000
-3.381 8527.000
-3.380 8525.000
-3.379 8524.000
-3.378 8523.000
-3.377 8522.000
-3.376 8521.000
-3.375 8520.000
-3.374 8518.000
-3.373 8517.000
-3.372 8516.000
-3.371 8515.000
-3.370 8514.000
-3.369 8513.000
-3.368 8511.000
-3.367 8510.000
-3.366 8509.000
-3.365 8508.000
-3.364 8507.000
-3.363 8506.000
-3.362 8504.000
-3.361 8503.000
-3.360 8502.000
-3.359 8501.000
-3.358 8500.000
-3.357 8499.000
-3.356 8497.000
-3.355 8496.000
-3.354 8495.000
-3.353 8494.000
-3.352 8493.000
-3.351 8492.000
-3.350 8490.000
-3.349 8489.000
-3.348 8488.000
-3.347 8487.000
-3.346 8486.000
-3.345 8484.000
-3.344 8483.000
-3.343 8482.000
-3.342 8481.000
-3.341 8480.000
-3.340 8479.000
-3.339 8477.000
-3.338 8476.000
-3.337 8475.000
-3.336 8474.000
-3.335 8473.000
-3.334 8472.000
-3.333 8470.000
-3.332 8469.000
-3.331 8468.000
-3.330 8467.000
-3.329 8466.000
-3.328 8465.000
-3.327 8463.000
-3.326 8462.000
-3.325 8461.000
-3.324 8460.000
-3.323 8459.000
-3.322 8458.000
-3.321 8456.000
-3.320 8455.000
-3.319 8454.000
-3.318 8453.000
-3.317 8452.000
-3.316 8450.000
-3.315 8449.000
-3.314 8448.000
-3.313 8447.000
-3.312 8446.000
-3.311 8445.000
-3.310 8443.000
-3.309 8442.000
-3.308 8441.000
-3.307 8440.000
-3.306 8439.000
-3.305 8438.000
-3.304 8436.000
-3.303 8435.000
-3.302 8434.000
-3.301 8433.000
-3.300 8432.000
-3.299 8430.000
-3.298 8429.000
-3.297 8428.000
-3.296 8427.000
-3.295 8426.000
-3.294 8425.000
-3.293 8423.000
-3.292 8422.000
-3.291 8421.000
-3.290 8420.000
-3.289 8419.000
-3.288 8418.000
-3.287 8416.000
-3.286 8415.000
-3.285 8414.000
-3.284 8413.000
-3.283 8412.000
-3.282 8410.000
-3.281 8409.000
-3.280 8408.000
-3.279 8407.000
-3.278 8406.000
-3.277 8405.000
-3.276 8403.000
-3.275 8402.000
-3.274 8401.000
-3.273 8400.000
-3.272 8399.000
-3.271 8397.000
-3.270 8396.000
-3.269 8395.000
-3.268 8394.000
-3.267 8393.000
-3.266 8392.000
-3.265 8390.000
-3.264 8389.000
-3.263 8388.000
-3.262 8387.000
-3.261 8386.000
-3.260 8384.000
-3.259 8383.000
-3.258 8382.000
-3.257 8381.000
-3.256 8380.000
-3.255 8378.000
-3.254 8377.000
-3.253 8376.000
-3.252 8375.000
-3.251 8374.000
-3.250 8373.000
-3.249 8371.000
-3.248 8370.000
-3.247 8369.000
-3.246 8368.000
-3.245 8367.000
-3.244 8365.000
-3.243 8364.000
-3.242 8363.000
-3.241 8362.000
-3.240 8361.000
-3.239 8360.000
-3.238 8358.000
-3.237 8357.000
-3.236 8356.000
-3.235 8355.000
-3.234 8354.000
-3.233 8352.000
-3.232 8351.000
-3.231 8350.000
-3.230 8349.000
-3.229 8348.000
-3.228 8346.000
-3.227 8345.000
-3.226 8344.000
-3.225 8343.000
-3.224 8342.000
-3.223 8341.000
-3.222 8339.000
-3.221 8338.000
-3.220 8337.000
-3.219 8336.000
-3.218 8335.000
-3.217 8333.000
-3.216 8332.000
-3.215 8331.000
-3.214 8330.000
-3.213 8329.000
-3.212 8327.000
-3.211 8326.000
-3.210 8325.000
-3.209 8324.000
-3.208 8323.000
-3.207 8321.000
-3.206 8320.000
-3.205 8319.000
-3.204 8318.000
-3.203 8317.000
-3.202 8315.000
-3.201 8314.000
-3.200 8313.000
-3.199 8312.000
-3.198 8311.000
-3.197 8310.000
-3.196 8308.000
-3.195 8307.000
-3.194 8306.000
-3.193 8305.000
-3.192 8304.000
-3.191 8302.000
-3.190 8301.000
-3.189 8300.000
-3.188 8299.000
-3.187 8298.000
-3.186 8296.000
-3.185 8295.000
-3.184 8294.000
-3.183 8293.000
-3.182 8292.000
-3.181 8290.000
-3.180 8289.000
-3.179 8288.000
-3.178 8287.000
-3.177 8286.000
-3.176 8284.000
-3.175 8283.000
-3.174 8282.000
-3.173 8281.000
-3.172 8280.000
-3.171 8278.000
-3.170 8277.000
-3.169 8276.000
-3.168 8275.000
-3.167 8274.000
-3.166 8272.000
-3.165 8271.000
-3.164 8270.000
-3.163 8269.000
-3.162 8268.000
-3.161 8266.000
-3.160 8265.000
-3.159 8264.000
-3.158 8263.000
-3.157 8262.000
-3.156 8260.000
-3.155 8259.000
-3.154 8258.000
-3.153 8257.000
-3.152 8256.000
-3.151 8254.000
-3.150 8253.000
-3.149 8252.000
-3.148 8251.000
-3.147 8250.000
-3.146 8248.000
-3.145 8247.000
-3.144 8246.000
-3.143 8245.000
-3.142 8244.000
-3.141 8242.000
-3.140 8241.000
-3.139 8240.000
-3.138 8239.000
-3.137 8238.000
-3.136 8236.000
-3.135 8235.000
-3.134 8234.000
-3.133 8233.000
-3.132 8232.000
-3.131 8230.000
-3.130 8229.000
-3.129 8228.000
-3.128 8227.000
-3.127 8226.000
-3.126 8224.000
-3.125 8223.000
-3.124 8222.000
-3.123 8221.000
-3.122 8220.000
-3.121 8218.000
-3.120 8217.000
-3.119 8216.000
-3.118 8215.000
-3.117 8213.000
-3.116 8212.000
-3.115 8211.000
-3.114 8210.000
-3.113 8209.000
-3.112 8207.000
-3.111 8206.000
-3.110 8205.000
-3.109 8204.000
-3.108 8203.000
-3.107 8201.000
-3.106 8200.000
-3.105 8199.000
-3.104 8198.000
-3.103 8197.000
-3.102 8195.000
-3.101 8194.000
-3.100 8193.000
-3.099 8192.000
-3.098 8191.000
-3.097 8189.000
-3.096 8188.000
-3.095 8187.000
-3.094 8186.000
-3.093 8184.000
-3.092 8183.000
-3.091 8182.000
-3.090 8181.000
-3.089 8180.000
-3.088 8178.000
-3.087 8177.000
-3.086 8176.000
-3.085 8175.000
-3.084 8174.000
-3.083 8172.000
-3.082 8171.000
-3.081 8170.000
-3.080 8169.000
-3.079 8168.000
-3.078 8166.000
-3.077 8165.000
-3.076 8164.000
-3.075 8163.000
-3.074 8161.000
-3.073 8160.000
-3.072 8159.000
-3.071 8158.000
-3.070 8157.000
-3.069 8155.000
-3.068 8154.000
-3.067 8153.000
-3.066 8152.000
-3.065 8150.000
-3.064 8149.000
-3.063 8148.000
-3.062 8147.000
-3.061 8146.000
-3.060 8144.000
-3.059 8143.000
-3.058 8142.000
-3.057 8141.000
-3.056 8140.000
-3.055 8138.000
-3.054 8137.000
-3.053 8136.000
-3.052 8135.000
-3.051 8133.000
-3.050 8132.000
-3.049 8131.000
-3.048 8130.000
-3.047 8129.000
-3.046 8127.000
-3.045 8126.000
-3.044 8125.000
-3.043 8124.000
-3.042 8123.000
-3.041 8121.000
-3.040 8120.000
-3.039 8119.000
-3.038 8118.000
-3.037 8117.000
-3.036 8116.000
-3.035 8114.000
-3.034 8113.000
-3.033 8112.000
-3.032 8111.000
-3.031 8110.000
-3.030 8109.000
-3.029 8107.000
-3.028 8106.000
-3.027 8105.000
-3.026 8104.000
-3.025 8103.000
-3.024 8102.000
-3.023 8101.000
-3.022 8099.000
-3.021 8098.000
-3.020 8097.000
-3.019 8096.000
-3.018 8095.000
-3.017 8094.000
-3.016 8093.000
-3.015 8091.000
-3.014 8090.000
-3.013 8089.000
-3.012 8088.000
-3.011 8087.000
-3.010 8086.000
-3.009 8084.000
-3.008 8083.000
-3.007 8082.000
-3.006 8081.000
-3.005 8080.000
-3.004 8079.000
-3.003 8078.000
-3.002 8076.000
-3.001 8075.000
-3.000 8074.000
-2.999 8073.000
-2.998 8072.000
-2.997 8071.000
-2.996 8069.000
-2.995 8068.000
-2.994 8067.000
-2.993 8066.000
-2.992 8065.000
-2.991 8064.000
-2.990 8062.000
-2.989 8061.000
-2.988 8060.000
-2.987 8059.000
-2.986 8058.000
-2.985 8057.000
-2.984 8056.000
-2.983 8054.000
-2.982 8053.000
-2.981 8052.000
-2.980 8051.000
-2.979 8050.000
-2.978 8049.000
-2.977 8047.000
-2.976 8046.000
-2.975 8045.000
-2.974 8044.000
-2.973 8043.000
-2.972 8042.000
-2.971 8040.000
-2.970 8039.000
-2.969 8038.000
-2.968 8037.000
-2.967 8036.000
-2.966 8035.000
-2.965 8033.000
-2.964 8032.000
-2.963 8031.000
-2.962 8030.000
-2.961 8029.000
-2.960 8028.000
-2.959 8027.000
-2.958 8025.000
-2.957 8024.000
-2.956 8023.000
-2.955 8022.000
-2.954 8021.000
-2.953 8020.000
-2.952 8018.000
-2.951 8017.000
-2.950 8016.000
-2.949 8015.000
-2.948 8014.000
-2.947 8013.000
-2.946 8011.000
-2.945 8010.000
-2.944 8009.000
-2.943 8008.000
-2.942 8007.000
-2.941 8005.000
-2.940 8004.000
-2.939 8003.000
-2.938 8002.000
-2.937 8001.000
-2.936 8000.000
-2.935 7998.000
-2.934 7997.000
-2.933 7996.000
-2.932 7995.000
-2.931 7994.000
-2.930 7993.000
-2.929 7991.000
-2.928 7990.000
-2.927 7989.000
-2.926 7988.000
-2.925 7987.000
-2.924 7986.000
-2.923 7984.000
-2.922 7983.000
-2.921 7982.000
-2.920 7981.000
-2.919 7980.000
-2.918 7979.000
-2.917 7977.000
-2.916 7976.000
-2.915 7975.000
-2.914 7974.000
-2.913 7973.000
-2.912 7972.000
-2.911 7970.000
-2.910 7969.000
-2.909 7968.000
-2.908 7967.000
-2.907 7966.000
-2.906 7964.000
-2.905 7963.000
-2.904 7962.000
-2.903 7961.000
-2.902 7960.000
-2.901 7959.000
-2.900 7957.000
-2.899 7956.000
-2.898 7955.000
-2.897 7954.000
-2.896 7953.000
-2.895 7951.000
-2.894 7950.000
-2.893 7949.000
-2.892 7948.000
-2.891 7947.000
-2.890 7946.000
-2.889 7944.000
-2.888 7943.000
-2.887 7942.000
-2.886 7941.000
-2.885 7940.000
-2.884 7939.000
-2.883 7937.000
-2.882 7936.000
-2.881 7935.000
-2.880 7934.000
-2.879 7933.000
-2.878 7931.000
-2.877 7930.000
-2.876 7929.000
-2.875 7928.000
-2.874 7927.000
-2.873 7925.000
-2.872 7924.000
-2.871 7923.000
-2.870 7922.000
-2.869 7921.000
-2.868 7920.000
-2.867 7918.000
-2.866 7917.000
-2.865 7916.000
-2.864 7915.000
-2.863 7914.000
-2.862 7912.000
-2.861 7911.000
-2.860 7910.000
-2.859 7909.000
-2.858 7908.000
-2.857 7907.000
-2.856 7905.000
-2.855 7904.000
-2.854 7903.000
-2.853 7902.000
-2.852 7901.000
-2.851 7899.000
-2.850 7898.000
-2.849 7897.000
-2.848 7896.000
-2.847 7895.000
-2.846 7893.000
-2.845 7892.000
-2.844 7891.000
-2.843 7890.000
-2.842 7889.000
-2.841 7887.000
-2.840 7886.000
-2.839 7885.000
-2.838 7884.000
-2.837 7883.000
-2.836 7881.000
-2.835 7880.000
-2.834 7879.000
-2.833 7878.000
-2.832 7877.000
-2.831 7876.000
-2.830 7874.000
-2.829 7873.000
-2.828 7872.000
-2.827 7871.000
-2.826 7870.000
-2.825 7868.000
-2.824 7867.000
-2.823 7866.000
-2.822 7865.000
-2.821 7864.000
-2.820 7862.000
-2.819 7861.000
-2.818 7860.000
-2.817 7859.000
-2.816 7858.000
-2.815 7856.000
-2.814 7855.000
-2.813 7854.000
-2.812 7853.000
-2.811 7852.000
-2.810 7850.000
-2.809 7849.000
-2.808 7848.000
-2.807 7847.000
-2.806 7846.000
-2.805 7844.000
-2.804 7843.000
-2.803 7842.000
-2.802 7841.000
-2.801 7840.000
-2.800 7838.000
-2.799 7837.000
-2.798 7836.000
-2.797 7835.000
-2.796 7834.000
-2.795 7832.000
-2.794 7831.000
-2.793 7830.000
-2.792 7829.000
-2.791 7828.000
-2.790 7826.000
-2.789 7825.000
-2.788 7824.000
-2.787 7823.000
-2.786 7822.000
-2.785 7820.000
-2.784 7819.000
-2.783 7818.000
-2.782 7817.000
-2.781 7815.000
-2.780 7814.000
-2.779 7813.000
-2.778 7812.000
-2.777 7811.000
-2.776 7809.000
-2.775 7808.000
-2.774 7807.000
-2.773 7806.000
-2.772 7805.000
-2.771 7803.000
-2.770 7802.000
-2.769 7801.000
-2.768 7800.000
-2.767 7799.000
-2.766 7797.000
-2.765 7796.000
-2.764 7795.000
-2.763 7794.000
-2.762 7793.000
-2.761 7791.000
-2.760 7790.000
-2.759 7789.000
-2.758 7788.000
-2.757 7786.000
-2.756 7785.000
-2.755 7784.000
-2.754 7783.000
-2.753 7782.000
-2.752 7780.000
-2.751 7779.000
-2.750 7778.000
-2.749 7777.000
-2.748 7776.000
-2.747 7774.000
-2.746 7773.000
-2.745 7772.000
-2.744 7771.000
-2.743 7769.000
-2.742 7768.000
-2.741 7767.000
-2.740 7766.000
-2.739 7765.000
-2.738 7763.000
-2.737 7762.000
-2.736 7761.000
-2.735 7760.000
-2.734 7759.000
-2.733 7757.000
-2.732 7756.000
-2.731 7755.000
-2.730 7754.000
-2.729 7752.000
-2.728 7751.000
-2.727 7750.000
-2.726 7749.000
-2.725 7748.000
-2.724 7746.000
-2.723 7745.000
-2.722 7744.000
-2.721 7743.000
-2.720 7741.000
-2.719 7740.000
-2.718 7739.000
-2.717 7738.000
-2.716 7737.000
-2.715 7735.000
-2.714 7734.000
-2.713 7733.000
-2.712 7732.000
-2.711 7730.000
-2.710 7729.000
-2.709 7728.000
-2.708 7727.000
-2.707 7726.000
-2.706 7724.000
-2.705 7723.000
-2.704 7722.000
-2.703 7721.000
-2.702 7719.000
-2.701 7718.000
-2.700 7717.000
-2.699 7716.000
-2.698 7714.000
-2.697 7713.000
-2.696 7712.000
-2.695 7711.000
-2.694 7710.000
-2.693 7708.000
-2.692 7707.000
-2.691 7706.000
-2.690 7705.000
-2.689 7703.000
-2.688 7702.000
-2.687 7701.000
-2.686 7700.000
-2.685 7699.000
-2.684 7697.000
-2.683 7696.000
-2.682 7695.000
-2.681 7694.000
-2.680 7692.000
-2.679 7691.000
-2.678 7690.000
-2.677 7689.000
-2.676 7687.000
-2.675 7686.000
-2.674 7685.000
-2.673 7684.000
-2.672 7683.000
-2.671 7681.000
-2.670 7680.000
-2.669 7679.000
-2.668 7678.000
-2.667 7676.000
-2.666 7675.000
-2.665 7674.000
-2.664 7673.000
-2.663 7671.000
-2.662 7670.000
-2.661 7669.000
-2.660 7668.000
-2.659 7666.000
-2.658 7665.000
-2.657 7664.000
-2.656 7663.000
-2.655 7661.000
-2.654 7660.000
-2.653 7659.000
-2.652 7658.000
-2.651 7657.000
-2.650 7655.000
-2.649 7654.000
-2.648 7653.000
-2.647 7652.000
-2.646 7650.000
-2.645 7649.000
-2.644 7648.000
-2.643 7647.000
-2.642 7645.000
-2.641 7644.000
-2.640 7643.000
-2.639 7642.000
-2.638 7640.000
-2.637 7639.000
-2.636 7638.000
-2.635 7637.000
-2.634 7635.000
-2.633 7634.000
-2.632 7633.000
-2.631 7632.000
-2.630 7630.000
-2.629 7629.000
-2.628 7628.000
-2.627 7627.000
-2.626 7625.000
-2.625 7624.000
-2.624 7623.000
-2.623 7622.000
-2.622 7620.000
-2.621 7619.000
-2.620 7618.000
-2.619 7617.000
-2.618 7616.000
-2.617 7614.000
-2.616 7613.000
-2.615 7612.000
-2.614 7611.000
-2.613 7609.000
-2.612 7608.000
-2.611 7607.000
-2.610 7606.000
-2.609 7604.000
-2.608 7603.000
-2.607 7602.000
-2.606 7601.000
-2.605 7599.000
-2.604 7598.000
-2.603 7597.000
-2.602 7596.000
-2.601 7594.000
-2.600 7593.000
-2.599 7592.000
-2.598 7591.000
-2.597 7589.000
-2.596 7588.000
-2.595 7587.000
-2.594 7585.000
-2.593 7584.000
-2.592 7583.000
-2.591 7582.000
-2.590 7580.000
-2.589 7579.000
-2.588 7578.000
-2.587 7577.000
-2.586 7575.000
-2.585 7574.000
-2.584 7573.000
-2.583 7572.000
-2.582 7570.000
-2.581 7569.000
-2.580 7568.000
-2.579 7567.000
-2.578 7565.000
-2.577 7564.000
-2.576 7563.000
-2.575 7562.000
-2.574 7560.000
-2.573 7559.000
-2.572 7558.000
-2.571 7557.000
-2.570 7555.000
-2.569 7554.000
-2.568 7553.000
-2.567 7552.000
-2.566 7550.000
-2.565 7549.000
-2.564 7548.000
-2.563 7546.000
-2.562 7545.000
-2.561 7544.000
-2.560 7543.000
-2.559 7541.000
-2.558 7540.000
-2.557 7539.000
-2.556 7538.000
-2.555 7536.000
-2.554 7535.000
-2.553 7534.000
-2.552 7533.000
-2.551 7531.000
-2.550 7530.000
-2.549 7529.000
-2.548 7528.000
-2.547 7526.000
-2.546 7525.000
-2.545 7524.000
-2.544 7522.000
-2.543 7521.000
-2.542 7520.000
-2.541 7519.000
-2.540 7517.000
-2.539 7516.000
-2.538 7515.000
-2.537 7514.000
-2.536 7512.000
-2.535 7511.000
-2.534 7510.000
-2.533 7509.000
-2.532 7507.000
-2.531 7506.000
-2.530 7505.000
-2.529 7503.000
-2.528 7502.000
-2.527 7501.000
-2.526 7500.000
-2.525 7498.000
-2.524 7497.000
-2.523 7496.000
-2.522 7495.000
-2.521 7493.000
-2.520 7492.000
-2.519 7491.000
-2.518 7489.000
-2.517 7488.000
-2.516 7487.000
-2.515 7486.000
-2.514 7484.000
-2.513 7483.000
-2.512 7482.000
-2.511 7481.000
-2.510 7479.000
-2.509 7478.000
-2.508 7477.000
-2.507 7475.000
-2.506 7474.000
-2.505 7473.000
-2.504 7472.000
-2.503 7470.000
-2.502 7469.000
-2.501 7468.000
-2.500 7466.000
-2.499 7465.000
-2.498 7464.000
-2.497 7463.000
-2.496 7461.000
-2.495 7460.000
-2.494 7459.000
-2.493 7457.000
-2.492 7456.000
-2.491 7455.000
-2.490 7454.000
-2.489 7452.000
-2.488 7451.000
-2.487 7450.000
-2.486 7449.000
-2.485 7447.000
-2.484 7446.000
-2.483 7445.000
-2.482 7443.000
-2.481 7442.000
-2.480 7441.000
-2.479 7440.000
-2.478 7438.000
-2.477 7437.000
-2.476 7436.000
-2.475 7434.000
-2.474 7433.000
-2.473 7432.000
-2.472 7431.000
-2.471 7429.000
-2.470 7428.000
-2.469 7427.000
-2.468 7425.000
-2.467 7424.000
-2.466 7423.000
-2.465 7422.000
-2.464 7420.000
-2.463 7419.000
-2.462 7418.000
-2.461 7416.000
-2.460 7415.000
-2.459 7414.000
-2.458 7412.000
-2.457 7411.000
-2.456 7410.000
-2.455 7409.000
-2.454 7407.000
-2.453 7406.000
-2.452 7405.000
-2.451 7403.000
-2.450 7402.000
-2.449 7401.000
-2.448 7400.000
-2.447 7398.000
-2.446 7397.000
-2.445 7396.000
-2.444 7394.000
-2.443 7393.000
-2.442 7392.000
-2.441 7391.000
-2.440 7389.000
-2.439 7388.000
-2.438 7387.000
-2.437 7385.000
-2.436 7384.000
-2.435 7383.000
-2.434 7381.000
-2.433 7380.000
-2.432 7379.000
-2.431 7378.000
-2.430 7376.000
-2.429 7375.000
-2.428 7374.000
-2.427 7372.000
-2.426 7371.000
-2.425 7370.000
-2.424 7368.000
-2.423 7367.000
-2.422 7366.000
-2.421 7365.000
-2.420 7363.000
-2.419 7362.000
-2.418 7361.000
-2.417 7359.000
-2.416 7358.000
-2.415 7357.000
-2.414 7355.000
-2.413 7354.000
-2.412 7353.000
-2.411 7352.000
-2.410 7350.000
-2.409 7349.000
-2.408 7348.000
-2.407 7346.000
-2.406 7345.000
-2.405 7344.000
-2.404 7342.000
-2.403 7341.000
-2.402 7340.000
-2.401 7338.000
-2.400 7337.000
-2.399 7336.000
-2.398 7335.000
-2.397 7333.000
-2.396 7332.000
-2.395 7331.000
-2.394 7329.000
-2.393 7328.000
-2.392 7327.000
-2.391 7325.000
-2.390 7324.000
-2.389 7323.000
-2.388 7321.000
-2.387 7320.000
-2.386 7319.000
-2.385 7318.000
-2.384 7316.000
-2.383 7315.000
-2.382 7314.000
-2.381 7312.000
-2.380 7311.000
-2.379 7310.000
-2.378 7308.000
-2.377 7307.000
-2.376 7306.000
-2.375 7304.000
-2.374 7303.000
-2.373 7302.000
-2.372 7300.000
-2.371 7299.000
-2.370 7298.000
-2.369 7297.000
-2.368 7295.000
-2.367 7294.000
-2.366 7293.000
-2.365 7291.000
-2.364 7290.000
-2.363 7289.000
-2.362 7287.000
-2.361 7286.000
-2.360 7285.000
-2.359 7283.000
-2.358 7282.000
-2.357 7281.000
-2.356 7279.000
-2.355 7278.000
-2.354 7277.000
-2.353 7275.000
-2.352 7274.000
-2.351 7273.000
-2.350 7271.000
-2.349 7270.000
-2.348 7269.000
-2.347 7268.000
-2.346 7266.000
-2.345 7265.000
-2.344 7264.000
-2.343 7262.000
-2.342 7261.000
-2.341 7260.000
-2.340 7258.000
-2.339 7257.000
-2.338 7256.000
-2.337 7254.000
-2.336 7253.000
-2.335 7252.000
-2.334 7250.000
-2.333 7249.000
-2.332 7248.000
-2.331 7246.000
-2.330 7245.000
-2.329 7244.000
-2.328 7242.000
-2.327 7241.000
-2.326 7240.000
-2.325 7238.000
-2.324 7237.000
-2.323 7236.000
-2.322 7234.000
-2.321 7233.000
-2.320 7232.000
-2.319 7230.000
-2.318 7229.000
-2.317 7228.000
-2.316 7226.000
-2.315 7225.000
-2.314 7224.000
-2.313 7222.000
-2.312 7221.000
-2.311 7220.000
-2.310 7218.000
-2.309 7217.000
-2.308 7216.000
-2.307 7214.000
-2.306 7213.000
-2.305 7212.000
-2.304 7210.000
-2.303 7209.000
-2.302 7208.000
-2.301 7206.000
-2.300 7205.000
-2.299 7204.000
-2.298 7202.000
-2.297 7201.000
-2.296 7200.000
-2.295 7198.000
-2.294 7197.000
-2.293 7196.000
-2.292 7194.000
-2.291 7193.000
-2.290 7192.000
-2.289 7190.000
-2.288 7189.000
-2.287 7188.000
-2.286 7186.000
-2.285 7185.000
-2.284 7184.000
-2.283 7182.000
-2.282 7181.000
-2.281 7180.000
-2.280 7178.000
-2.279 7177.000
-2.278 7176.000
-2.277 7174.000
-2.276 7173.000
-2.275 7172.000
-2.274 7170.000
-2.273 7169.000
-2.272 7168.000
-2.271 7166.000
-2.270 7165.000
-2.269 7163.000
-2.268 7162.000
-2.267 7161.000
-2.266 7159.000
-2.265 7158.000
-2.264 7157.000
-2.263 7155.000
-2.262 7154.000
-2.261 7153.000
-2.260 7151.000
-2.259 7150.000
-2.258 7149.000
-2.257 7147.000
-2.256 7146.000
-2.255 7145.000
-2.254 7143.000
-2.253 7142.000
-2.252 7141.000
-2.251 7139.000
-2.250 7138.000
-2.249 7137.000
-2.248 7135.000
-2.247 7134.000
-2.246 7132.000
-2.245 7131.000
-2.244 7130.000
-2.243 7128.000
-2.242 7127.000
-2.241 7126.000
-2.240 7124.000
-2.239 7123.000
-2.238 7122.000
-2.237 7120.000
-2.236 7119.000
-2.235 7118.000
-2.234 7116.000
-2.233 7115.000
-2.232 7114.000
-2.231 7112.000
-2.230 7111.000
-2.229 7109.000
-2.228 7108.000
-2.227 7107.000
-2.226 7105.000
-2.225 7104.000
-2.224 7103.000
-2.223 7101.000
-2.222 7100.000
-2.221 7099.000
-2.220 7097.000
-2.219 7096.000
-2.218 7094.000
-2.217 7093.000
-2.216 7092.000
-2.215 7090.000
-2.214 7089.000
-2.213 7088.000
-2.212 7086.000
-2.211 7085.000
-2.210 7084.000
-2.209 7082.000
-2.208 7081.000
-2.207 7079.000
-2.206 7078.000
-2.205 7077.000
-2.204 7075.000
-2.203 7074.000
-2.202 7073.000
-2.201 7071.000
-2.200 7070.000
-2.199 7069.000
-2.198 7067.000
-2.197 7066.000
-2.196 7064.000
-2.195 7063.000
-2.194 7062.000
-2.193 7060.000
-2.192 7059.000
-2.191 7058.000
-2.190 7056.000
-2.189 7055.000
-2.188 7054.000
-2.187 7052.000
-2.186 7051.000
-2.185 7049.000
-2.184 7048.000
-2.183 7047.000
-2.182 7045.000
-2.181 7044.000
-2.180 7043.000
-2.179 7041.000
-2.178 7040.000
-2.177 7038.000
-2.176 7037.000
-2.175 7036.000
-2.174 7034.000
-2.173 7033.000
-2.172 7032.000
-2.171 7030.000
-2.170 7029.000
-2.169 7027.000
-2.168 7026.000
-2.167 7025.000
-2.166 7023.000
-2.165 7022.000
-2.164 7021.000
-2.163 7019.000
-2.162 7018.000
-2.161 7016.000
-2.160 7015.000
-2.159 7014.000
-2.158 7012.000
-2.157 7011.000
-2.156 7010.000
-2.155 7008.000
-2.154 7007.000
-2.153 7005.000
-2.152 7004.000
-2.151 7003.000
-2.150 7001.000
-2.149 7000.000
-2.148 6998.000
-2.147 6997.000
-2.146 6996.000
-2.145 6994.000
-2.144 6993.000
-2.143 6992.000
-2.142 6990.000
-2.141 6989.000
-2.140 6987.000
-2.139 6986.000
-2.138 6985.000
-2.137 6983.000
-2.136 6982.000
-2.135 6980.000
-2.134 6979.000
-2.133 6978.000
-2.132 6976.000
-2.131 6975.000
-2.130 6974.000
-2.129 6972.000
-2.128 6971.000
-2.127 6969.000
-2.126 6968.000
-2.125 6967.000
-2.124 6965.000
-2.123 6964.000
-2.122 6962.000
-2.121 6961.000
-2.120 6960.000
-2.119 6958.000
-2.118 6957.000
-2.117 6955.000
-2.116 6954.000
-2.115 6953.000
-2.114 6951.000
-2.113 6950.000
-2.112 6948.000
-2.111 6947.000
-2.110 6946.000
-2.109 6944.000
-2.108 6943.000
-2.107 6941.000
-2.106 6940.000
-2.105 6939.000
-2.104 6937.000
-2.103 6936.000
-2.102 6934.000
-2.101 6933.000
-2.100 6932.000
-2.099 6930.000
-2.098 6929.000
-2.097 6927.000
-2.096 6926.000
-2.095 6925.000
-2.094 6923.000
-2.093 6922.000
-2.092 6920.000
-2.091 6919.000
-2.090 6918.000
-2.089 6916.000
-2.088 6915.000
-2.087 6913.000
-2.086 6912.000
-2.085 6911.000
-2.084 6909.000
-2.083 6908.000
-2.082 6906.000
-2.081 6905.000
-2.080 6904.000
-2.079 6902.000
-2.078 6901.000
-2.077 6899.000
-2.076 6898.000
-2.075 6897.000
-2.074 6895.000
-2.073 6894.000
-2.072 6892.000
-2.071 6891.000
-2.070 6890.000
-2.069 6888.000
-2.068 6887.000
-2.067 6885.000
-2.066 6884.000
-2.065 6883.000
-2.064 6881.000
-2.063 6880.000
-2.062 6878.000
-2.061 6877.000
-2.060 6875.000
-2.059 6874.000
-2.058 6873.000
-2.057 6871.000
-2.056 6870.000
-2.055 6868.000
-2.054 6867.000
-2.053 6866.000
-2.052 6864.000
-2.051 6863.000
-2.050 6861.000
-2.049 6860.000
-2.048 6859.000
-2.047 6857.000
-2.046 6856.000
-2.045 6854.000
-2.044 6853.000
-2.043 6851.000
-2.042 6850.000
-2.041 6849.000
-2.040 6847.000
-2.039 6846.000
-2.038 6844.000
-2.037 6843.000
-2.036 6842.000
-2.035 6840.000
-2.034 6839.000
-2.033 6837.000
-2.032 6836.000
-2.031 6834.000
-2.030 6833.000
-2.029 6832.000
-2.028 6830.000
-2.027 6829.000
-2.026 6827.000
-2.025 6826.000
-2.024 6824.000
-2.023 6823.000
-2.022 6822.000
-2.021 6820.000
-2.020 6819.000
-2.019 6817.000
-2.018 6816.000
-2.017 6814.000
-2.016 6813.000
-2.015 6812.000
-2.014 6810.000
-2.013 6809.000
-2.012 6807.000
-2.011 6806.000
-2.010 6804.000
-2.009 6803.000
-2.008 6802.000
-2.007 6800.000
-2.006 6799.000
-2.005 6797.000
-2.004 6796.000
-2.003 6794.000
-2.002 6793.000
-2.001 6792.000
-2.000 6790.000
-1.999 6789.000
-1.998 6787.000
-1.997 6786.000
-1.996 6784.000
-1.995 6783.000
-1.994 6782.000
-1.993 6780.000
-1.992 6779.000
-1.991 6777.000
-1.990 6776.000
-1.989 6774.000
-1.988 6773.000
-1.987 6772.000
-1.986 6770.000
-1.985 6769.000
-1.984 6767.000
-1.983 6766.000
-1.982 6764.000
-1.981 6763.000
-1.980 6761.000
-1.979 6760.000
-1.978 6759.000
-1.977 6757.000
-1.976 6756.000
-1.975 6754.000
-1.974 6753.000
-1.973 6751.000
-1.972 6750.000
-1.971 6748.000
-1.970 6747.000
-1.969 6746.000
-1.968 6744.000
-1.967 6743.000
-1.966 6741.000
-1.965 6740.000
-1.964 6738.000
-1.963 6737.000
-1.962 6735.000
-1.961 6734.000
-1.960 6733.000
-1.959 6731.000
-1.958 6730.000
-1.957 6728.000
-1.956 6727.000
-1.955 6725.000
-1.954 6724.000
-1.953 6722.000
-1.952 6721.000
-1.951 6720.000
-1.950 6718.000
-1.949 6717.000
-1.948 6715.000
-1.947 6714.000
-1.946 6712.000
-1.945 6711.000
-1.944 6709.000
-1.943 6708.000
-1.942 6706.000
-1.941 6705.000
-1.940 6704.000
-1.939 6702.000
-1.938 6701.000
-1.937 6699.000
-1.936 6698.000
-1.935 6696.000
-1.934 6695.000
-1.933 6693.000
-1.932 6692.000
-1.931 6690.000
-1.930 6689.000
-1.929 6688.000
-1.928 6686.000
-1.927 6685.000
-1.926 6683.000
-1.925 6682.000
-1.924 6680.000
-1.923 6679.000
-1.922 6677.000
-1.921 6676.000
-1.920 6674.000
-1.919 6673.000
-1.918 6672.000
-1.917 6670.000
-1.916 6669.000
-1.915 6667.000
-1.914 6666.000
-1.913 6664.000
-1.912 6663.000
-1.911 6661.000
-1.910 6660.000
-1.909 6658.000
-1.908 6657.000
-1.907 6655.000
-1.906 6654.000
-1.905 6652.000
-1.904 6651.000
-1.903 6650.000
-1.902 6648.000
-1.901 6647.000
-1.900 6645.000
-1.899 6644.000
-1.898 6642.000
-1.897 6641.000
-1.896 6639.000
-1.895 6638.000
-1.894 6636.000
-1.893 6635.000
-1.892 6633.000
-1.891 6632.000
-1.890 6630.000
-1.889 6629.000
-1.888 6628.000
-1.887 6626.000
-1.886 6625.000
-1.885 6623.000
-1.884 6622.000
-1.883 6620.000
-1.882 6619.000
-1.881 6617.000
-1.880 6616.000
-1.879 6614.000
-1.878 6613.000
-1.877 6611.000
-1.876 6610.000
-1.875 6608.000
-1.874 6607.000
-1.873 6605.000
-1.872 6604.000
-1.871 6602.000
-1.870 6601.000
-1.869 6599.000
-1.868 6598.000
-1.867 6596.000
-1.866 6595.000
-1.865 6594.000
-1.864 6592.000
-1.863 6591.000
-1.862 6589.000
-1.861 6588.000
-1.860 6586.000
-1.859 6585.000
-1.858 6583.000
-1.857 6582.000
-1.856 6580.000
-1.855 6579.000
-1.854 6577.000
-1.853 6576.000
-1.852 6574.000
-1.851 6573.000
-1.850 6571.000
-1.849 6570.000
-1.848 6568.000
-1.847 6567.000
-1.846 6565.000
-1.845 6564.000
-1.844 6562.000
-1.843 6561.000
-1.842 6559.000
-1.841 6558.000
-1.840 6556.000
-1.839 6555.000
-1.838 6553.000
-1.837 6552.000
-1.836 6550.000
-1.835 6549.000
-1.834 6547.000
-1.833 6546.000
-1.832 6544.000
-1.831 6543.000
-1.830 6541.000
-1.829 6540.000
-1.828 6538.000
-1.827 6537.000
-1.826 6535.000
-1.825 6534.000
-1.824 6532.000
-1.823 6531.000
-1.822 6529.000
-1.821 6528.000
-1.820 6526.000
-1.819 6525.000
-1.818 6523.000
-1.817 6522.000
-1.816 6520.000
-1.815 6519.000
-1.814 6517.000
-1.813 6516.000
-1.812 6514.000
-1.811 6513.000
-1.810 6511.000
-1.809 6510.000
-1.808 6508.000
-1.807 6507.000
-1.806 6505.000
-1.805 6504.000
-1.804 6502.000
-1.803 6501.000
-1.802 6499.000
-1.801 6498.000
-1.800 6496.000
-1.799 6495.000
-1.798 6493.000
-1.797 6492.000
-1.796 6490.000
-1.795 6489.000
-1.794 6487.000
-1.793 6486.000
-1.792 6484.000
-1.791 6483.000
-1.790 6481.000
-1.789 6480.000
-1.788 6478.000
-1.787 6477.000
-1.786 6475.000
-1.785 6474.000
-1.784 6472.000
-1.783 6471.000
-1.782 6469.000
-1.781 6468.000
-1.780 6466.000
-1.779 6465.000
-1.778 6463.000
-1.777 6462.000
-1.776 6460.000
-1.775 6459.000
-1.774 6457.000
-1.773 6456.000
-1.772 6454.000
-1.771 6453.000
-1.770 6451.000
-1.769 6450.000
-1.768 6448.000
-1.767 6447.000
-1.766 6445.000
-1.765 6443.000
-1.764 6442.000
-1.763 6440.000
-1.762 6439.000
-1.761 6437.000
-1.760 6436.000
-1.759 6434.000
-1.758 6433.000
-1.757 6431.000
-1.756 6430.000
-1.755 6428.000
-1.754 6427.000
-1.753 6425.000
-1.752 6424.000
-1.751 6422.000
-1.750 6421.000
-1.749 6419.000
-1.748 6418.000
-1.747 6416.000
-1.746 6415.000
-1.745 6413.000
-1.744 6411.000
-1.743 6410.000
-1.742 6408.000
-1.741 6407.000
-1.740 6405.000
-1.739 6404.000
-1.738 6402.000
-1.737 6401.000
-1.736 6399.000
-1.735 6398.000
-1.734 6396.000
-1.733 6395.000
-1.732 6393.000
-1.731 6392.000
-1.730 6390.000
-1.729 6388.000
-1.728 6387.000
-1.727 6385.000
-1.726 6384.000
-1.725 6382.000
-1.724 6381.000
-1.723 6379.000
-1.722 6378.000
-1.721 6376.000
-1.720 6375.000
-1.719 6373.000
-1.718 6372.000
-1.717 6370.000
-1.716 6369.000
-1.715 6367.000
-1.714 6365.000
-1.713 6364.000
-1.712 6362.000
-1.711 6361.000
-1.710 6359.000
-1.709 6358.000
-1.708 6356.000
-1.707 6355.000
-1.706 6353.000
-1.705 6352.000
-1.704 6350.000
-1.703 6348.000
-1.702 6347.000
-1.701 6345.000
-1.700 6344.000
-1.699 6342.000
-1.698 6341.000
-1.697 6339.000
-1.696 6338.000
-1.695 6336.000
-1.694 6335.000
-1.693 6333.000
-1.692 6331.000
-1.691 6330.000
-1.690 6328.000
-1.689 6327.000
-1.688 6325.000
-1.687 6324.000
-1.686 6322.000
-1.685 6321.000
-1.684 6319.000
-1.683 6317.000
-1.682 6316.000
-1.681 6314.000
-1.680 6313.000
-1.679 6311.000
-1.678 6310.000
-1.677 6308.000
-1.676 6307.000
-1.675 6305.000
-1.674 6303.000
-1.673 6302.000
-1.672 6300.000
-1.671 6299.000
-1.670 6297.000
-1.669 6296.000
-1.668 6294.000
-1.667 6293.000
-1.666 6291.000
-1.665 6289.000
-1.664 6288.000
-1.663 6286.000
-1.662 6285.000
-1.661 6283.000
-1.660 6282.000
-1.659 6280.000
-1.658 6278.000
-1.657 6277.000
-1.656 6275.000
-1.655 6274.000
-1.654 6272.000
-1.653 6271.000
-1.652 6269.000
-1.651 6268.000
-1.650 6266.000
-1.649 6264.000
-1.648 6263.000
-1.647 6261.000
-1.646 6260.000
-1.645 6258.000
-1.644 6257.000
-1.643 6255.000
-1.642 6253.000
-1.641 6252.000
-1.640 6250.000
-1.639 6249.000
-1.638 6247.000
-1.637 6246.000
-1.636 6244.000
-1.635 6242.000
-1.634 6241.000
-1.633 6239.000
-1.632 6238.000
-1.631 6236.000
-1.630 6234.000
-1.629 6233.000
-1.628 6231.000
-1.627 6230.000
-1.626 6228.000
-1.625 6227.000
-1.624 6225.000
-1.623 6223.000
-1.622 6222.000
-1.621 6220.000
-1.620 6219.000
-1.619 6217.000
-1.618 6216.000
-1.617 6214.000
-1.616 6212.000
-1.615 6211.000
-1.614 6209.000
-1.613 6208.000
-1.612 6206.000
-1.611 6204.000
-1.610 6203.000
-1.609 6201.000
-1.608 6200.000
-1.607 6198.000
-1.606 6196.500
-1.605 6195.000
-1.604 6193.000
-1.603 6192.000
-1.602 6190.000
-1.601 6189.000
-1.600 6187.000
-1.599 6185.000
-1.598 6184.000
-1.597 6182.000
-1.596 6181.000
-1.595 6179.000
-1.594 6177.000
-1.593 6176.000
-1.592 6174.000
-1.591 6173.000
-1.590 6171.000
-1.589 6169.000
-1.588 6168.000
-1.587 6166.000
-1.586 6165.000
-1.585 6163.000
-1.584 6161.000
-1.583 6160.000
-1.582 6158.000
-1.581 6157.000
-1.580 6155.000
-1.579 6153.000
-1.578 6152.000
-1.577 6150.000
-1.576 6149.000
-1.575 6147.000
-1.574 6145.000
-1.573 6144.000
-1.572 6142.000
-1.571 6141.000
-1.570 6139.000
-1.569 6137.000
-1.568 6136.000
-1.567 6134.000
-1.566 6133.000
-1.565 6131.000
-1.564 6129.000
-1.563 6128.000
-1.562 6126.000
-1.561 6125.000
-1.560 6123.000
-1.559 6121.000
-1.558 6120.000
-1.557 6118.000
-1.556 6116.500
-1.555 6115.000
-1.554 6113.000
-1.553 6112.000
-1.552 6110.000
-1.551 6108.000
-1.550 6107.000
-1.549 6105.000
-1.548 6104.000
-1.547 6102.000
-1.546 6100.000
-1.545 6099.000
-1.544 6097.000
-1.543 6096.000
-1.542 6094.000
-1.541 6092.000
-1.540 6091.000
-1.539 6089.000
-1.538 6087.000
-1.537 6086.000
-1.536 6084.000
-1.535 6083.000
-1.534 6081.000
-1.533 6079.000
-1.532 6078.000
-1.531 6076.000
-1.530 6074.500
-1.529 6073.000
-1.528 6071.000
-1.527 6070.000
-1.526 6068.000
-1.525 6066.000
-1.524 6065.000
-1.523 6063.000
-1.522 6061.500
-1.521 6060.000
-1.520 6058.000
-1.519 6057.000
-1.518 6055.000
-1.517 6053.000
-1.516 6052.000
-1.515 6050.000
-1.514 6048.000
-1.513 6047.000
-1.512 6045.000
-1.511 6043.500
-1.510 6042.000
-1.509 6040.000
-1.508 6039.000
-1.507 6037.000
-1.506 6035.000
-1.505 6034.000
-1.504 6032.000
-1.503 6030.500
-1.502 6029.000
-1.501 6027.000
-1.500 6026.000
-1.499 6024.000
-1.498 6022.000
-1.497 6021.000
-1.496 6019.000
-1.495 6017.000
-1.494 6016.000
-1.493 6014.000
-1.492 6012.000
-1.491 6011.000
-1.490 6009.000
-1.489 6007.500
-1.488 6006.000
-1.487 6004.000
-1.486 6003.000
-1.485 6001.000
-1.484 5999.000
-1.483 5998.000
-1.482 5996.000
-1.481 5994.000
-1.480 5993.000
-1.479 5991.000
-1.478 5989.000
-1.477 5988.000
-1.476 5986.000
-1.475 5984.000
-1.474 5983.000
-1.473 5981.000
-1.472 5979.500
-1.471 5978.000
-1.470 5976.000
-1.469 5974.500
-1.468 5973.000
-1.467 5971.000
-1.466 5970.000
-1.465 5968.000
-1.464 5966.000
-1.463 5965.000
-1.462 5963.000
-1.461 5961.000
-1.460 5960.000
-1.459 5958.000
-1.458 5956.000
-1.457 5955.000
-1.456 5953.000
-1.455 5951.000
-1.454 5950.000
-1.453 5948.000
-1.452 5946.000
-1.451 5945.000
-1.450 5943.000
-1.449 5941.000
-1.448 5940.000
-1.447 5938.000
-1.446 5936.000
-1.445 5935.000
-1.444 5933.000
-1.443 5931.000
-1.442 5930.000
-1.441 5928.000
-1.440 5926.000
-1.439 5925.000
-1.438 5923.000
-1.437 5921.000
-1.436 5920.000
-1.435 5918.000
-1.434 5916.000
-1.433 5915.000
-1.432 5913.000
-1.431 5911.000
-1.430 5910.000
-1.429 5908.000
-1.428 5906.000
-1.427 5905.000
-1.426 5903.000
-1.425 5901.000
-1.424 5900.000
-1.423 5898.000
-1.422 5896.000
-1.421 5894.500
-1.420 5893.000
-1.419 5891.000
-1.418 5889.500
-1.417 5888.000
-1.416 5886.000
-1.415 5884.500
-1.414 5883.000
-1.413 5881.000
-1.412 5879.000
-1.411 5878.000
-1.410 5876.000
-1.409 5874.000
-1.408 5873.000
-1.407 5871.000
-1.406 5869.000
-1.405 5868.000
-1.404 5866.000
-1.403 5864.000
-1.402 5862.500
-1.401 5861.000
-1.400 5859.000
-1.399 5857.500
-1.398 5856.000
-1.397 5854.000
-1.396 5852.000
-1.395 5851.000
-1.394 5849.000
-1.393 5847.000
-1.392 5846.000
-1.391 5844.000
-1.390 5842.000
-1.389 5840.500
-1.388 5839.000
-1.387 5837.000
-1.386 5835.500
-1.385 5834.000
-1.384 5832.000
-1.383 5830.000
-1.382 5829.000
-1.381 5827.000
-1.380 5825.000
-1.379 5823.500
-1.378 5822.000
-1.377 5820.000
-1.376 5818.500
-1.375 5817.000
-1.374 5815.000
-1.373 5813.000
-1.372 5812.000
-1.371 5810.000
-1.370 5808.000
-1.369 5806.500
-1.368 5805.000
-1.367 5803.000
-1.366 5801.000
-1.365 5800.000
-1.364 5798.000
-1.363 5796.000
-1.362 5794.500
-1.361 5793.000
-1.360 5791.000
-1.359 5789.500
-1.358 5788.000
-1.357 5786.000
-1.356 5784.000
-1.355 5782.500
-1.354 5781.000
-1.353 5779.000
-1.352 5777.500
-1.351 5776.000
-1.350 5774.000
-1.349 5772.000
-1.348 5770.500
-1.347 5769.000
-1.346 5767.000
-1.345 5765.000
-1.344 5764.000
-1.343 5762.000
-1.342 5760.000
-1.341 5758.500
-1.340 5757.000
-1.339 5755.000
-1.338 5753.000
-1.337 5752.000
-1.336 5750.000
-1.335 5748.000
-1.334 5746.500
-1.333 5745.000
-1.332 5743.000
-1.331 5741.000
-1.330 5739.500
-1.329 5738.000
-1.328 5736.000
-1.327 5734.000
-1.326 5733.000
-1.325 5731.000
-1.324 5729.000
-1.323 5727.500
-1.322 5726.000
-1.321 5724.000
-1.320 5722.000
-1.319 5720.500
-1.318 5719.000
-1.317 5717.000
-1.316 5715.000
-1.315 5713.500
-1.314 5712.000
-1.313 5710.000
-1.312 5708.000
-1.311 5706.500
-1.310 5705.000
-1.309 5703.000
-1.308 5701.000
-1.307 5699.500
-1.306 5698.000
-1.305 5696.000
-1.304 5694.000
-1.303 5693.000
-1.302 5691.000
-1.301 5689.000
-1.300 5687.000
-1.299 5686.000
-1.298 5684.000
-1.297 5682.000
-1.296 5680.000
-1.295 5679.000
-1.294 5677.000
-1.293 5675.000
-1.292 5673.000
-1.291 5672.000
-1.290 5670.000
-1.289 5668.000
-1.288 5666.000
-1.287 5665.000
-1.286 5663.000
-1.285 5661.000
-1.284 5659.000
-1.283 5657.500
-1.282 5656.000
-1.281 5654.000
-1.280 5652.000
-1.279 5650.500
-1.278 5649.000
-1.277 5647.000
-1.276 5645.000
-1.275 5643.500
-1.274 5642.000
-1.273 5640.000
-1.272 5638.000
-1.271 5636.500
-1.270 5635.000
-1.269 5633.000
-1.268 5631.000
-1.267 5629.000
-1.266 5628.000
-1.265 5626.000
-1.264 5624.000
-1.263 5622.000
-1.262 5620.500
-1.261 5619.000
-1.260 5617.000
-1.259 5615.000
-1.258 5613.500
-1.257 5612.000
-1.256 5610.000
-1.255 5608.000
-1.254 5606.000
-1.253 5604.500
-1.252 5603.000
-1.251 5601.000
-1.250 5599.000
-1.249 5597.500
-1.248 5596.000
-1.247 5594.000
-1.246 5592.000
-1.245 5590.000
-1.244 5588.500
-1.243 5587.000
-1.242 5585.000
-1.241 5583.000
-1.240 5581.500
-1.239 5580.000
-1.238 5578.000
-1.237 5576.000
-1.236 5574.000
-1.235 5572.500
-1.234 5571.000
-1.233 5569.000
-1.232 5567.000
-1.231 5565.000
-1.230 5563.500
-1.229 5562.000
-1.228 5560.000
-1.227 5558.000
-1.226 5556.500
-1.225 5554.500
-1.224 5553.000
-1.223 5551.000
-1.222 5549.000
-1.221 5547.500
-1.220 5545.500
-1.219 5544.000
-1.218 5542.000
-1.217 5540.000
-1.216 5538.500
-1.215 5536.500
-1.214 5535.000
-1.213 5533.000
-1.212 5531.000
-1.211 5529.500
-1.210 5527.500
-1.209 5526.000
-1.208 5524.000
-1.207 5522.000
-1.206 5520.000
-1.205 5518.500
-1.204 5517.000
-1.203 5515.000
-1.202 5513.000
-1.201 5511.000
-1.200 5509.500
-1.199 5508.000
-1.198 5506.000
-1.197 5504.000
-1.196 5502.000
-1.195 5500.500
-1.194 5499.000
-1.193 5497.000
-1.192 5495.000
-1.191 5493.000
-1.190 5491.500
-1.189 5489.500
-1.188 5488.000
-1.187 5486.000
-1.186 5484.000
-1.185 5482.000
-1.184 5480.500
-1.183 5479.000
-1.182 5477.000
-1.181 5475.000
-1.180 5473.000
-1.179 5471.000
-1.178 5469.500
-1.177 5468.000
-1.176 5466.000
-1.175 5464.000
-1.174 5462.000
-1.173 5460.500
-1.172 5458.500
-1.171 5457.000
-1.170 5455.000
-1.169 5453.000
-1.168 5451.000
-1.167 5449.500
-1.166 5447.500
-1.165 5446.000
-1.164 5444.000
-1.163 5442.000
-1.162 5440.000
-1.161 5438.000
-1.160 5436.500
-1.159 5435.000
-1.158 5433.000
-1.157 5431.000
-1.156 5429.000
-1.155 5427.000
-1.154 5425.500
-1.153 5423.500
-1.152 5422.000
-1.151 5420.000
-1.150 5418.000
-1.149 5416.000
-1.148 5414.500
-1.147 5412.500
-1.146 5411.000
-1.145 5409.000
-1.144 5407.000
-1.143 5405.000
-1.142 5403.000
-1.141 5401.500
-1.140 5399.500
-1.139 5398.000
-1.138 5396.000
-1.137 5394.000
-1.136 5392.000
-1.135 5390.000
-1.134 5388.500
-1.133 5386.500
-1.132 5385.000
-1.131 5383.000
-1.130 5381.000
-1.129 5379.000
-1.128 5377.000
-1.127 5375.500
-1.126 5373.500
-1.125 5372.000
-1.124 5370.000
-1.123 5368.000
-1.122 5366.000
-1.121 5364.000
-1.120 5362.500
-1.119 5360.500
-1.118 5358.500
-1.117 5357.000
-1.116 5355.000
-1.115 5353.000
-1.114 5351.000
-1.113 5349.000
-1.112 5347.500
-1.111 5345.500
-1.110 5344.000
-1.109 5342.000
-1.108 5340.000
-1.107 5338.000
-1.106 5336.000
-1.105 5334.000
-1.104 5332.500
-1.103 5330.500
-1.102 5328.500
-1.101 5327.000
-1.100 5325.000
-1.099 5323.000
-1.098 5321.000
-1.097 5319.000
-1.096 5317.000
-1.095 5315.500
-1.094 5313.500
-1.093 5311.500
-1.092 5310.000
-1.091 5308.000
-1.090 5306.000
-1.089 5304.000
-1.088 5302.000
-1.087 5300.000
-1.086 5298.500
-1.085 5296.500
-1.084 5294.500
-1.083 5293.000
-1.082 5291.000
-1.081 5289.000
-1.080 5287.000
-1.079 5285.000
-1.078 5283.000
-1.077 5281.000
-1.076 5279.500
-1.075 5277.500
-1.074 5275.500
-1.073 5274.000
-1.072 5272.000
-1.071 5270.000
-1.070 5268.000
-1.069 5266.000
-1.068 5264.000
-1.067 5262.000
-1.066 5260.500
-1.065 5258.500
-1.064 5256.500
-1.063 5254.500
-1.062 5253.000
-1.061 5251.000
-1.060 5249.000
-1.059 5247.000
-1.058 5245.000
-1.057 5243.000
-1.056 5241.000
-1.055 5239.000
-1.054 5237.500
-1.053 5235.500
-1.052 5233.500
-1.051 5231.500
-1.050 5230.000
-1.049 5228.000
-1.048 5226.000
-1.047 5224.000
-1.046 5222.000
-1.045 5220.000
-1.044 5218.000
-1.043 5216.000
-1.042 5214.000
-1.041 5212.000
-1.040 5210.500
-1.039 5208.500
-1.038 5206.500
-1.037 5204.500
-1.036 5202.500
-1.035 5201.000
-1.034 5199.000
-1.033 5197.000
-1.032 5195.000
-1.031 5193.000
-1.030 5191.000
-1.029 5189.000
-1.028 5187.000
-1.027 5185.000
-1.026 5183.000
-1.025 5181.000
-1.024 5179.500
-1.023 5177.500
-1.022 5175.500
-1.021 5173.500
-1.020 5171.500
-1.019 5169.500
-1.018 5167.500
-1.017 5166.000
-1.016 5164.000
-1.015 5162.000
-1.014 5160.000
-1.013 5158.000
-1.012 5156.000
-1.011 5154.000
-1.010 5152.000
-1.009 5150.000
-1.008 5148.000
-1.007 5146.000
-1.006 5144.000
-1.005 5142.000
-1.004 5140.000
-1.003 5138.000
-1.002 5136.000
-1.001 5134.500
-1.000 5132.500
-0.999 5130.500
-0.998 5128.500
-0.997 5126.500
-0.996 5124.500
-0.995 5122.500
-0.994 5120.500
-0.993 5118.500
-0.992 5116.500
-0.991 5114.500
-0.990 5112.500
-0.989 5111.000
-0.988 5109.000
-0.987 5107.000
-0.986 5105.000
-0.985 5103.000
-0.984 5101.000
-0.983 5099.000
-0.982 5097.000
-0.981 5095.000
-0.980 5093.000
-0.979 5091.000
-0.978 5089.000
-0.977 5087.000
-0.976 5085.000
-0.975 5083.000
-0.974 5081.000
-0.973 5079.000
-0.972 5077.000
-0.971 5075.000
-0.970 5073.000
-0.969 5071.000
-0.968 5069.000
-0.967 5067.000
-0.966 5065.000
-0.965 5063.000
-0.964 5061.000
-0.963 5059.000
-0.962 5057.000
-0.961 5055.000
-0.960 5053.000
-0.959 5051.000
-0.958 5049.000
-0.957 5047.000
-0.956 5045.000
-0.955 5043.000
-0.954 5041.000
-0.953 5039.000
-0.952 5037.000
-0.951 5035.000
-0.950 5033.000
-0.949 5031.000
-0.948 5029.000
-0.947 5027.000
-0.946 5025.000
-0.945 5023.000
-0.944 5021.000
-0.943 5019.000
-0.942 5016.500
-0.941 5014.500
-0.940 5012.500
-0.939 5010.500
-0.938 5008.500
-0.937 5006.500
-0.936 5004.500
-0.935 5002.500
-0.934 5000.500
-0.933 4998.500
-0.932 4996.500
-0.931 4994.500
-0.930 4992.500
-0.929 4990.000
-0.928 4988.000
-0.927 4986.000
-0.926 4984.000
-0.925 4982.000
-0.924 4980.000
-0.923 4978.000
-0.922 4976.000
-0.921 4974.000
-0.920 4972.000
-0.919 4970.000
-0.918 4968.000
-0.917 4966.000
-0.916 4964.000
-0.915 4961.500
-0.914 4959.500
-0.913 4957.500
-0.912 4955.500
-0.911 4953.500
-0.910 4951.500
-0.909 4949.500
-0.908 4947.000
-0.907 4945.000
-0.906 4943.000
-0.905 4941.000
-0.904 4939.000
-0.903 4937.000
-0.902 4935.000
-0.901 4933.000
-0.900 4931.000
-0.899 4929.000
-0.898 4926.500
-0.897 4924.500
-0.896 4922.500
-0.895 4920.500
-0.894 4918.500
-0.893 4916.500
-0.892 4914.000
-0.891 4912.000
-0.890 4910.000
-0.889 4908.000
-0.888 4906.000
-0.887 4904.000
-0.886 4902.000
-0.885 4900.000
-0.884 4897.500
-0.883 4895.500
-0.882 4893.500
-0.881 4891.500
-0.880 4889.000
-0.879 4887.000
-0.878 4885.000
-0.877 4883.000
-0.876 4881.000
-0.875 4879.000
-0.874 4876.500
-0.873 4874.500
-0.872 4872.500
-0.871 4870.500
-0.870 4868.500
-0.869 4866.000
-0.868 4864.000
-0.867 4862.000
-0.866 4860.000
-0.865 4858.000
-0.864 4855.500
-0.863 4853.500
-0.862 4851.500
-0.861 4849.500
-0.860 4847.000
-0.859 4845.000
-0.858 4843.000
-0.857 4841.000
-0.856 4839.000
-0.855 4836.500
-0.854 4834.500
-0.853 4832.500
-0.852 4830.500
-0.851 4828.000
-0.850 4826.000
-0.849 4824.000
-0.848 4822.000
-0.847 4819.500
-0.846 4817.500
-0.845 4815.500
-0.844 4813.500
-0.843 4811.000
-0.842 4809.000
-0.841 4807.000
-0.840 4805.000
-0.839 4802.500
-0.838 4800.500
-0.837 4798.500
-0.836 4796.000
-0.835 4794.000
-0.834 4792.000
-0.833 4790.000
-0.832 4787.500
-0.831 4785.500
-0.830 4783.500
-0.829 4781.000
-0.828 4779.000
-0.827 4777.000
-0.826 4775.000
-0.825 4772.500
-0.824 4770.500
-0.823 4768.500
-0.822 4766.000
-0.821 4764.000
-0.820 4762.000
-0.819 4759.500
-0.818 4757.500
-0.817 4755.500
-0.816 4753.000
-0.815 4751.000
-0.814 4749.000
-0.813 4746.500
-0.812 4744.500
-0.811 4742.500
-0.810 4740.000
-0.809 4738.000
-0.808 4736.000
-0.807 4733.500
-0.806 4731.500
-0.805 4729.000
-0.804 4727.000
-0.803 4725.000
-0.802 4722.500
-0.801 4720.500
-0.800 4718.500
-0.799 4716.000
-0.798 4714.000
-0.797 4712.000
-0.796 4709.500
-0.795 4707.500
-0.794 4705.000
-0.793 4703.000
-0.792 4701.000
-0.791 4698.500
-0.790 4696.500
-0.789 4694.000
-0.788 4692.000
-0.787 4690.000
-0.786 4687.500
-0.785 4685.500
-0.784 4683.000
-0.783 4681.000
-0.782 4679.000
-0.781 4676.500
-0.780 4674.500
-0.779 4672.000
-0.778 4670.000
-0.777 4667.500
-0.776 4665.500
-0.775 4663.000
-0.774 4661.000
-0.773 4659.000
-0.772 4656.500
-0.771 4654.500
-0.770 4652.000
-0.769 4650.000
-0.768 4647.500
-0.767 4645.500
-0.766 4643.000
-0.765 4641.000
-0.764 4639.000
-0.763 4636.500
-0.762 4634.000
-0.761 4632.000
-0.760 4630.000
-0.759 4627.500
-0.758 4625.500
-0.757 4623.000
-0.756 4621.000
-0.755 4618.500
-0.754 4616.500
-0.753 4614.000
-0.752 4612.000
-0.751 4609.500
-0.750 4607.500
-0.749 4605.000
-0.748 4603.000
-0.747 4600.500
-0.746 4598.000
-0.745 4596.000
-0.744 4593.500
-0.743 4591.500
-0.742 4589.000
-0.741 4587.000
-0.740 4584.500
-0.739 4582.500
-0.738 4580.000
-0.737 4578.000
-0.736 4575.500
-0.735 4573.000
-0.734 4571.000
-0.733 4568.500
-0.732 4566.500
-0.731 4564.000
-0.730 4562.000
-0.729 4559.500
-0.728 4557.000
-0.727 4555.000
-0.726 4552.500
-0.725 4550.500
-0.724 4548.000
-0.723 4546.000
-0.722 4543.500
-0.721 4541.000
-0.720 4539.000
-0.719 4536.500
-0.718 4534.500
-0.717 4532.000
-0.716 4529.500
-0.715 4527.500
-0.714 4525.000
-0.713 4522.500
-0.712 4520.500
-0.711 4518.000
-0.710 4516.000
-0.709 4513.500
-0.708 4511.000
-0.707 4509.000
-0.706 4506.500
-0.705 4504.000
-0.704 4502.000
-0.703 4499.500
-0.702 4497.000
-0.701 4495.000
-0.700 4492.500
-0.699 4490.000
-0.698 4488.000
-0.697 4485.500
-0.696 4483.000
-0.695 4481.000
-0.694 4478.500
-0.693 4476.000
-0.692 4473.500
-0.691 4471.500
-0.690 4469.000
-0.689 4466.500
-0.688 4464.500
-0.687 4462.000
-0.686 4459.500
-0.685 4457.000
-0.684 4455.000
-0.683 4452.500
-0.682 4450.000
-0.681 4448.000
-0.680 4445.500
-0.679 4443.000
-0.678 4440.500
-0.677 4438.500
-0.676 4436.000
-0.675 4433.500
-0.674 4431.000
-0.673 4428.500
-0.672 4426.500
-0.671 4424.000
-0.670 4421.500
-0.669 4419.000
-0.668 4417.000
-0.667 4414.500
-0.666 4412.000
-0.665 4409.500
-0.664 4407.000
-0.663 4405.000
-0.662 4402.500
-0.661 4400.000
-0.660 4397.500
-0.659 4395.000
-0.658 4393.000
-0.657 4390.500
-0.656 4388.000
-0.655 4385.500
-0.654 4383.000
-0.653 4380.500
-0.652 4378.500
-0.651 4376.000
-0.650 4373.500
-0.649 4371.000
-0.648 4368.500
-0.647 4366.000
-0.646 4363.500
-0.645 4361.500
-0.644 4359.000
-0.643 4356.500
-0.642 4354.000
-0.641 4351.500
-0.640 4349.000
-0.639 4346.500
-0.638 4344.000
-0.637 4341.500
-0.636 4339.000
-0.635 4337.000
-0.634 4334.500
-0.633 4332.000
-0.632 4329.500
-0.631 4327.000
-0.630 4324.500
-0.629 4322.000
-0.628 4319.500
-0.627 4317.000
-0.626 4314.500
-0.625 4312.000
-0.624 4309.500
-0.623 4307.000
-0.622 4304.500
-0.621 4302.000
-0.620 4299.500
-0.619 4297.000
-0.618 4294.500
-0.617 4292.000
-0.616 4289.500
-0.615 4287.000
-0.614 4284.500
-0.613 4282.000
-0.612 4279.500
-0.611 4277.000
-0.610 4274.500
-0.609 4272.000
-0.608 4269.500
-0.607 4267.000
-0.606 4264.500
-0.605 4262.000
-0.604 4259.500
-0.603 4257.000
-0.602 4254.500
-0.601 4252.000
-0.600 4249.500
-0.599 4247.000
-0.598 4244.500
-0.597 4242.000
-0.596 4239.500
-0.595 4237.000
-0.594 4234.500
-0.593 4231.500
-0.592 4229.000
-0.591 4226.500
-0.590 4224.000
-0.589 4221.500
-0.588 4219.000
-0.587 4216.500
-0.586 4214.000
-0.585 4211.500
-0.584 4208.500
-0.583 4206.000
-0.582 4203.500
-0.581 4201.000
-0.580 4198.500
-0.579 4196.000
-0.578 4193.000
-0.577 4190.500
-0.576 4188.000
-0.575 4185.500
-0.574 4183.000
-0.573 4180.500
-0.572 4177.500
-0.571 4175.000
-0.570 4172.500
-0.569 4170.000
-0.568 4167.500
-0.567 4164.500
-0.566 4162.000
-0.565 4159.500
-0.564 4157.000
-0.563 4154.000
-0.562 4151.500
-0.561 4149.000
-0.560 4146.500
-0.559 4143.500
-0.558 4141.000
-0.557 4138.500
-0.556 4136.000
-0.555 4133.000
-0.554 4130.500
-0.553 4128.000
-0.552 4125.000
-0.551 4122.500
-0.550 4120.000
-0.549 4117.500
-0.548 4114.500
-0.547 4112.000
-0.546 4109.500
-0.545 4106.500
-0.544 4104.000
-0.543 4101.500
-0.542 4098.500
-0.541 4096.000
-0.540 4093.000
-0.539 4090.500
-0.538 4088.000
-0.537 4085.000
-0.536 4082.500
-0.535 4080.000
-0.534 4077.000
-0.533 4074.500
-0.532 4071.500
-0.531 4069.000
-0.530 4066.500
-0.529 4063.500
-0.528 4061.000
-0.527 4058.000
-0.526 4055.500
-0.525 4052.500
-0.524 4050.000
-0.523 4047.000
-0.522 4044.500
-0.521 4042.000
-0.520 4039.000
-0.519 4036.500
-0.518 4033.500
-0.517 4031.000
-0.516 4028.000
-0.515 4025.500
-0.514 4022.500
-0.513 4020.000
-0.512 4017.000
-0.511 4014.000
-0.510 4011.500
-0.509 4009.000
-0.508 4006.000
-0.507 4003.000
-0.506 4000.500
-0.505 3997.500
-0.504 3995.000
-0.503 3992.000
-0.502 3989.000
-0.501 3986.500
-0.500 3983.500
-0.499 3981.000
-0.498 3978.000
-0.497 3975.000
-0.496 3972.500
-0.495 3969.500
-0.494 3967.000
-0.493 3964.000
-0.492 3961.000
-0.491 3958.500
-0.490 3955.500
-0.489 3952.500
-0.488 3950.000
-0.487 3947.000
-0.486 3944.000
-0.485 3941.500
-0.484 3938.500
-0.483 3935.500
-0.482 3932.500
-0.481 3930.000
-0.480 3927.000
-0.479 3924.000
-0.478 3921.000
-0.477 3918.500
-0.476 3915.500
-0.475 3912.500
-0.474 3909.500
-0.473 3907.000
-0.472 3904.000
-0.471 3901.000
-0.470 3898.000
-0.469 3895.000
-0.468 3892.500
-0.467 3889.500
-0.466 3886.500
-0.465 3883.500
-0.464 3880.500
-0.463 3877.500
-0.462 3875.000
-0.461 3872.000
-0.460 3869.000
-0.459 3866.000
-0.458 3863.000
-0.457 3860.000
-0.456 3857.000
-0.455 3854.000
-0.454 3851.000
-0.453 3848.000
-0.452 3845.500
-0.451 3842.500
-0.450 3839.500
-0.449 3836.500
-0.448 3833.500
-0.447 3830.500
-0.446 3827.500
-0.445 3824.500
-0.444 3821.500
-0.443 3818.500
-0.442 3815.500
-0.441 3812.500
-0.440 3809.500
-0.439 3806.500
-0.438 3803.500
-0.437 3800.500
-0.436 3797.000
-0.435 3794.000
-0.434 3791.000
-0.433 3788.000
-0.432 3785.000
-0.431 3782.000
-0.430 3779.000
-0.429 3776.000
-0.428 3773.000
-0.427 3770.000
-0.426 3766.500
-0.425 3763.500
-0.424 3760.500
-0.423 3757.500
-0.422 3754.500
-0.421 3751.000
-0.420 3748.000
-0.419 3745.000
-0.418 3742.000
-0.417 3739.000
-0.416 3735.500
-0.415 3732.500
-0.414 3729.500
-0.413 3726.500
-0.412 3723.000
-0.411 3720.000
-0.410 3717.000
-0.409 3713.500
-0.408 3710.500
-0.407 3707.500
-0.406 3704.000
-0.405 3701.000
-0.404 3698.000
-0.403 3694.500
-0.402 3691.500
-0.401 3688.500
-0.400 3685.000
-0.399 3682.000
-0.398 3678.500
-0.397 3675.500
-0.396 3672.500
-0.395 3669.000
-0.394 3666.000
-0.393 3662.500
-0.392 3659.500
-0.391 3656.000
-0.390 3653.000
-0.389 3649.500
-0.388 3646.500
-0.387 3643.000
-0.386 3640.000
-0.385 3636.500
-0.384 3633.500
-0.383 3630.000
-0.382 3627.000
-0.381 3623.500
-0.380 3620.000
-0.379 3617.000
-0.378 3613.500
-0.377 3610.500
-0.376 3607.000
-0.375 3603.500
-0.374 3600.500
-0.373 3597.000
-0.372 3593.500
-0.371 3590.500
-0.370 3587.000
-0.369 3583.500
-0.368 3580.000
-0.367 3577.000
-0.366 3573.500
-0.365 3570.000
-0.364 3566.500
-0.363 3563.500
-0.362 3560.000
-0.361 3556.500
-0.360 3553.000
-0.359 3549.500
-0.358 3546.000
-0.357 3543.000
-0.356 3539.500
-0.355 3536.000
-0.354 3532.500
-0.353 3529.000
-0.352 3525.500
-0.351 3522.000
-0.350 3518.500
-0.349 3515.000
-0.348 3511.500
-0.347 3508.000
-0.346 3504.500
-0.345 3501.000
-0.344 3497.500
-0.343 3494.000
-0.342 3490.500
-0.341 3487.000
-0.340 3483.500
-0.339 3480.000
-0.338 3476.500
-0.337 3473.000
-0.336 3469.500
-0.335 3465.500
-0.334 3462.000
-0.333 3458.500
-0.332 3455.000
-0.331 3451.500
-0.330 3447.500
-0.329 3444.000
-0.328 3440.500
-0.327 3437.000
-0.326 3433.000
-0.325 3429.500
-0.324 3426.000
-0.323 3422.000
-0.322 3418.500
-0.321 3415.000
-0.320 3411.000
-0.319 3407.500
-0.318 3404.000
-0.317 3400.000
-0.316 3396.500
-0.315 3392.500
-0.314 3389.000
-0.313 3385.000
-0.312 3381.500
-0.311 3377.500
-0.310 3374.000
-0.309 3370.000
-0.308 3366.500
-0.307 3362.500
-0.306 3359.000
-0.305 3355.000
-0.304 3351.000
-0.303 3347.500
-0.302 3343.500
-0.301 3339.500
-0.300 3336.000
-0.299 3332.000
-0.298 3328.000
-0.297 3324.500
-0.296 3320.500
-0.295 3316.500
-0.294 3312.500
-0.293 3308.500
-0.292 3305.000
-0.291 3301.000
-0.290 3297.000
-0.289 3293.000
-0.288 3289.000
-0.287 3285.000
-0.286 3281.000
-0.285 3277.000
-0.284 3273.000
-0.283 3269.000
-0.282 3265.000
-0.281 3261.000
-0.280 3257.000
-0.279 3253.000
-0.278 3249.000
-0.277 3245.000
-0.276 3241.000
-0.275 3237.000
-0.274 3232.500
-0.273 3228.500
-0.272 3224.500
-0.271 3220.500
-0.270 3216.500
-0.269 3212.000
-0.268 3208.000
-0.267 3204.000
-0.266 3199.500
-0.265 3195.500
-0.264 3191.500
-0.263 3187.000
-0.262 3183.000
-0.261 3178.500
-0.260 3174.500
-0.259 3170.000
-0.258 3166.000
-0.257 3161.667
-0.256 3157.500
-0.255 3153.000
-0.254 3148.500
-0.253 3144.333
-0.252 3140.000
-0.251 3135.500
-0.250 3131.333
-0.249 3127.000
-0.248 3122.667
-0.247 3118.000
-0.246 3114.000
-0.245 3109.333
-0.244 3105.000
-0.243 3100.500
-0.242 3096.000
-0.241 3091.667
-0.240 3087.000
-0.239 3082.667
-0.238 3078.000
-0.237 3073.667
-0.236 3069.000
-0.235 3064.500
-0.234 3060.000
-0.233 3055.333
-0.232 3050.500
-0.231 3046.000
-0.230 3041.500
-0.229 3037.000
-0.228 3032.000
-0.227 3027.667
-0.226 3023.000
-0.225 3018.000
-0.224 3013.333
-0.223 3009.000
-0.222 3004.000
-0.221 2999.500
-0.220 2994.333
-0.219 2989.667
-0.218 2985.000
-0.217 2980.000
-0.216 2975.000
-0.215 2970.333
-0.214 2965.667
-0.213 2960.667
-0.212 2955.667
-0.211 2951.000
-0.210 2946.000
-0.209 2941.000
-0.208 2936.000
-0.207 2931.000
-0.206 2926.000
-0.205 2921.000
-0.204 2916.000
-0.203 2911.000
-0.202 2906.000
-0.201 2900.667
-0.200 2895.667
-0.199 2890.333
-0.198 2885.333
-0.197 2880.000
-0.196 2875.000
-0.195 2869.667
-0.194 2864.667
-0.193 2859.333
-0.192 2854.000
-0.191 2848.667
-0.190 2843.333
-0.189 2838.000
-0.188 2832.667
-0.187 2827.333
-0.186 2822.000
-0.185 2816.667
-0.184 2811.000
-0.183 2805.667
-0.182 2800.000
-0.181 2794.667
-0.180 2789.000
-0.179 2783.667
-0.178 2778.000
-0.177 2772.333
-0.176 2766.667
-0.175 2761.000
-0.174 2755.667
-0.173 2750.000
-0.172 2744.000
-0.171 2738.333
-0.170 2732.667
-0.169 2726.667
-0.168 2721.000
-0.167 2715.000
-0.166 2709.333
-0.165 2703.333
-0.164 2697.333
-0.163 2691.333
-0.162 2685.667
-0.161 2679.667
-0.160 2673.333
-0.159 2667.333
-0.158 2661.333
-0.157 2655.333
-0.156 2649.000
-0.155 2643.000
-0.154 2636.667
-0.153 2630.333
-0.152 2624.000
-0.151 2618.000
-0.150 2611.667
-0.149 2605.000
-0.148 2598.667
-0.147 2592.333
-0.146 2586.000
-0.145 2579.333
-0.144 2573.000
-0.143 2566.333
-0.142 2559.667
-0.141 2553.000
-0.140 2546.333
-0.139 2539.667
-0.138 2533.000
-0.137 2526.000
-0.136 2519.333
-0.135 2512.333
-0.134 2505.667
-0.133 2498.667
-0.132 2491.667
-0.131 2484.667
-0.130 2477.667
-0.129 2470.333
-0.128 2463.333
-0.127 2456.000
-0.126 2449.000
-0.125 2441.667
-0.124 2434.333
-0.123 2427.000
-0.122 2419.667
-0.121 2412.000
-0.120 2404.667
-0.119 2397.000
-0.118 2389.500
-0.117 2382.000
-0.116 2374.000
-0.115 2366.333
-0.114 2358.667
-0.113 2350.667
-0.112 2343.000
-0.111 2335.000
-0.110 2327.000
-0.109 2319.000
-0.108 2310.667
-0.107 2302.500
-0.106 2294.333
-0.105 2286.000
-0.104 2277.667
-0.103 2269.250
-0.102 2260.750
-0.101 2252.250
-0.100 2243.667
-0.099 2235.000
-0.098 2226.250
-0.097 2217.500
-0.096 2208.500
-0.095 2199.667
-0.094 2190.667
-0.093 2181.500
-0.092 2172.333
-0.091 2163.000
-0.090 2153.667
-0.089 2144.500
-0.088 2135.000
-0.087 2125.500
-0.086 2115.750
-0.085 2106.000
-0.084 2096.250
-0.083 2086.500
-0.082 2076.500
-0.081 2066.500
-0.080 2056.250
-0.079 2046.000
-0.078 2035.750
-0.077 2025.250
-0.076 2014.750
-0.075 2004.250
-0.074 1993.250
-0.073 1982.500
-0.072 1971.500
-0.071 1960.500
-0.070 1949.250
-0.069 1938.000
-0.068 1926.500
-0.067 1915.000
-0.066 1903.250
-0.065 1891.500
-0.064 1879.500
-0.063 1867.500
-0.062 1855.250
-0.061 1843.000
-0.060 1830.500
-0.059 1818.000
-0.058 1805.250
-0.057 1792.200
-0.056 1779.000
-0.055 1765.800
-0.054 1752.500
-0.053 1739.000
-0.052 1725.000
-0.051 1711.200
-0.050 1697.000
-0.049 1682.800
-0.048 1668.200
-0.047 1653.400
-0.046 1638.500
-0.045 1623.400
-0.044 1608.000
-0.043 1592.400
-0.042 1576.400
-0.041 1560.400
-0.040 1544.000
-0.039 1527.400
-0.038 1510.600
-0.037 1493.333
-0.036 1475.833
-0.035 1458.000
-0.034 1440.000
-0.033 1421.667
-0.032 1402.833
-0.031 1383.600
-0.030 1364.167
-0.029 1344.167
-0.028 1323.833
-0.027 1303.167
-0.026 1281.833
-0.025 1260.000
-0.024 1238.000
-0.023 1215.333
-0.022 1191.857
-0.021 1168.250
-0.020 1143.750
-0.019 1118.714
-0.018 1092.875
-0.017 1066.250
-0.016 1038.875
-0.015 1010.625
-0.014 981.375
-0.013 951.250
-0.012 920.000
-0.011 887.556
-0.010 853.778
-0.009 818.500
-0.008 859.800
-0.007 742.909
-0.006 702.083
-0.005 658.846
-0.004 612.692
-0.003 563.214
-0.002 509.312
-0.001 449.789
-0.000 382.217
