-0.0380 2067.0000
-0.0370 2041.0000
-0.0360 2004.0000
-0.0340 1974.0000
-0.0330 1945.0000
-0.0320 1917.0000
-0.0310 1903.0000
-0.0300 1876.0000
-0.0290 1837.0000
-0.0280 1827.0000
-0.0270 1788.0000
-0.0260 1764.0000
-0.0250 1729.0000
-0.0240 1696.0000
-0.0230 1677.0000
-0.0210 1610.0000
-0.0200 1575.0000
-0.0190 1543.0000
-0.0170 1470.0000
-0.0160 1422.0000
-0.0150 1395.0000
-0.0140 1358.0000
-0.0130 1315.0000
-0.0120 1260.0000
-0.0110 1225.0000
-0.0100 1192.0000
-0.0090 1131.0000
-0.0080 1075.0000
-0.0060 975.0000
-0.0050 914.0000
-0.0040 848.0000
-0.0030 787.0000
-0.0020 711.0000
-0.0010 612.0000
