-3.500 3944.000
-3.495 3941.000
-3.490 3938.000
-3.485 3936.000
-3.480 3933.000
-3.475 3930.000
-3.470 3928.000
-3.465 3925.000
-3.460 3922.000
-3.455 3920.000
-3.450 3917.000
-3.445 3915.000
-3.440 3912.000
-3.435 3909.000
-3.430 3907.000
-3.425 3904.000
-3.420 3901.000
-3.415 3899.000
-3.410 3896.000
-3.405 3893.000
-3.400 3891.000
-3.395 3888.000
-3.390 3885.000
-3.385 3883.000
-3.380 3880.000
-3.375 3877.000
-3.370 3875.000
-3.365 3872.000
-3.360 3869.000
-3.355 3867.000
-3.350 3864.000
-3.345 3861.000
-3.340 3859.000
-3.335 3856.000
-3.330 3853.000
-3.325 3851.000
-3.320 3848.000
-3.315 3845.000
-3.310 3843.000
-3.305 3840.000
-3.300 3837.000
-3.295 3834.000
-3.290 3832.000
-3.285 3829.000
-3.280 3826.000
-3.275 3824.000
-3.270 3821.000
-3.265 3818.000
-3.260 3815.000
-3.255 3813.000
-3.250 3810.000
-3.245 3807.000
-3.240 3805.000
-3.235 3802.000
-3.230 3799.000
-3.225 3796.000
-3.220 3794.000
-3.215 3791.000
-3.210 3788.000
-3.205 3786.000
-3.200 3783.000
-3.195 3780.000
-3.190 3777.000
-3.185 3775.000
-3.180 3772.000
-3.175 3769.000
-3.170 3766.000
-3.165 3764.000
-3.160 3761.000
-3.155 3758.000
-3.150 3755.000
-3.145 3753.000
-3.140 3750.000
-3.135 3747.000
-3.130 3744.000
-3.125 3742.000
-3.120 3739.000
-3.115 3736.000
-3.110 3733.000
-3.105 3731.000
-3.100 3728.000
-3.095 3725.000
-3.090 3722.000
-3.085 3719.000
-3.080 3717.000
-3.075 3714.000
-3.070 3711.000
-3.065 3708.000
-3.060 3706.000
-3.055 3703.000
-3.050 3700.000
-3.045 3697.000
-3.040 3694.000
-3.035 3692.000
-3.030 3689.000
-3.025 3686.000
-3.020 3683.000
-3.015 3680.000
-3.010 3678.000
-3.005 3675.000
-3.000 3672.000
-2.995 3669.000
-2.990 3666.000
-2.985 3664.000
-2.980 3661.000
-2.975 3658.000
-2.970 3655.000
-2.965 3652.000
-2.960 3649.000
-2.955 3647.000
-2.950 3644.000
-2.945 3641.000
-2.940 3638.000
-2.935 3635.000
-2.930 3632.000
-2.925 3630.000
-2.920 3627.000
-2.915 3624.000
-2.910 3621.000
-2.905 3618.000
-2.900 3615.000
-2.895 3613.000
-2.890 3610.000
-2.885 3607.000
-2.880 3604.000
-2.875 3601.000
-2.870 3598.000
-2.865 3595.000
-2.860 3592.000
-2.855 3590.000
-2.850 3587.000
-2.845 3584.000
-2.840 3581.000
-2.835 3578.000
-2.830 3575.000
-2.825 3572.000
-2.820 3569.000
-2.815 3567.000
-2.810 3564.000
-2.805 3561.000
-2.800 3558.000
-2.795 3555.000
-2.790 3552.000
-2.785 3549.000
-2.780 3546.000
-2.775 3543.000
-2.770 3540.000
-2.765 3538.000
-2.760 3535.000
-2.755 3532.000
-2.750 3529.000
-2.745 3526.000
-2.740 3523.000
-2.735 3520.000
-2.730 3517.000
-2.725 3514.000
-2.720 3511.000
-2.715 3508.000
-2.710 3505.000
-2.705 3502.000
-2.700 3500.000
-2.695 3497.000
-2.690 3494.000
-2.685 3491.000
-2.680 3488.000
-2.675 3485.000
-2.670 3482.000
-2.665 3479.000
-2.660 3476.000
-2.655 3473.000
-2.650 3470.000
-2.645 3467.000
-2.640 3464.000
-2.635 3461.000
-2.630 3458.000
-2.625 3455.000
-2.620 3452.000
-2.615 3449.000
-2.610 3446.000
-2.605 3443.000
-2.600 3440.000
-2.595 3437.000
-2.590 3434.000
-2.585 3431.000
-2.580 3428.000
-2.575 3425.000
-2.570 3422.000
-2.565 3419.000
-2.560 3416.000
-2.555 3413.000
-2.550 3410.000
-2.545 3407.000
-2.540 3404.000
-2.535 3401.000
-2.530 3398.000
-2.525 3395.000
-2.520 3392.000
-2.515 3389.000
-2.510 3386.000
-2.505 3383.000
-2.500 3380.000
-2.495 3377.000
-2.490 3374.000
-2.485 3371.000
-2.480 3368.000
-2.475 3365.000
-2.470 3362.000
-2.465 3359.000
-2.460 3356.000
-2.455 3352.000
-2.450 3349.000
-2.445 3346.000
-2.440 3343.000
-2.435 3340.000
-2.430 3337.000
-2.425 3334.000
-2.420 3331.000
-2.415 3328.000
-2.410 3325.000
-2.405 3322.000
-2.400 3319.000
-2.395 3316.000
-2.390 3312.000
-2.385 3309.000
-2.380 3306.000
-2.375 3303.000
-2.370 3300.000
-2.365 3297.000
-2.360 3294.000
-2.355 3291.000
-2.350 3288.000
-2.345 3284.000
-2.340 3281.000
-2.335 3278.000
-2.330 3275.000
-2.325 3272.000
-2.320 3269.000
-2.315 3266.000
-2.310 3263.000
-2.305 3259.000
-2.300 3256.000
-2.295 3253.000
-2.290 3250.000
-2.285 3247.000
-2.280 3244.000
-2.275 3240.000
-2.270 3237.000
-2.265 3234.000
-2.260 3231.000
-2.255 3228.000
-2.250 3225.000
-2.245 3221.000
-2.240 3218.000
-2.235 3215.000
-2.230 3212.000
-2.225 3209.000
-2.220 3206.000
-2.215 3202.000
-2.210 3199.000
-2.205 3196.000
-2.200 3193.000
-2.195 3190.000
-2.190 3186.000
-2.185 3183.000
-2.180 3180.000
-2.175 3177.000
-2.170 3173.000
-2.165 3170.000
-2.160 3167.000
-2.155 3164.000
-2.150 3161.000
-2.145 3157.000
-2.140 3154.000
-2.135 3151.000
-2.130 3148.000
-2.125 3144.000
-2.120 3141.000
-2.115 3138.000
-2.110 3135.000
-2.105 3131.000
-2.100 3128.000
-2.095 3125.000
-2.090 3121.000
-2.085 3118.000
-2.080 3115.000
-2.075 3112.000
-2.070 3108.000
-2.065 3105.000
-2.060 3102.000
-2.055 3098.000
-2.050 3095.000
-2.045 3092.000
-2.040 3089.000
-2.035 3085.000
-2.030 3082.000
-2.025 3079.000
-2.020 3075.000
-2.015 3072.000
-2.010 3069.000
-2.005 3065.000
-2.000 3062.000
-1.995 3059.000
-1.990 3055.000
-1.985 3052.000
-1.980 3049.000
-1.975 3045.000
-1.970 3042.000
-1.965 3039.000
-1.960 3035.000
-1.955 3032.000
-1.950 3028.000
-1.945 3025.000
-1.940 3022.000
-1.935 3018.000
-1.930 3015.000
-1.925 3012.000
-1.920 3008.000
-1.915 3005.000
-1.910 3001.000
-1.905 2998.000
-1.900 2995.000
-1.895 2991.000
-1.890 2988.000
-1.885 2984.000
-1.880 2981.000
-1.875 2977.000
-1.870 2974.000
-1.865 2971.000
-1.860 2967.000
-1.855 2964.000
-1.850 2960.000
-1.845 2957.000
-1.840 2953.000
-1.835 2950.000
-1.830 2947.000
-1.825 2943.000
-1.820 2940.000
-1.815 2936.000
-1.810 2933.000
-1.805 2929.000
-1.800 2926.000
-1.795 2922.000
-1.790 2919.000
-1.785 2915.000
-1.780 2912.000
-1.775 2908.000
-1.770 2905.000
-1.765 2901.000
-1.760 2898.000
-1.755 2894.000
-1.750 2891.000
-1.745 2887.000
-1.740 2884.000
-1.735 2880.000
-1.730 2876.500
-1.725 2873.000
-1.720 2869.000
-1.715 2866.000
-1.710 2862.000
-1.705 2859.000
-1.700 2855.000
-1.695 2852.000
-1.690 2848.000
-1.685 2844.500
-1.680 2841.000
-1.675 2837.000
-1.670 2834.000
-1.665 2830.000
-1.660 2826.500
-1.655 2823.000
-1.650 2819.000
-1.645 2816.000
-1.640 2812.000
-1.635 2808.500
-1.630 2805.000
-1.625 2801.000
-1.620 2798.000
-1.615 2794.000
-1.610 2790.000
-1.605 2787.000
-1.600 2783.000
-1.595 2779.000
-1.590 2776.000
-1.585 2772.000
-1.580 2768.000
-1.575 2765.000
-1.570 2761.000
-1.565 2757.000
-1.560 2754.000
-1.555 2750.000
-1.550 2746.000
-1.545 2742.500
-1.540 2739.000
-1.535 2735.000
-1.530 2731.000
-1.525 2728.000
-1.520 2724.000
-1.515 2720.000
-1.510 2716.000
-1.505 2713.000
-1.500 2709.000
-1.495 2705.000
-1.490 2701.000
-1.485 2698.000
-1.480 2694.000
-1.475 2690.000
-1.470 2686.000
-1.465 2682.500
-1.460 2679.000
-1.455 2675.000
-1.450 2671.000
-1.445 2667.000
-1.440 2663.500
-1.435 2660.000
-1.430 2656.000
-1.425 2652.000
-1.420 2648.000
-1.415 2644.000
-1.410 2640.500
-1.405 2636.500
-1.400 2633.000
-1.395 2629.000
-1.390 2625.000
-1.385 2621.000
-1.380 2617.000
-1.375 2613.000
-1.370 2609.500
-1.365 2605.500
-1.360 2601.500
-1.355 2598.000
-1.350 2594.000
-1.345 2590.000
-1.340 2586.000
-1.335 2582.000
-1.330 2578.000
-1.325 2574.000
-1.320 2570.000
-1.315 2566.000
-1.310 2562.000
-1.305 2558.000
-1.300 2554.000
-1.295 2550.000
-1.290 2546.000
-1.285 2542.000
-1.280 2538.000
-1.275 2534.000
-1.270 2530.000
-1.265 2526.000
-1.260 2522.000
-1.255 2518.000
-1.250 2514.000
-1.245 2510.000
-1.240 2506.000
-1.235 2502.000
-1.230 2498.000
-1.225 2494.000
-1.220 2489.500
-1.215 2485.500
-1.210 2481.500
-1.205 2477.000
-1.200 2473.000
-1.195 2469.000
-1.190 2465.000
-1.185 2461.000
-1.180 2456.500
-1.175 2452.500
-1.170 2448.000
-1.165 2444.000
-1.160 2440.000
-1.155 2436.000
-1.150 2431.500
-1.145 2427.000
-1.140 2423.000
-1.135 2419.000
-1.130 2415.000
-1.125 2410.500
-1.120 2406.000
-1.115 2402.000
-1.110 2398.000
-1.105 2393.500
-1.100 2389.000
-1.095 2385.000
-1.090 2380.500
-1.085 2376.000
-1.080 2372.000
-1.075 2367.500
-1.070 2363.000
-1.065 2359.000
-1.060 2354.500
-1.055 2350.000
-1.050 2346.000
-1.045 2341.500
-1.040 2337.000
-1.035 2333.000
-1.030 2328.500
-1.025 2324.000
-1.020 2319.500
-1.015 2315.000
-1.010 2310.500
-1.005 2306.000
-1.000 2302.000
-0.995 2297.000
-0.990 2293.000
-0.985 2288.000
-0.980 2284.000
-0.975 2279.000
-0.970 2275.000
-0.965 2270.000
-0.960 2265.500
-0.955 2261.000
-0.950 2256.500
-0.945 2252.000
-0.940 2247.500
-0.935 2243.000
-0.930 2238.000
-0.925 2233.500
-0.920 2229.000
-0.915 2224.000
-0.910 2219.500
-0.905 2215.000
-0.900 2210.000
-0.895 2205.500
-0.890 2201.000
-0.885 2196.000
-0.880 2191.500
-0.875 2186.500
-0.870 2182.000
-0.865 2177.000
-0.860 2172.500
-0.855 2167.500
-0.850 2163.000
-0.845 2158.000
-0.840 2153.000
-0.835 2148.500
-0.830 2143.500
-0.825 2138.500
-0.820 2133.500
-0.815 2129.000
-0.810 2124.000
-0.805 2119.000
-0.800 2114.000
-0.795 2109.000
-0.790 2104.000
-0.785 2099.000
-0.780 2094.000
-0.775 2089.000
-0.770 2084.000
-0.765 2079.000
-0.760 2074.000
-0.755 2069.000
-0.750 2064.000
-0.745 2058.500
-0.740 2053.500
-0.735 2048.500
-0.730 2043.000
-0.725 2038.000
-0.720 2033.000
-0.715 2027.500
-0.710 2022.500
-0.705 2017.000
-0.700 2012.000
-0.695 2006.500
-0.690 2001.000
-0.685 1996.000
-0.680 1990.500
-0.675 1985.000
-0.670 1979.500
-0.665 1974.500
-0.660 1969.000
-0.655 1963.500
-0.650 1958.000
-0.645 1952.500
-0.640 1947.000
-0.635 1941.500
-0.630 1936.000
-0.625 1930.000
-0.620 1924.500
-0.615 1919.000
-0.610 1913.500
-0.605 1907.500
-0.600 1902.000
-0.595 1896.000
-0.590 1890.500
-0.585 1884.500
-0.580 1879.000
-0.575 1873.000
-0.570 1867.000
-0.565 1861.000
-0.560 1855.000
-0.555 1849.000
-0.550 1843.500
-0.545 1837.000
-0.540 1831.000
-0.535 1825.000
-0.530 1819.000
-0.525 1813.000
-0.520 1806.500
-0.515 1800.500
-0.510 1794.000
-0.505 1788.000
-0.500 1781.500
-0.495 1775.500
-0.490 1769.000
-0.485 1762.500
-0.480 1756.000
-0.475 1749.500
-0.470 1743.000
-0.465 1736.500
-0.460 1730.000
-0.455 1723.000
-0.450 1716.500
-0.445 1709.500
-0.440 1703.000
-0.435 1696.000
-0.430 1689.000
-0.425 1682.000
-0.420 1675.000
-0.415 1668.000
-0.410 1661.000
-0.405 1654.000
-0.400 1646.500
-0.395 1639.500
-0.390 1632.000
-0.385 1624.500
-0.380 1617.500
-0.375 1610.000
-0.370 1602.000
-0.365 1594.500
-0.360 1587.000
-0.355 1579.000
-0.350 1571.500
-0.345 1563.500
-0.340 1555.500
-0.335 1547.500
-0.330 1539.000
-0.325 1531.000
-0.320 1522.500
-0.315 1514.500
-0.310 1506.000
-0.305 1497.500
-0.300 1488.500
-0.295 1480.000
-0.290 1471.000
-0.285 1462.000
-0.280 1453.000
-0.275 1444.000
-0.270 1434.500
-0.265 1425.000
-0.260 1415.500
-0.255 1406.000
-0.250 1396.000
-0.245 1386.000
-0.240 1376.000
-0.235 1365.500
-0.230 1355.333
-0.225 1345.000
-0.220 1334.000
-0.215 1323.000
-0.210 1312.000
-0.205 1300.667
-0.200 1289.333
-0.195 1277.667
-0.190 1265.667
-0.185 1253.333
-0.180 1241.000
-0.175 1228.333
-0.170 1215.333
-0.165 1202.000
-0.160 1188.667
-0.155 1174.667
-0.150 1160.667
-0.145 1146.000
-0.140 1131.000
-0.135 1115.667
-0.130 1100.000
-0.125 1083.667
-0.120 1067.000
-0.115 1049.667
-0.110 1031.667
-0.105 1013.333
-0.100 994.000
-0.095 974.000
-0.090 953.500
-0.085 932.000
-0.080 909.500
-0.075 885.750
-0.070 861.250
-0.065 835.250
-0.060 807.750
-0.055 778.750
-0.050 747.800
-0.045 714.800
-0.040 679.400
-0.035 641.000
-0.030 599.167
-0.025 553.143
-0.020 501.714
-0.015 443.000
