-3.500 5446.000
-3.495 5443.000
-3.490 5439.000
-3.485 5435.000
-3.480 5432.000
-3.475 5428.000
-3.470 5425.000
-3.465 5421.000
-3.460 5417.000
-3.455 5414.000
-3.450 5410.000
-3.445 5407.000
-3.440 5403.000
-3.435 5399.000
-3.430 5396.000
-3.425 5392.000
-3.420 5388.000
-3.415 5385.000
-3.410 5381.000
-3.405 5378.000
-3.400 5374.000
-3.395 5370.000
-3.390 5367.000
-3.385 5363.000
-3.380 5359.000
-3.375 5356.000
-3.370 5352.000
-3.365 5348.000
-3.360 5345.000
-3.355 5341.000
-3.350 5337.000
-3.345 5334.000
-3.340 5330.000
-3.335 5326.000
-3.330 5323.000
-3.325 5319.000
-3.320 5315.000
-3.315 5312.000
-3.310 5308.000
-3.305 5304.000
-3.300 5301.000
-3.295 5297.000
-3.290 5293.000
-3.285 5290.000
-3.280 5286.000
-3.275 5282.000
-3.270 5279.000
-3.265 5275.000
-3.260 5271.000
-3.255 5267.000
-3.250 5264.000
-3.245 5260.000
-3.240 5256.000
-3.235 5253.000
-3.230 5249.000
-3.225 5245.000
-3.220 5241.000
-3.215 5238.000
-3.210 5234.000
-3.205 5230.000
-3.200 5226.000
-3.195 5223.000
-3.190 5219.000
-3.185 5215.000
-3.180 5211.000
-3.175 5208.000
-3.170 5204.000
-3.165 5200.000
-3.160 5196.000
-3.155 5193.000
-3.150 5189.000
-3.145 5185.000
-3.140 5181.000
-3.135 5178.000
-3.130 5174.000
-3.125 5170.000
-3.120 5166.000
-3.115 5162.000
-3.110 5159.000
-3.105 5155.000
-3.100 5151.000
-3.095 5147.000
-3.090 5143.000
-3.085 5140.000
-3.080 5136.000
-3.075 5132.000
-3.070 5128.000
-3.065 5124.000
-3.060 5121.000
-3.055 5117.000
-3.050 5113.000
-3.045 5109.000
-3.040 5105.000
-3.035 5102.000
-3.030 5098.000
-3.025 5094.000
-3.020 5090.000
-3.015 5086.000
-3.010 5082.000
-3.005 5078.000
-3.000 5075.000
-2.995 5071.000
-2.990 5067.000
-2.985 5063.000
-2.980 5059.000
-2.975 5055.000
-2.970 5051.000
-2.965 5048.000
-2.960 5044.000
-2.955 5040.000
-2.950 5036.000
-2.945 5032.000
-2.940 5028.000
-2.935 5024.000
-2.930 5020.000
-2.925 5016.000
-2.920 5013.000
-2.915 5009.000
-2.910 5005.000
-2.905 5001.000
-2.900 4997.000
-2.895 4993.000
-2.890 4989.000
-2.885 4985.000
-2.880 4981.000
-2.875 4977.000
-2.870 4973.000
-2.865 4970.000
-2.860 4966.000
-2.855 4962.000
-2.850 4958.000
-2.845 4954.000
-2.840 4950.000
-2.835 4946.000
-2.830 4942.000
-2.825 4938.000
-2.820 4934.000
-2.815 4930.000
-2.810 4926.000
-2.805 4922.000
-2.800 4918.000
-2.795 4914.000
-2.790 4910.000
-2.785 4906.000
-2.780 4902.000
-2.775 4898.000
-2.770 4894.000
-2.765 4890.000
-2.760 4886.000
-2.755 4882.000
-2.750 4878.000
-2.745 4874.000
-2.740 4870.000
-2.735 4866.000
-2.730 4862.000
-2.725 4858.000
-2.720 4854.000
-2.715 4850.000
-2.710 4846.000
-2.705 4842.000
-2.700 4838.000
-2.695 4834.000
-2.690 4830.000
-2.685 4826.000
-2.680 4822.000
-2.675 4818.000
-2.670 4814.000
-2.665 4810.000
-2.660 4806.000
-2.655 4802.000
-2.650 4797.000
-2.645 4793.000
-2.640 4789.000
-2.635 4785.000
-2.630 4781.000
-2.625 4777.000
-2.620 4773.000
-2.615 4769.000
-2.610 4765.000
-2.605 4761.000
-2.600 4757.000
-2.595 4752.000
-2.590 4748.000
-2.585 4744.000
-2.580 4740.000
-2.575 4736.000
-2.570 4732.000
-2.565 4728.000
-2.560 4724.000
-2.555 4719.000
-2.550 4715.000
-2.545 4711.000
-2.540 4707.000
-2.535 4703.000
-2.530 4699.000
-2.525 4695.000
-2.520 4690.000
-2.515 4686.000
-2.510 4682.000
-2.505 4678.000
-2.500 4674.000
-2.495 4670.000
-2.490 4665.000
-2.485 4661.000
-2.480 4657.000
-2.475 4653.000
-2.470 4649.000
-2.465 4644.000
-2.460 4640.000
-2.455 4636.000
-2.450 4632.000
-2.445 4628.000
-2.440 4623.000
-2.435 4619.000
-2.430 4615.000
-2.425 4611.000
-2.420 4606.000
-2.415 4602.000
-2.410 4598.000
-2.405 4594.000
-2.400 4589.000
-2.395 4585.000
-2.390 4581.000
-2.385 4577.000
-2.380 4572.000
-2.375 4568.000
-2.370 4564.000
-2.365 4560.000
-2.360 4555.000
-2.355 4551.000
-2.350 4547.000
-2.345 4542.000
-2.340 4538.000
-2.335 4534.000
-2.330 4530.000
-2.325 4525.000
-2.320 4521.000
-2.315 4517.000
-2.310 4512.000
-2.305 4508.000
-2.300 4504.000
-2.295 4499.000
-2.290 4495.000
-2.285 4491.000
-2.280 4486.000
-2.275 4482.000
-2.270 4478.000
-2.265 4473.000
-2.260 4469.000
-2.255 4464.000
-2.250 4460.000
-2.245 4456.000
-2.240 4451.000
-2.235 4447.000
-2.230 4443.000
-2.225 4438.000
-2.220 4434.000
-2.215 4429.000
-2.210 4425.000
-2.205 4421.000
-2.200 4416.000
-2.195 4412.000
-2.190 4407.000
-2.185 4403.000
-2.180 4398.000
-2.175 4394.000
-2.170 4390.000
-2.165 4385.000
-2.160 4381.000
-2.155 4376.000
-2.150 4372.000
-2.145 4367.000
-2.140 4363.000
-2.135 4358.000
-2.130 4354.000
-2.125 4349.000
-2.120 4345.000
-2.115 4341.000
-2.110 4336.000
-2.105 4332.000
-2.100 4327.000
-2.095 4323.000
-2.090 4318.000
-2.085 4313.000
-2.080 4309.000
-2.075 4304.000
-2.070 4300.000
-2.065 4295.000
-2.060 4291.000
-2.055 4286.000
-2.050 4282.000
-2.045 4277.000
-2.040 4273.000
-2.035 4268.000
-2.030 4264.000
-2.025 4259.000
-2.020 4254.000
-2.015 4250.000
-2.010 4245.000
-2.005 4241.000
-2.000 4236.000
-1.995 4231.000
-1.990 4227.000
-1.985 4222.000
-1.980 4218.000
-1.975 4213.000
-1.970 4208.000
-1.965 4204.000
-1.960 4199.000
-1.955 4194.000
-1.950 4190.000
-1.945 4185.000
-1.940 4181.000
-1.935 4176.000
-1.930 4171.000
-1.925 4167.000
-1.920 4162.000
-1.915 4157.000
-1.910 4153.000
-1.905 4148.000
-1.900 4143.000
-1.895 4138.000
-1.890 4134.000
-1.885 4129.000
-1.880 4124.000
-1.875 4120.000
-1.870 4115.000
-1.865 4110.000
-1.860 4105.000
-1.855 4101.000
-1.850 4096.000
-1.845 4091.000
-1.840 4086.000
-1.835 4082.000
-1.830 4077.000
-1.825 4072.000
-1.820 4067.000
-1.815 4063.000
-1.810 4058.000
-1.805 4053.000
-1.800 4048.000
-1.795 4043.000
-1.790 4039.000
-1.785 4034.000
-1.780 4029.000
-1.775 4024.000
-1.770 4019.000
-1.765 4014.000
-1.760 4010.000
-1.755 4005.000
-1.750 4000.000
-1.745 3995.000
-1.740 3990.000
-1.735 3985.000
-1.730 3980.000
-1.725 3975.000
-1.720 3971.000
-1.715 3966.000
-1.710 3961.000
-1.705 3956.000
-1.700 3951.000
-1.695 3946.000
-1.690 3941.000
-1.685 3936.000
-1.680 3931.000
-1.675 3926.000
-1.670 3921.000
-1.665 3916.000
-1.660 3911.000
-1.655 3906.000
-1.650 3901.000
-1.645 3896.000
-1.640 3891.000
-1.635 3886.000
-1.630 3881.000
-1.625 3876.000
-1.620 3871.000
-1.615 3866.000
-1.610 3861.000
-1.605 3856.000
-1.600 3851.000
-1.595 3846.000
-1.590 3841.000
-1.585 3836.000
-1.580 3831.000
-1.575 3826.000
-1.570 3821.000
-1.565 3816.000
-1.560 3811.000
-1.555 3806.000
-1.550 3800.500
-1.545 3795.000
-1.540 3790.000
-1.535 3785.000
-1.530 3780.000
-1.525 3775.000
-1.520 3770.000
-1.515 3764.500
-1.510 3759.000
-1.505 3754.000
-1.500 3749.000
-1.495 3744.000
-1.490 3739.000
-1.485 3733.000
-1.480 3728.000
-1.475 3723.000
-1.470 3718.000
-1.465 3712.500
-1.460 3707.000
-1.455 3702.000
-1.450 3697.000
-1.445 3691.500
-1.440 3686.000
-1.435 3681.000
-1.430 3676.000
-1.425 3670.000
-1.420 3665.000
-1.415 3660.000
-1.410 3654.500
-1.405 3649.000
-1.400 3644.000
-1.395 3638.500
-1.390 3633.000
-1.385 3628.000
-1.380 3622.000
-1.375 3617.000
-1.370 3612.000
-1.365 3606.000
-1.360 3601.000
-1.355 3595.500
-1.350 3590.000
-1.345 3584.500
-1.340 3579.000
-1.335 3574.000
-1.330 3568.000
-1.325 3563.000
-1.320 3557.000
-1.315 3552.000
-1.310 3546.000
-1.305 3541.000
-1.300 3535.500
-1.295 3530.000
-1.290 3524.000
-1.285 3519.000
-1.280 3513.000
-1.275 3508.000
-1.270 3502.000
-1.265 3496.500
-1.260 3491.000
-1.255 3485.500
-1.250 3480.000
-1.245 3474.000
-1.240 3469.000
-1.235 3463.000
-1.230 3457.500
-1.225 3452.000
-1.220 3446.000
-1.215 3440.500
-1.210 3435.000
-1.205 3429.000
-1.200 3423.500
-1.195 3418.000
-1.190 3412.000
-1.185 3406.000
-1.180 3400.500
-1.175 3395.000
-1.170 3389.000
-1.165 3383.000
-1.160 3377.500
-1.155 3372.000
-1.150 3366.000
-1.145 3360.000
-1.140 3354.000
-1.135 3348.500
-1.130 3342.500
-1.125 3337.000
-1.120 3331.000
-1.115 3325.000
-1.110 3319.000
-1.105 3313.000
-1.100 3307.000
-1.095 3301.500
-1.090 3295.500
-1.085 3289.500
-1.080 3283.500
-1.075 3277.500
-1.070 3271.500
-1.065 3265.500
-1.060 3259.500
-1.055 3253.500
-1.050 3247.500
-1.045 3241.500
-1.040 3235.500
-1.035 3229.000
-1.030 3223.000
-1.025 3217.000
-1.020 3211.000
-1.015 3205.000
-1.010 3199.000
-1.005 3192.500
-1.000 3186.500
-0.995 3180.000
-0.990 3174.000
-0.985 3168.000
-0.980 3161.500
-0.975 3155.500
-0.970 3149.000
-0.965 3143.000
-0.960 3136.500
-0.955 3130.000
-0.950 3124.000
-0.945 3117.500
-0.940 3111.500
-0.935 3105.000
-0.930 3098.500
-0.925 3092.000
-0.920 3086.000
-0.915 3079.500
-0.910 3073.000
-0.905 3066.500
-0.900 3060.000
-0.895 3053.500
-0.890 3047.000
-0.885 3040.500
-0.880 3034.000
-0.875 3027.500
-0.870 3021.000
-0.865 3014.000
-0.860 3007.500
-0.855 3001.000
-0.850 2994.500
-0.845 2988.000
-0.840 2981.000
-0.835 2974.500
-0.830 2967.500
-0.825 2961.000
-0.820 2954.000
-0.815 2947.500
-0.810 2940.500
-0.805 2934.000
-0.800 2927.000
-0.795 2920.000
-0.790 2913.000
-0.785 2906.500
-0.780 2899.500
-0.775 2892.500
-0.770 2885.500
-0.765 2878.500
-0.760 2871.500
-0.755 2864.500
-0.750 2857.500
-0.745 2850.500
-0.740 2843.000
-0.735 2836.000
-0.730 2829.000
-0.725 2822.000
-0.720 2814.500
-0.715 2807.500
-0.710 2800.000
-0.705 2793.000
-0.700 2785.500
-0.695 2778.000
-0.690 2771.000
-0.685 2763.500
-0.680 2756.000
-0.675 2748.500
-0.670 2741.000
-0.665 2733.500
-0.660 2726.000
-0.655 2718.500
-0.650 2711.000
-0.645 2703.500
-0.640 2696.000
-0.635 2688.000
-0.630 2680.500
-0.625 2672.500
-0.620 2665.000
-0.615 2657.000
-0.610 2649.500
-0.605 2641.500
-0.600 2633.500
-0.595 2625.500
-0.590 2617.500
-0.585 2609.500
-0.580 2601.500
-0.575 2593.500
-0.570 2585.500
-0.565 2577.000
-0.560 2569.000
-0.555 2561.000
-0.550 2552.500
-0.545 2544.000
-0.540 2536.000
-0.535 2527.500
-0.530 2519.000
-0.525 2510.500
-0.520 2502.000
-0.515 2493.500
-0.510 2484.500
-0.505 2476.000
-0.500 2467.500
-0.495 2458.500
-0.490 2449.500
-0.485 2440.500
-0.480 2432.000
-0.475 2423.000
-0.470 2414.000
-0.465 2404.500
-0.460 2395.500
-0.455 2386.500
-0.450 2377.000
-0.445 2367.500
-0.440 2358.000
-0.435 2349.000
-0.430 2339.000
-0.425 2329.500
-0.420 2320.000
-0.415 2310.000
-0.410 2300.500
-0.405 2290.500
-0.400 2280.500
-0.395 2270.500
-0.390 2260.500
-0.385 2250.000
-0.380 2240.000
-0.375 2229.500
-0.370 2219.000
-0.365 2208.500
-0.360 2198.000
-0.355 2187.000
-0.350 2176.500
-0.345 2165.500
-0.340 2154.500
-0.335 2143.000
-0.330 2132.000
-0.325 2120.500
-0.320 2109.000
-0.315 2097.500
-0.310 2086.000
-0.305 2074.000
-0.300 2062.000
-0.295 2050.000
-0.290 2037.500
-0.285 2025.000
-0.280 2012.500
-0.275 2000.000
-0.270 1987.000
-0.265 1974.000
-0.260 1961.000
-0.255 1947.500
-0.250 1934.000
-0.245 1920.000
-0.240 1906.000
-0.235 1892.000
-0.230 1877.667
-0.225 1863.000
-0.220 1848.000
-0.215 1833.000
-0.210 1817.667
-0.205 1802.000
-0.200 1786.333
-0.195 1770.000
-0.190 1753.667
-0.185 1736.667
-0.180 1719.667
-0.175 1702.000
-0.170 1684.000
-0.165 1665.667
-0.160 1647.000
-0.155 1628.000
-0.150 1608.333
-0.145 1588.000
-0.140 1567.333
-0.135 1546.333
-0.130 1524.333
-0.125 1502.000
-0.120 1478.667
-0.115 1454.667
-0.110 1430.000
-0.105 1404.500
-0.100 1378.000
-0.095 1350.333
-0.090 1321.750
-0.085 1292.000
-0.080 1260.750
-0.075 1228.250
-0.070 1194.000
-0.065 1158.000
-0.060 1120.000
-0.055 1080.000
-0.050 1037.200
-0.045 991.400
-0.040 942.400
-0.035 889.200
-0.030 831.333
-0.025 767.429
-0.020 696.000
-0.015 614.750
