-3.500 5893.000
-3.495 5889.000
-3.490 5885.000
-3.485 5881.000
-3.480 5877.000
-3.475 5873.000
-3.470 5869.000
-3.465 5865.000
-3.460 5862.000
-3.455 5858.000
-3.450 5854.000
-3.445 5850.000
-3.440 5846.000
-3.435 5842.000
-3.430 5838.000
-3.425 5834.000
-3.420 5830.000
-3.415 5826.000
-3.410 5823.000
-3.405 5819.000
-3.400 5815.000
-3.395 5811.000
-3.390 5807.000
-3.385 5803.000
-3.380 5799.000
-3.375 5795.000
-3.370 5791.000
-3.365 5787.000
-3.360 5783.000
-3.355 5779.000
-3.350 5775.000
-3.345 5772.000
-3.340 5768.000
-3.335 5764.000
-3.330 5760.000
-3.325 5756.000
-3.320 5752.000
-3.315 5748.000
-3.310 5744.000
-3.305 5740.000
-3.300 5736.000
-3.295 5732.000
-3.290 5728.000
-3.285 5724.000
-3.280 5720.000
-3.275 5716.000
-3.270 5712.000
-3.265 5708.000
-3.260 5704.000
-3.255 5700.000
-3.250 5696.000
-3.245 5692.000
-3.240 5688.000
-3.235 5684.000
-3.230 5680.000
-3.225 5676.000
-3.220 5672.000
-3.215 5668.000
-3.210 5664.000
-3.205 5660.000
-3.200 5656.000
-3.195 5652.000
-3.190 5648.000
-3.185 5644.000
-3.180 5640.000
-3.175 5636.000
-3.170 5632.000
-3.165 5628.000
-3.160 5624.000
-3.155 5620.000
-3.150 5615.000
-3.145 5611.000
-3.140 5607.000
-3.135 5603.000
-3.130 5599.000
-3.125 5595.000
-3.120 5591.000
-3.115 5587.000
-3.110 5583.000
-3.105 5579.000
-3.100 5575.000
-3.095 5571.000
-3.090 5567.000
-3.085 5562.000
-3.080 5558.000
-3.075 5554.000
-3.070 5550.000
-3.065 5546.000
-3.060 5542.000
-3.055 5538.000
-3.050 5534.000
-3.045 5530.000
-3.040 5525.000
-3.035 5521.000
-3.030 5517.000
-3.025 5513.000
-3.020 5509.000
-3.015 5505.000
-3.010 5501.000
-3.005 5496.000
-3.000 5492.000
-2.995 5488.000
-2.990 5484.000
-2.985 5480.000
-2.980 5476.000
-2.975 5472.000
-2.970 5467.000
-2.965 5463.000
-2.960 5459.000
-2.955 5455.000
-2.950 5451.000
-2.945 5446.000
-2.940 5442.000
-2.935 5438.000
-2.930 5434.000
-2.925 5430.000
-2.920 5425.000
-2.915 5421.000
-2.910 5417.000
-2.905 5413.000
-2.900 5409.000
-2.895 5404.000
-2.890 5400.000
-2.885 5396.000
-2.880 5392.000
-2.875 5387.000
-2.870 5383.000
-2.865 5379.000
-2.860 5375.000
-2.855 5371.000
-2.850 5366.000
-2.845 5362.000
-2.840 5358.000
-2.835 5354.000
-2.830 5349.000
-2.825 5345.000
-2.820 5341.000
-2.815 5336.000
-2.810 5332.000
-2.805 5328.000
-2.800 5324.000
-2.795 5319.000
-2.790 5315.000
-2.785 5311.000
-2.780 5306.000
-2.775 5302.000
-2.770 5298.000
-2.765 5294.000
-2.760 5289.000
-2.755 5285.000
-2.750 5281.000
-2.745 5276.000
-2.740 5272.000
-2.735 5268.000
-2.730 5263.000
-2.725 5259.000
-2.720 5255.000
-2.715 5250.000
-2.710 5246.000
-2.705 5242.000
-2.700 5237.000
-2.695 5233.000
-2.690 5228.000
-2.685 5224.000
-2.680 5220.000
-2.675 5215.000
-2.670 5211.000
-2.665 5207.000
-2.660 5202.000
-2.655 5198.000
-2.650 5193.000
-2.645 5189.000
-2.640 5185.000
-2.635 5180.000
-2.630 5176.000
-2.625 5171.000
-2.620 5167.000
-2.615 5163.000
-2.610 5158.000
-2.605 5154.000
-2.600 5149.000
-2.595 5145.000
-2.590 5140.000
-2.585 5136.000
-2.580 5132.000
-2.575 5127.000
-2.570 5123.000
-2.565 5118.000
-2.560 5114.000
-2.555 5109.000
-2.550 5105.000
-2.545 5100.000
-2.540 5096.000
-2.535 5091.000
-2.530 5087.000
-2.525 5082.000
-2.520 5078.000
-2.515 5073.000
-2.510 5069.000
-2.505 5064.000
-2.500 5060.000
-2.495 5055.000
-2.490 5051.000
-2.485 5046.000
-2.480 5042.000
-2.475 5037.000
-2.470 5033.000
-2.465 5028.000
-2.460 5024.000
-2.455 5019.000
-2.450 5015.000
-2.445 5010.000
-2.440 5006.000
-2.435 5001.000
-2.430 4996.000
-2.425 4992.000
-2.420 4987.000
-2.415 4983.000
-2.410 4978.000
-2.405 4973.000
-2.400 4969.000
-2.395 4964.000
-2.390 4960.000
-2.385 4955.000
-2.380 4951.000
-2.375 4946.000
-2.370 4941.000
-2.365 4937.000
-2.360 4932.000
-2.355 4927.000
-2.350 4923.000
-2.345 4918.000
-2.340 4914.000
-2.335 4909.000
-2.330 4904.000
-2.325 4900.000
-2.320 4895.000
-2.315 4890.000
-2.310 4886.000
-2.305 4881.000
-2.300 4876.000
-2.295 4872.000
-2.290 4867.000
-2.285 4862.000
-2.280 4857.000
-2.275 4853.000
-2.270 4848.000
-2.265 4843.000
-2.260 4839.000
-2.255 4834.000
-2.250 4829.000
-2.245 4825.000
-2.240 4820.000
-2.235 4815.000
-2.230 4810.000
-2.225 4806.000
-2.220 4801.000
-2.215 4796.000
-2.210 4791.000
-2.205 4787.000
-2.200 4782.000
-2.195 4777.000
-2.190 4772.000
-2.185 4767.000
-2.180 4763.000
-2.175 4758.000
-2.170 4753.000
-2.165 4748.000
-2.160 4743.000
-2.155 4739.000
-2.150 4734.000
-2.145 4729.000
-2.140 4724.000
-2.135 4719.000
-2.130 4715.000
-2.125 4710.000
-2.120 4705.000
-2.115 4700.000
-2.110 4695.000
-2.105 4690.000
-2.100 4685.000
-2.095 4681.000
-2.090 4676.000
-2.085 4671.000
-2.080 4666.000
-2.075 4661.000
-2.070 4656.000
-2.065 4651.000
-2.060 4646.000
-2.055 4641.000
-2.050 4637.000
-2.045 4632.000
-2.040 4627.000
-2.035 4622.000
-2.030 4617.000
-2.025 4612.000
-2.020 4607.000
-2.015 4602.000
-2.010 4597.000
-2.005 4592.000
-2.000 4587.000
-1.995 4582.000
-1.990 4577.000
-1.985 4572.000
-1.980 4567.000
-1.975 4562.000
-1.970 4557.000
-1.965 4552.000
-1.960 4547.000
-1.955 4542.000
-1.950 4537.000
-1.945 4532.000
-1.940 4527.000
-1.935 4522.000
-1.930 4517.000
-1.925 4512.000
-1.920 4507.000
-1.915 4502.000
-1.910 4497.000
-1.905 4492.000
-1.900 4487.000
-1.895 4482.000
-1.890 4477.000
-1.885 4471.000
-1.880 4466.000
-1.875 4461.000
-1.870 4456.000
-1.865 4451.000
-1.860 4446.000
-1.855 4441.000
-1.850 4436.000
-1.845 4431.000
-1.840 4425.000
-1.835 4420.000
-1.830 4415.000
-1.825 4410.000
-1.820 4405.000
-1.815 4400.000
-1.810 4394.000
-1.805 4389.000
-1.800 4384.000
-1.795 4379.000
-1.790 4374.000
-1.785 4368.000
-1.780 4363.000
-1.775 4358.000
-1.770 4353.000
-1.765 4348.000
-1.760 4342.000
-1.755 4337.000
-1.750 4332.000
-1.745 4327.000
-1.740 4321.000
-1.735 4316.000
-1.730 4311.000
-1.725 4305.000
-1.720 4300.000
-1.715 4295.000
-1.710 4290.000
-1.705 4284.000
-1.700 4279.000
-1.695 4274.000
-1.690 4268.000
-1.685 4263.000
-1.680 4258.000
-1.675 4252.000
-1.670 4247.000
-1.665 4241.500
-1.660 4236.000
-1.655 4231.000
-1.650 4225.000
-1.645 4220.000
-1.640 4215.000
-1.635 4209.000
-1.630 4204.000
-1.625 4198.000
-1.620 4193.000
-1.615 4187.500
-1.610 4182.000
-1.605 4177.000
-1.600 4171.000
-1.595 4166.000
-1.590 4160.000
-1.585 4155.000
-1.580 4149.000
-1.575 4144.000
-1.570 4138.000
-1.565 4133.000
-1.560 4127.000
-1.555 4122.000
-1.550 4116.000
-1.545 4111.000
-1.540 4105.000
-1.535 4100.000
-1.530 4094.000
-1.525 4088.500
-1.520 4083.000
-1.515 4077.000
-1.510 4072.000
-1.505 4066.000
-1.500 4060.500
-1.495 4055.000
-1.490 4049.000
-1.485 4044.000
-1.480 4038.000
-1.475 4032.000
-1.470 4027.000
-1.465 4021.000
-1.460 4015.000
-1.455 4010.000
-1.450 4004.000
-1.445 3998.000
-1.440 3993.000
-1.435 3987.000
-1.430 3981.000
-1.425 3975.500
-1.420 3970.000
-1.415 3964.000
-1.410 3958.000
-1.405 3952.500
-1.400 3947.000
-1.395 3941.000
-1.390 3935.000
-1.385 3929.000
-1.380 3923.500
-1.375 3918.000
-1.370 3912.000
-1.365 3906.000
-1.360 3900.000
-1.355 3894.000
-1.350 3888.500
-1.345 3883.000
-1.340 3877.000
-1.335 3871.000
-1.330 3865.000
-1.325 3859.000
-1.320 3853.000
-1.315 3847.000
-1.310 3841.000
-1.305 3835.000
-1.300 3829.500
-1.295 3823.500
-1.290 3817.500
-1.285 3811.500
-1.280 3805.500
-1.275 3799.500
-1.270 3793.500
-1.265 3787.500
-1.260 3781.500
-1.255 3775.500
-1.250 3769.000
-1.245 3763.000
-1.240 3757.000
-1.235 3751.000
-1.230 3745.000
-1.225 3739.000
-1.220 3733.000
-1.215 3727.000
-1.210 3720.500
-1.205 3714.000
-1.200 3708.000
-1.195 3702.000
-1.190 3696.000
-1.185 3690.000
-1.180 3683.500
-1.175 3677.000
-1.170 3671.000
-1.165 3665.000
-1.160 3658.500
-1.155 3652.000
-1.150 3646.000
-1.145 3640.000
-1.140 3633.500
-1.135 3627.000
-1.130 3621.000
-1.125 3614.500
-1.120 3608.000
-1.115 3602.000
-1.110 3595.000
-1.105 3589.000
-1.100 3582.500
-1.095 3576.000
-1.090 3570.000
-1.085 3563.000
-1.080 3557.000
-1.075 3550.500
-1.070 3544.000
-1.065 3537.500
-1.060 3531.000
-1.055 3524.500
-1.050 3518.000
-1.045 3511.000
-1.040 3505.000
-1.035 3498.000
-1.030 3491.500
-1.025 3485.000
-1.020 3478.500
-1.015 3472.000
-1.010 3465.000
-1.005 3458.500
-1.000 3452.000
-0.995 3445.000
-0.990 3438.500
-0.985 3431.500
-0.980 3425.000
-0.975 3418.000
-0.970 3411.500
-0.965 3404.500
-0.960 3398.000
-0.955 3391.000
-0.950 3384.000
-0.945 3377.000
-0.940 3370.500
-0.935 3363.500
-0.930 3356.500
-0.925 3350.000
-0.920 3343.000
-0.915 3336.000
-0.910 3329.000
-0.905 3322.000
-0.900 3315.000
-0.895 3308.000
-0.890 3301.000
-0.885 3294.000
-0.880 3287.000
-0.875 3279.500
-0.870 3272.500
-0.865 3265.500
-0.860 3258.000
-0.855 3251.000
-0.850 3244.000
-0.845 3236.500
-0.840 3229.500
-0.835 3222.000
-0.830 3215.000
-0.825 3207.500
-0.820 3200.500
-0.815 3193.000
-0.810 3185.500
-0.805 3178.000
-0.800 3171.000
-0.795 3163.500
-0.790 3156.000
-0.785 3148.500
-0.780 3141.000
-0.775 3133.500
-0.770 3126.000
-0.765 3118.500
-0.760 3111.000
-0.755 3103.000
-0.750 3095.500
-0.745 3088.000
-0.740 3080.000
-0.735 3072.500
-0.730 3065.000
-0.725 3057.000
-0.720 3049.000
-0.715 3041.500
-0.710 3033.500
-0.705 3025.500
-0.700 3018.000
-0.695 3010.000
-0.690 3002.000
-0.685 2994.000
-0.680 2986.000
-0.675 2978.000
-0.670 2969.500
-0.665 2961.500
-0.660 2953.500
-0.655 2945.500
-0.650 2937.000
-0.645 2929.000
-0.640 2920.500
-0.635 2912.500
-0.630 2904.000
-0.625 2895.500
-0.620 2887.000
-0.615 2878.500
-0.610 2870.500
-0.605 2861.500
-0.600 2853.000
-0.595 2844.500
-0.590 2836.000
-0.585 2827.500
-0.580 2818.500
-0.575 2810.000
-0.570 2801.000
-0.565 2792.000
-0.560 2783.500
-0.555 2774.500
-0.550 2765.500
-0.545 2756.500
-0.540 2747.500
-0.535 2738.000
-0.530 2729.000
-0.525 2720.000
-0.520 2710.500
-0.515 2701.500
-0.510 2692.000
-0.505 2682.500
-0.500 2673.000
-0.495 2663.500
-0.490 2654.000
-0.485 2644.500
-0.480 2635.000
-0.475 2625.000
-0.470 2615.000
-0.465 2605.500
-0.460 2595.500
-0.455 2585.500
-0.450 2575.500
-0.445 2565.500
-0.440 2555.000
-0.435 2545.000
-0.430 2534.500
-0.425 2524.000
-0.420 2513.500
-0.415 2503.000
-0.410 2492.500
-0.405 2482.000
-0.400 2471.000
-0.395 2460.000
-0.390 2449.000
-0.385 2438.000
-0.380 2427.000
-0.375 2415.500
-0.370 2404.500
-0.365 2393.000
-0.360 2381.500
-0.355 2370.000
-0.350 2358.000
-0.345 2346.500
-0.340 2334.500
-0.335 2322.500
-0.330 2310.000
-0.325 2298.000
-0.320 2285.500
-0.315 2273.000
-0.310 2260.000
-0.305 2247.500
-0.300 2234.500
-0.295 2221.000
-0.290 2208.000
-0.285 2194.500
-0.280 2181.000
-0.275 2167.000
-0.270 2153.500
-0.265 2139.000
-0.260 2125.000
-0.255 2110.333
-0.250 2095.667
-0.245 2081.000
-0.240 2065.667
-0.235 2050.333
-0.230 2035.000
-0.225 2019.000
-0.220 2003.000
-0.215 1986.667
-0.210 1970.000
-0.205 1953.000
-0.200 1936.000
-0.195 1918.333
-0.190 1900.333
-0.185 1882.000
-0.180 1863.667
-0.175 1844.667
-0.170 1825.333
-0.165 1805.333
-0.160 1785.000
-0.155 1764.333
-0.150 1743.000
-0.145 1721.333
-0.140 1699.000
-0.135 1676.000
-0.130 1652.333
-0.125 1628.000
-0.120 1602.667
-0.115 1577.000
-0.110 1550.000
-0.105 1522.333
-0.100 1493.750
-0.095 1464.000
-0.090 1433.000
-0.085 1400.500
-0.080 1367.000
-0.075 1331.500
-0.070 1294.500
-0.065 1255.500
-0.060 1214.500
-0.055 1171.000
-0.050 1124.600
-0.045 1075.200
-0.040 1022.000
-0.035 964.333
-0.030 901.500
-0.025 832.333
-0.020 755.000
-0.015 666.750
