-3.500 4547.000
-3.495 4544.000
-3.490 4541.000
-3.485 4538.000
-3.480 4535.000
-3.475 4532.000
-3.470 4529.000
-3.465 4526.000
-3.460 4523.000
-3.455 4520.000
-3.450 4516.000
-3.445 4513.000
-3.440 4510.000
-3.435 4507.000
-3.430 4504.000
-3.425 4501.000
-3.420 4498.000
-3.415 4495.000
-3.410 4492.000
-3.405 4489.000
-3.400 4486.000
-3.395 4483.000
-3.390 4480.000
-3.385 4477.000
-3.380 4474.000
-3.375 4471.000
-3.370 4468.000
-3.365 4465.000
-3.360 4461.000
-3.355 4458.000
-3.350 4455.000
-3.345 4452.000
-3.340 4449.000
-3.335 4446.000
-3.330 4443.000
-3.325 4440.000
-3.320 4437.000
-3.315 4434.000
-3.310 4431.000
-3.305 4428.000
-3.300 4424.000
-3.295 4421.000
-3.290 4418.000
-3.285 4415.000
-3.280 4412.000
-3.275 4409.000
-3.270 4406.000
-3.265 4403.000
-3.260 4400.000
-3.255 4396.000
-3.250 4393.000
-3.245 4390.000
-3.240 4387.000
-3.235 4384.000
-3.230 4381.000
-3.225 4378.000
-3.220 4375.000
-3.215 4371.000
-3.210 4368.000
-3.205 4365.000
-3.200 4362.000
-3.195 4359.000
-3.190 4356.000
-3.185 4353.000
-3.180 4349.000
-3.175 4346.000
-3.170 4343.000
-3.165 4340.000
-3.160 4337.000
-3.155 4334.000
-3.150 4330.000
-3.145 4327.000
-3.140 4324.000
-3.135 4321.000
-3.130 4318.000
-3.125 4315.000
-3.120 4311.000
-3.115 4308.000
-3.110 4305.000
-3.105 4302.000
-3.100 4299.000
-3.095 4296.000
-3.090 4292.000
-3.085 4289.000
-3.080 4286.000
-3.075 4283.000
-3.070 4280.000
-3.065 4276.000
-3.060 4273.000
-3.055 4270.000
-3.050 4267.000
-3.045 4264.000
-3.040 4260.000
-3.035 4257.000
-3.030 4254.000
-3.025 4251.000
-3.020 4247.000
-3.015 4244.000
-3.010 4241.000
-3.005 4238.000
-3.000 4235.000
-2.995 4231.000
-2.990 4228.000
-2.985 4225.000
-2.980 4222.000
-2.975 4218.000
-2.970 4215.000
-2.965 4212.000
-2.960 4209.000
-2.955 4205.000
-2.950 4202.000
-2.945 4199.000
-2.940 4196.000
-2.935 4192.000
-2.930 4189.000
-2.925 4186.000
-2.920 4182.000
-2.915 4179.000
-2.910 4176.000
-2.905 4173.000
-2.900 4169.000
-2.895 4166.000
-2.890 4163.000
-2.885 4160.000
-2.880 4156.000
-2.875 4153.000
-2.870 4150.000
-2.865 4146.000
-2.860 4143.000
-2.855 4140.000
-2.850 4136.000
-2.845 4133.000
-2.840 4130.000
-2.835 4126.000
-2.830 4123.000
-2.825 4120.000
-2.820 4117.000
-2.815 4113.000
-2.810 4110.000
-2.805 4107.000
-2.800 4103.000
-2.795 4100.000
-2.790 4097.000
-2.785 4093.000
-2.780 4090.000
-2.775 4087.000
-2.770 4083.000
-2.765 4080.000
-2.760 4076.000
-2.755 4073.000
-2.750 4070.000
-2.745 4066.000
-2.740 4063.000
-2.735 4060.000
-2.730 4056.000
-2.725 4053.000
-2.720 4050.000
-2.715 4046.000
-2.710 4043.000
-2.705 4039.000
-2.700 4036.000
-2.695 4033.000
-2.690 4029.000
-2.685 4026.000
-2.680 4022.000
-2.675 4019.000
-2.670 4016.000
-2.665 4012.000
-2.660 4009.000
-2.655 4005.000
-2.650 4002.000
-2.645 3999.000
-2.640 3995.000
-2.635 3992.000
-2.630 3988.000
-2.625 3985.000
-2.620 3982.000
-2.615 3978.000
-2.610 3975.000
-2.605 3971.000
-2.600 3968.000
-2.595 3964.000
-2.590 3961.000
-2.585 3957.000
-2.580 3954.000
-2.575 3951.000
-2.570 3947.000
-2.565 3944.000
-2.560 3940.000
-2.555 3937.000
-2.550 3933.000
-2.545 3930.000
-2.540 3926.000
-2.535 3923.000
-2.530 3919.000
-2.525 3916.000
-2.520 3912.000
-2.515 3909.000
-2.510 3905.000
-2.505 3902.000
-2.500 3898.000
-2.495 3895.000
-2.490 3891.000
-2.485 3888.000
-2.480 3884.000
-2.475 3881.000
-2.470 3877.000
-2.465 3874.000
-2.460 3870.000
-2.455 3867.000
-2.450 3863.000
-2.445 3860.000
-2.440 3856.000
-2.435 3853.000
-2.430 3849.000
-2.425 3846.000
-2.420 3842.000
-2.415 3838.000
-2.410 3835.000
-2.405 3831.000
-2.400 3828.000
-2.395 3824.000
-2.390 3821.000
-2.385 3817.000
-2.380 3814.000
-2.375 3810.000
-2.370 3806.000
-2.365 3803.000
-2.360 3799.000
-2.355 3796.000
-2.350 3792.000
-2.345 3788.000
-2.340 3785.000
-2.335 3781.000
-2.330 3778.000
-2.325 3774.000
-2.320 3770.000
-2.315 3767.000
-2.310 3763.000
-2.305 3760.000
-2.300 3756.000
-2.295 3752.000
-2.290 3749.000
-2.285 3745.000
-2.280 3741.000
-2.275 3738.000
-2.270 3734.000
-2.265 3731.000
-2.260 3727.000
-2.255 3723.000
-2.250 3720.000
-2.245 3716.000
-2.240 3712.000
-2.235 3709.000
-2.230 3705.000
-2.225 3701.000
-2.220 3698.000
-2.215 3694.000
-2.210 3690.000
-2.205 3686.000
-2.200 3683.000
-2.195 3679.000
-2.190 3675.000
-2.185 3672.000
-2.180 3668.000
-2.175 3664.000
-2.170 3661.000
-2.165 3657.000
-2.160 3653.000
-2.155 3649.000
-2.150 3646.000
-2.145 3642.000
-2.140 3638.000
-2.135 3634.000
-2.130 3631.000
-2.125 3627.000
-2.120 3623.000
-2.115 3620.000
-2.110 3616.000
-2.105 3612.000
-2.100 3608.000
-2.095 3604.000
-2.090 3601.000
-2.085 3597.000
-2.080 3593.000
-2.075 3589.000
-2.070 3586.000
-2.065 3582.000
-2.060 3578.000
-2.055 3574.000
-2.050 3570.000
-2.045 3567.000
-2.040 3563.000
-2.035 3559.000
-2.030 3555.000
-2.025 3551.000
-2.020 3547.000
-2.015 3544.000
-2.010 3540.000
-2.005 3536.000
-2.000 3532.000
-1.995 3528.000
-1.990 3524.000
-1.985 3521.000
-1.980 3517.000
-1.975 3513.000
-1.970 3509.000
-1.965 3505.000
-1.960 3501.000
-1.955 3497.000
-1.950 3494.000
-1.945 3490.000
-1.940 3486.000
-1.935 3482.000
-1.930 3478.000
-1.925 3474.000
-1.920 3470.000
-1.915 3466.000
-1.910 3462.000
-1.905 3458.000
-1.900 3454.000
-1.895 3451.000
-1.890 3447.000
-1.885 3443.000
-1.880 3439.000
-1.875 3435.000
-1.870 3431.000
-1.865 3427.000
-1.860 3423.000
-1.855 3419.000
-1.850 3415.000
-1.845 3411.000
-1.840 3407.000
-1.835 3403.000
-1.830 3399.000
-1.825 3395.000
-1.820 3391.000
-1.815 3387.000
-1.810 3383.000
-1.805 3379.000
-1.800 3375.000
-1.795 3371.000
-1.790 3367.000
-1.785 3363.000
-1.780 3359.000
-1.775 3355.000
-1.770 3351.000
-1.765 3347.000
-1.760 3343.000
-1.755 3339.000
-1.750 3335.000
-1.745 3331.000
-1.740 3327.000
-1.735 3322.500
-1.730 3318.000
-1.725 3314.000
-1.720 3310.000
-1.715 3306.000
-1.710 3302.000
-1.705 3298.000
-1.700 3294.000
-1.695 3290.000
-1.690 3286.000
-1.685 3281.500
-1.680 3277.000
-1.675 3273.000
-1.670 3269.000
-1.665 3265.000
-1.660 3261.000
-1.655 3257.000
-1.650 3252.500
-1.645 3248.000
-1.640 3244.000
-1.635 3240.000
-1.630 3236.000
-1.625 3232.000
-1.620 3227.000
-1.615 3223.000
-1.610 3219.000
-1.605 3215.000
-1.600 3211.000
-1.595 3206.000
-1.590 3202.000
-1.585 3198.000
-1.580 3194.000
-1.575 3189.500
-1.570 3185.000
-1.565 3181.000
-1.560 3177.000
-1.555 3172.500
-1.550 3168.000
-1.545 3164.000
-1.540 3160.000
-1.535 3155.000
-1.530 3151.000
-1.525 3147.000
-1.520 3142.500
-1.515 3138.000
-1.510 3134.000
-1.505 3129.500
-1.500 3125.000
-1.495 3121.000
-1.490 3116.500
-1.485 3112.000
-1.480 3108.000
-1.475 3103.500
-1.470 3099.000
-1.465 3095.000
-1.460 3090.000
-1.455 3086.000
-1.450 3081.500
-1.445 3077.000
-1.440 3073.000
-1.435 3068.000
-1.430 3064.000
-1.425 3059.500
-1.420 3055.000
-1.415 3051.000
-1.410 3046.000
-1.405 3042.000
-1.400 3037.000
-1.395 3033.000
-1.390 3028.500
-1.385 3024.000
-1.380 3019.500
-1.375 3015.000
-1.370 3010.500
-1.365 3006.000
-1.360 3001.500
-1.355 2997.000
-1.350 2992.500
-1.345 2988.000
-1.340 2983.500
-1.335 2979.000
-1.330 2974.000
-1.325 2970.000
-1.320 2965.000
-1.315 2960.500
-1.310 2956.000
-1.305 2951.500
-1.300 2947.000
-1.295 2942.000
-1.290 2938.000
-1.285 2933.000
-1.280 2928.500
-1.275 2924.000
-1.270 2919.000
-1.265 2914.500
-1.260 2910.000
-1.255 2905.000
-1.250 2900.500
-1.245 2896.000
-1.240 2891.000
-1.235 2886.500
-1.230 2882.000
-1.225 2877.000
-1.220 2872.000
-1.215 2867.500
-1.210 2863.000
-1.205 2858.000
-1.200 2853.500
-1.195 2848.500
-1.190 2844.000
-1.185 2839.000
-1.180 2834.000
-1.175 2829.500
-1.170 2825.000
-1.165 2820.000
-1.160 2815.000
-1.155 2810.000
-1.150 2805.500
-1.145 2800.500
-1.140 2796.000
-1.135 2791.000
-1.130 2786.000
-1.125 2781.000
-1.120 2776.000
-1.115 2771.000
-1.110 2766.500
-1.105 2761.500
-1.100 2756.500
-1.095 2751.500
-1.090 2746.500
-1.085 2741.500
-1.080 2736.500
-1.075 2732.000
-1.070 2727.000
-1.065 2722.000
-1.060 2716.500
-1.055 2711.500
-1.050 2706.500
-1.045 2701.500
-1.040 2696.500
-1.035 2691.500
-1.030 2686.500
-1.025 2681.000
-1.020 2676.000
-1.015 2671.000
-1.010 2666.000
-1.005 2661.000
-1.000 2655.500
-0.995 2650.500
-0.990 2645.500
-0.985 2640.000
-0.980 2635.000
-0.975 2630.000
-0.970 2624.500
-0.965 2619.500
-0.960 2614.000
-0.955 2609.000
-0.950 2603.500
-0.945 2598.000
-0.940 2593.000
-0.935 2588.000
-0.930 2582.500
-0.925 2577.000
-0.920 2572.000
-0.915 2566.500
-0.910 2561.000
-0.905 2555.500
-0.900 2550.000
-0.895 2545.000
-0.890 2539.500
-0.885 2534.000
-0.880 2528.500
-0.875 2523.000
-0.870 2517.500
-0.865 2512.000
-0.860 2506.500
-0.855 2501.000
-0.850 2495.500
-0.845 2490.000
-0.840 2484.500
-0.835 2479.000
-0.830 2473.000
-0.825 2467.500
-0.820 2462.000
-0.815 2456.000
-0.810 2450.500
-0.805 2445.000
-0.800 2439.000
-0.795 2433.500
-0.790 2428.000
-0.785 2422.000
-0.780 2416.000
-0.775 2410.500
-0.770 2404.500
-0.765 2399.000
-0.760 2393.000
-0.755 2387.000
-0.750 2381.000
-0.745 2375.500
-0.740 2369.500
-0.735 2363.500
-0.730 2357.500
-0.725 2351.500
-0.720 2345.500
-0.715 2339.500
-0.710 2333.500
-0.705 2327.500
-0.700 2321.500
-0.695 2315.000
-0.690 2309.000
-0.685 2303.000
-0.680 2296.500
-0.675 2290.500
-0.670 2284.500
-0.665 2278.000
-0.660 2272.000
-0.655 2265.500
-0.650 2259.000
-0.645 2253.000
-0.640 2246.500
-0.635 2240.000
-0.630 2233.500
-0.625 2227.000
-0.620 2220.500
-0.615 2214.000
-0.610 2207.500
-0.605 2201.000
-0.600 2194.500
-0.595 2188.000
-0.590 2181.000
-0.585 2174.500
-0.580 2168.000
-0.575 2161.000
-0.570 2154.500
-0.565 2147.500
-0.560 2140.500
-0.555 2134.000
-0.550 2127.000
-0.545 2120.000
-0.540 2113.000
-0.535 2106.000
-0.530 2099.000
-0.525 2092.000
-0.520 2084.500
-0.515 2077.500
-0.510 2070.500
-0.505 2063.000
-0.500 2056.000
-0.495 2048.500
-0.490 2041.000
-0.485 2033.500
-0.480 2026.000
-0.475 2018.500
-0.470 2011.000
-0.465 2003.500
-0.460 1996.000
-0.455 1988.500
-0.450 1980.500
-0.445 1972.500
-0.440 1965.000
-0.435 1957.000
-0.430 1949.000
-0.425 1941.000
-0.420 1933.000
-0.415 1925.000
-0.410 1916.500
-0.405 1908.500
-0.400 1900.000
-0.395 1891.500
-0.390 1883.500
-0.385 1875.000
-0.380 1866.000
-0.375 1857.500
-0.370 1849.000
-0.365 1840.000
-0.360 1831.000
-0.355 1822.000
-0.350 1813.000
-0.345 1804.000
-0.340 1795.000
-0.335 1785.500
-0.330 1776.000
-0.325 1766.500
-0.320 1757.000
-0.315 1747.500
-0.310 1737.500
-0.305 1728.000
-0.300 1718.000
-0.295 1707.500
-0.290 1697.500
-0.285 1687.000
-0.280 1676.500
-0.275 1666.000
-0.270 1655.500
-0.265 1644.500
-0.260 1633.500
-0.255 1622.333
-0.250 1611.000
-0.245 1599.667
-0.240 1588.000
-0.235 1576.000
-0.230 1564.000
-0.225 1552.000
-0.220 1539.667
-0.215 1527.000
-0.210 1514.000
-0.205 1501.000
-0.200 1488.000
-0.195 1474.333
-0.190 1460.667
-0.185 1446.667
-0.180 1432.333
-0.175 1417.667
-0.170 1402.667
-0.165 1387.333
-0.160 1371.667
-0.155 1355.667
-0.150 1339.333
-0.145 1322.667
-0.140 1305.333
-0.135 1287.667
-0.130 1269.333
-0.125 1250.667
-0.120 1231.333
-0.115 1211.333
-0.110 1190.667
-0.105 1169.500
-0.100 1147.250
-0.095 1124.250
-0.090 1100.500
-0.085 1075.750
-0.080 1049.750
-0.075 1022.500
-0.070 994.000
-0.065 964.000
-0.060 932.400
-0.055 899.000
-0.050 863.200
-0.045 825.200
-0.040 784.333
-0.035 740.000
-0.030 691.833
-0.025 638.571
-0.020 579.143
-0.015 511.500
