-3.500 6188.000
-3.495 6184.000
-3.490 6180.000
-3.485 6176.000
-3.480 6172.000
-3.475 6168.000
-3.470 6164.000
-3.465 6160.000
-3.460 6156.000
-3.455 6152.000
-3.450 6148.000
-3.445 6144.000
-3.440 6140.000
-3.435 6136.000
-3.430 6132.000
-3.425 6128.000
-3.420 6123.000
-3.415 6119.000
-3.410 6115.000
-3.405 6111.000
-3.400 6107.000
-3.395 6103.000
-3.390 6099.000
-3.385 6095.000
-3.380 6091.000
-3.375 6087.000
-3.370 6082.000
-3.365 6078.000
-3.360 6074.000
-3.355 6070.000
-3.350 6066.000
-3.345 6062.000
-3.340 6058.000
-3.335 6054.000
-3.330 6049.000
-3.325 6045.000
-3.320 6041.000
-3.315 6037.000
-3.310 6033.000
-3.305 6029.000
-3.300 6025.000
-3.295 6020.000
-3.290 6016.000
-3.285 6012.000
-3.280 6008.000
-3.275 6004.000
-3.270 6000.000
-3.265 5995.000
-3.260 5991.000
-3.255 5987.000
-3.250 5983.000
-3.245 5979.000
-3.240 5975.000
-3.235 5970.000
-3.230 5966.000
-3.225 5962.000
-3.220 5958.000
-3.215 5954.000
-3.210 5949.000
-3.205 5945.000
-3.200 5941.000
-3.195 5937.000
-3.190 5932.000
-3.185 5928.000
-3.180 5924.000
-3.175 5920.000
-3.170 5916.000
-3.165 5911.000
-3.160 5907.000
-3.155 5903.000
-3.150 5899.000
-3.145 5894.000
-3.140 5890.000
-3.135 5886.000
-3.130 5882.000
-3.125 5877.000
-3.120 5873.000
-3.115 5869.000
-3.110 5865.000
-3.105 5860.000
-3.100 5856.000
-3.095 5852.000
-3.090 5847.000
-3.085 5843.000
-3.080 5839.000
-3.075 5835.000
-3.070 5830.000
-3.065 5826.000
-3.060 5822.000
-3.055 5817.000
-3.050 5813.000
-3.045 5809.000
-3.040 5804.000
-3.035 5800.000
-3.030 5796.000
-3.025 5791.000
-3.020 5787.000
-3.015 5783.000
-3.010 5778.000
-3.005 5774.000
-3.000 5770.000
-2.995 5765.000
-2.990 5761.000
-2.985 5757.000
-2.980 5752.000
-2.975 5748.000
-2.970 5744.000
-2.965 5739.000
-2.960 5735.000
-2.955 5730.000
-2.950 5726.000
-2.945 5722.000
-2.940 5717.000
-2.935 5713.000
-2.930 5708.000
-2.925 5704.000
-2.920 5700.000
-2.915 5695.000
-2.910 5691.000
-2.905 5686.000
-2.900 5682.000
-2.895 5678.000
-2.890 5673.000
-2.885 5669.000
-2.880 5664.000
-2.875 5660.000
-2.870 5655.000
-2.865 5651.000
-2.860 5647.000
-2.855 5642.000
-2.850 5638.000
-2.845 5633.000
-2.840 5629.000
-2.835 5624.000
-2.830 5620.000
-2.825 5615.000
-2.820 5611.000
-2.815 5606.000
-2.810 5602.000
-2.805 5597.000
-2.800 5593.000
-2.795 5588.000
-2.790 5584.000
-2.785 5579.000
-2.780 5575.000
-2.775 5570.000
-2.770 5566.000
-2.765 5561.000
-2.760 5557.000
-2.755 5552.000
-2.750 5548.000
-2.745 5543.000
-2.740 5539.000
-2.735 5534.000
-2.730 5530.000
-2.725 5525.000
-2.720 5521.000
-2.715 5516.000
-2.710 5512.000
-2.705 5507.000
-2.700 5502.000
-2.695 5498.000
-2.690 5493.000
-2.685 5489.000
-2.680 5484.000
-2.675 5480.000
-2.670 5475.000
-2.665 5470.000
-2.660 5466.000
-2.655 5461.000
-2.650 5457.000
-2.645 5452.000
-2.640 5447.000
-2.635 5443.000
-2.630 5438.000
-2.625 5434.000
-2.620 5429.000
-2.615 5424.000
-2.610 5420.000
-2.605 5415.000
-2.600 5410.000
-2.595 5406.000
-2.590 5401.000
-2.585 5396.000
-2.580 5392.000
-2.575 5387.000
-2.570 5382.000
-2.565 5378.000
-2.560 5373.000
-2.555 5368.000
-2.550 5364.000
-2.545 5359.000
-2.540 5354.000
-2.535 5350.000
-2.530 5345.000
-2.525 5340.000
-2.520 5336.000
-2.515 5331.000
-2.510 5326.000
-2.505 5321.000
-2.500 5317.000
-2.495 5312.000
-2.490 5307.000
-2.485 5302.000
-2.480 5298.000
-2.475 5293.000
-2.470 5288.000
-2.465 5283.000
-2.460 5279.000
-2.455 5274.000
-2.450 5269.000
-2.445 5264.000
-2.440 5260.000
-2.435 5255.000
-2.430 5250.000
-2.425 5245.000
-2.420 5240.000
-2.415 5236.000
-2.410 5231.000
-2.405 5226.000
-2.400 5221.000
-2.395 5216.000
-2.390 5212.000
-2.385 5207.000
-2.380 5202.000
-2.375 5197.000
-2.370 5192.000
-2.365 5187.000
-2.360 5183.000
-2.355 5178.000
-2.350 5173.000
-2.345 5168.000
-2.340 5163.000
-2.335 5158.000
-2.330 5153.000
-2.325 5149.000
-2.320 5144.000
-2.315 5139.000
-2.310 5134.000
-2.305 5129.000
-2.300 5124.000
-2.295 5119.000
-2.290 5114.000
-2.285 5109.000
-2.280 5104.000
-2.275 5100.000
-2.270 5095.000
-2.265 5090.000
-2.260 5085.000
-2.255 5080.000
-2.250 5075.000
-2.245 5070.000
-2.240 5065.000
-2.235 5060.000
-2.230 5055.000
-2.225 5050.000
-2.220 5045.000
-2.215 5040.000
-2.210 5035.000
-2.205 5030.000
-2.200 5025.000
-2.195 5020.000
-2.190 5015.000
-2.185 5010.000
-2.180 5005.000
-2.175 5000.000
-2.170 4995.000
-2.165 4990.000
-2.160 4985.000
-2.155 4980.000
-2.150 4975.000
-2.145 4970.000
-2.140 4965.000
-2.135 4960.000
-2.130 4955.000
-2.125 4949.000
-2.120 4944.000
-2.115 4939.000
-2.110 4934.000
-2.105 4929.000
-2.100 4924.000
-2.095 4919.000
-2.090 4914.000
-2.085 4909.000
-2.080 4904.000
-2.075 4898.000
-2.070 4893.000
-2.065 4888.000
-2.060 4883.000
-2.055 4878.000
-2.050 4873.000
-2.045 4868.000
-2.040 4862.000
-2.035 4857.000
-2.030 4852.000
-2.025 4847.000
-2.020 4842.000
-2.015 4836.000
-2.010 4831.000
-2.005 4826.000
-2.000 4821.000
-1.995 4816.000
-1.990 4810.000
-1.985 4805.000
-1.980 4800.000
-1.975 4795.000
-1.970 4789.000
-1.965 4784.000
-1.960 4779.000
-1.955 4774.000
-1.950 4768.000
-1.945 4763.000
-1.940 4758.000
-1.935 4753.000
-1.930 4747.000
-1.925 4742.000
-1.920 4737.000
-1.915 4731.000
-1.910 4726.000
-1.905 4721.000
-1.900 4715.000
-1.895 4710.000
-1.890 4705.000
-1.885 4699.000
-1.880 4694.000
-1.875 4689.000
-1.870 4683.000
-1.865 4678.000
-1.860 4673.000
-1.855 4667.000
-1.850 4662.000
-1.845 4657.000
-1.840 4651.000
-1.835 4646.000
-1.830 4640.000
-1.825 4635.000
-1.820 4629.000
-1.815 4624.000
-1.810 4619.000
-1.805 4613.000
-1.800 4608.000
-1.795 4602.000
-1.790 4597.000
-1.785 4591.000
-1.780 4586.000
-1.775 4580.000
-1.770 4575.000
-1.765 4569.000
-1.760 4564.000
-1.755 4558.000
-1.750 4553.000
-1.745 4547.000
-1.740 4542.000
-1.735 4536.000
-1.730 4531.000
-1.725 4525.000
-1.720 4520.000
-1.715 4514.000
-1.710 4508.500
-1.705 4503.000
-1.700 4497.000
-1.695 4492.000
-1.690 4486.000
-1.685 4481.000
-1.680 4475.000
-1.675 4469.000
-1.670 4464.000
-1.665 4458.000
-1.660 4452.000
-1.655 4447.000
-1.650 4441.000
-1.645 4435.000
-1.640 4430.000
-1.635 4424.000
-1.630 4418.000
-1.625 4413.000
-1.620 4407.000
-1.615 4401.000
-1.610 4396.000
-1.605 4390.000
-1.600 4384.000
-1.595 4378.500
-1.590 4373.000
-1.585 4367.000
-1.580 4361.000
-1.575 4355.000
-1.570 4350.000
-1.565 4344.000
-1.560 4338.000
-1.555 4332.000
-1.550 4326.500
-1.545 4321.000
-1.540 4315.000
-1.535 4309.000
-1.530 4303.000
-1.525 4297.000
-1.520 4291.500
-1.515 4286.000
-1.510 4280.000
-1.505 4274.000
-1.500 4268.000
-1.495 4262.000
-1.490 4256.000
-1.485 4250.000
-1.480 4244.000
-1.475 4238.500
-1.470 4232.500
-1.465 4227.000
-1.460 4221.000
-1.455 4215.000
-1.450 4209.000
-1.445 4203.000
-1.440 4197.000
-1.435 4191.000
-1.430 4185.000
-1.425 4179.000
-1.420 4173.000
-1.415 4167.000
-1.410 4161.000
-1.405 4154.500
-1.400 4148.500
-1.395 4142.500
-1.390 4136.000
-1.385 4130.000
-1.380 4124.000
-1.375 4118.000
-1.370 4112.000
-1.365 4106.000
-1.360 4100.000
-1.355 4093.500
-1.350 4087.500
-1.345 4081.000
-1.340 4075.000
-1.335 4069.000
-1.330 4063.000
-1.325 4056.500
-1.320 4050.000
-1.315 4044.000
-1.310 4038.000
-1.305 4031.500
-1.300 4025.000
-1.295 4019.000
-1.290 4013.000
-1.285 4006.500
-1.280 4000.000
-1.275 3994.000
-1.270 3987.500
-1.265 3981.000
-1.260 3975.000
-1.255 3968.500
-1.250 3962.000
-1.245 3956.000
-1.240 3949.500
-1.235 3943.000
-1.230 3937.000
-1.225 3930.000
-1.220 3924.000
-1.215 3917.500
-1.210 3911.000
-1.205 3904.500
-1.200 3898.000
-1.195 3891.500
-1.190 3885.000
-1.185 3878.500
-1.180 3872.000
-1.175 3865.500
-1.170 3859.000
-1.165 3852.500
-1.160 3846.000
-1.155 3839.000
-1.150 3832.500
-1.145 3826.000
-1.140 3819.500
-1.135 3813.000
-1.130 3806.000
-1.125 3799.500
-1.120 3793.000
-1.115 3786.000
-1.110 3779.500
-1.105 3773.000
-1.100 3766.000
-1.095 3759.000
-1.090 3752.500
-1.085 3746.000
-1.080 3739.000
-1.075 3732.000
-1.070 3725.500
-1.065 3718.500
-1.060 3712.000
-1.055 3705.000
-1.050 3698.000
-1.045 3691.000
-1.040 3684.000
-1.035 3677.500
-1.030 3670.500
-1.025 3663.500
-1.020 3656.500
-1.015 3649.500
-1.010 3642.500
-1.005 3635.500
-1.000 3628.500
-0.995 3621.500
-0.990 3614.500
-0.985 3607.500
-0.980 3600.500
-0.975 3593.000
-0.970 3586.000
-0.965 3579.000
-0.960 3572.000
-0.955 3565.000
-0.950 3557.500
-0.945 3550.500
-0.940 3543.000
-0.935 3536.000
-0.930 3529.000
-0.925 3521.500
-0.920 3514.000
-0.915 3507.000
-0.910 3499.500
-0.905 3492.000
-0.900 3485.000
-0.895 3477.500
-0.890 3470.000
-0.885 3462.500
-0.880 3455.000
-0.875 3448.000
-0.870 3440.500
-0.865 3433.000
-0.860 3425.000
-0.855 3418.000
-0.850 3410.000
-0.845 3402.500
-0.840 3395.000
-0.835 3387.500
-0.830 3380.000
-0.825 3372.000
-0.820 3364.500
-0.815 3356.500
-0.810 3349.000
-0.805 3341.000
-0.800 3333.500
-0.795 3325.500
-0.790 3318.000
-0.785 3310.000
-0.780 3302.000
-0.775 3294.000
-0.770 3286.500
-0.765 3278.500
-0.760 3270.500
-0.755 3262.500
-0.750 3254.500
-0.745 3246.500
-0.740 3238.000
-0.735 3230.000
-0.730 3222.000
-0.725 3214.000
-0.720 3205.500
-0.715 3197.500
-0.710 3189.000
-0.705 3181.000
-0.700 3172.500
-0.695 3164.500
-0.690 3156.000
-0.685 3147.500
-0.680 3139.000
-0.675 3130.500
-0.670 3122.000
-0.665 3113.500
-0.660 3105.000
-0.655 3096.500
-0.650 3088.000
-0.645 3079.000
-0.640 3070.500
-0.635 3062.000
-0.630 3053.000
-0.625 3044.000
-0.620 3035.500
-0.615 3026.500
-0.610 3017.500
-0.605 3008.500
-0.600 2999.500
-0.595 2990.500
-0.590 2981.500
-0.585 2972.500
-0.580 2963.500
-0.575 2954.000
-0.570 2945.000
-0.565 2935.500
-0.560 2926.000
-0.555 2917.000
-0.550 2907.500
-0.545 2898.000
-0.540 2888.500
-0.535 2879.000
-0.530 2869.500
-0.525 2859.500
-0.520 2850.000
-0.515 2840.000
-0.510 2830.500
-0.505 2820.500
-0.500 2810.500
-0.495 2800.500
-0.490 2790.500
-0.485 2780.500
-0.480 2770.000
-0.475 2760.000
-0.470 2749.500
-0.465 2739.000
-0.460 2729.000
-0.455 2718.500
-0.450 2708.000
-0.445 2697.000
-0.440 2686.500
-0.435 2675.500
-0.430 2665.000
-0.425 2654.000
-0.420 2643.000
-0.415 2632.000
-0.410 2620.500
-0.405 2609.500
-0.400 2598.000
-0.395 2586.500
-0.390 2575.000
-0.385 2563.500
-0.380 2552.000
-0.375 2540.000
-0.370 2528.000
-0.365 2516.000
-0.360 2504.000
-0.355 2492.000
-0.350 2479.500
-0.345 2467.000
-0.340 2454.500
-0.335 2442.000
-0.330 2429.000
-0.325 2416.000
-0.320 2403.000
-0.315 2390.000
-0.310 2376.500
-0.305 2363.000
-0.300 2349.500
-0.295 2335.500
-0.290 2321.500
-0.285 2307.500
-0.280 2293.500
-0.275 2279.000
-0.270 2264.000
-0.265 2249.500
-0.260 2234.333
-0.255 2219.000
-0.250 2203.667
-0.245 2188.000
-0.240 2172.000
-0.235 2156.000
-0.230 2139.667
-0.225 2123.000
-0.220 2106.000
-0.215 2089.000
-0.210 2071.667
-0.205 2053.667
-0.200 2035.667
-0.195 2017.333
-0.190 1998.333
-0.185 1979.333
-0.180 1959.667
-0.175 1940.000
-0.170 1919.333
-0.165 1898.667
-0.160 1877.333
-0.155 1855.667
-0.150 1833.333
-0.145 1810.333
-0.140 1786.667
-0.135 1762.667
-0.130 1737.667
-0.125 1712.000
-0.120 1685.667
-0.115 1658.500
-0.110 1630.333
-0.105 1601.250
-0.100 1571.000
-0.095 1539.750
-0.090 1507.250
-0.085 1473.250
-0.080 1437.750
-0.075 1400.750
-0.070 1361.750
-0.065 1321.000
-0.060 1277.750
-0.055 1232.000
-0.050 1183.200
-0.045 1131.200
-0.040 1075.200
-0.035 1014.667
-0.030 948.667
-0.025 875.857
-0.020 794.429
-0.015 701.625
