-3.500 5147.000
-3.495 5144.000
-3.490 5140.000
-3.485 5137.000
-3.480 5134.000
-3.475 5130.000
-3.470 5127.000
-3.465 5123.000
-3.460 5120.000
-3.455 5117.000
-3.450 5113.000
-3.445 5110.000
-3.440 5106.000
-3.435 5103.000
-3.430 5099.000
-3.425 5096.000
-3.420 5093.000
-3.415 5089.000
-3.410 5086.000
-3.405 5082.000
-3.400 5079.000
-3.395 5075.000
-3.390 5072.000
-3.385 5068.000
-3.380 5065.000
-3.375 5062.000
-3.370 5058.000
-3.365 5055.000
-3.360 5051.000
-3.355 5048.000
-3.350 5044.000
-3.345 5041.000
-3.340 5037.000
-3.335 5034.000
-3.330 5030.000
-3.325 5027.000
-3.320 5023.000
-3.315 5020.000
-3.310 5016.000
-3.305 5013.000
-3.300 5009.000
-3.295 5006.000
-3.290 5002.000
-3.285 4999.000
-3.280 4995.000
-3.275 4992.000
-3.270 4988.000
-3.265 4985.000
-3.260 4981.000
-3.255 4978.000
-3.250 4974.000
-3.245 4971.000
-3.240 4967.000
-3.235 4964.000
-3.230 4960.000
-3.225 4957.000
-3.220 4953.000
-3.215 4950.000
-3.210 4946.000
-3.205 4943.000
-3.200 4939.000
-3.195 4935.000
-3.190 4932.000
-3.185 4928.000
-3.180 4925.000
-3.175 4921.000
-3.170 4918.000
-3.165 4914.000
-3.160 4911.000
-3.155 4907.000
-3.150 4903.000
-3.145 4900.000
-3.140 4896.000
-3.135 4893.000
-3.130 4889.000
-3.125 4886.000
-3.120 4882.000
-3.115 4878.000
-3.110 4875.000
-3.105 4871.000
-3.100 4868.000
-3.095 4864.000
-3.090 4860.000
-3.085 4857.000
-3.080 4853.000
-3.075 4850.000
-3.070 4846.000
-3.065 4842.000
-3.060 4839.000
-3.055 4835.000
-3.050 4832.000
-3.045 4828.000
-3.040 4824.000
-3.035 4821.000
-3.030 4817.000
-3.025 4813.000
-3.020 4810.000
-3.015 4806.000
-3.010 4802.000
-3.005 4799.000
-3.000 4795.000
-2.995 4792.000
-2.990 4788.000
-2.985 4784.000
-2.980 4781.000
-2.975 4777.000
-2.970 4773.000
-2.965 4770.000
-2.960 4766.000
-2.955 4762.000
-2.950 4759.000
-2.945 4755.000
-2.940 4751.000
-2.935 4748.000
-2.930 4744.000
-2.925 4740.000
-2.920 4736.000
-2.915 4733.000
-2.910 4729.000
-2.905 4725.000
-2.900 4722.000
-2.895 4718.000
-2.890 4714.000
-2.885 4711.000
-2.880 4707.000
-2.875 4703.000
-2.870 4699.000
-2.865 4696.000
-2.860 4692.000
-2.855 4688.000
-2.850 4684.000
-2.845 4681.000
-2.840 4677.000
-2.835 4673.000
-2.830 4670.000
-2.825 4666.000
-2.820 4662.000
-2.815 4658.000
-2.810 4655.000
-2.805 4651.000
-2.800 4647.000
-2.795 4643.000
-2.790 4639.000
-2.785 4636.000
-2.780 4632.000
-2.775 4628.000
-2.770 4624.000
-2.765 4621.000
-2.760 4617.000
-2.755 4613.000
-2.750 4609.000
-2.745 4605.000
-2.740 4602.000
-2.735 4598.000
-2.730 4594.000
-2.725 4590.000
-2.720 4586.000
-2.715 4583.000
-2.710 4579.000
-2.705 4575.000
-2.700 4571.000
-2.695 4567.000
-2.690 4564.000
-2.685 4560.000
-2.680 4556.000
-2.675 4552.000
-2.670 4548.000
-2.665 4544.000
-2.660 4540.000
-2.655 4537.000
-2.650 4533.000
-2.645 4529.000
-2.640 4525.000
-2.635 4521.000
-2.630 4517.000
-2.625 4513.000
-2.620 4510.000
-2.615 4506.000
-2.610 4502.000
-2.605 4498.000
-2.600 4494.000
-2.595 4490.000
-2.590 4486.000
-2.585 4482.000
-2.580 4478.000
-2.575 4475.000
-2.570 4471.000
-2.565 4467.000
-2.560 4463.000
-2.555 4459.000
-2.550 4455.000
-2.545 4451.000
-2.540 4447.000
-2.535 4443.000
-2.530 4439.000
-2.525 4435.000
-2.520 4431.000
-2.515 4428.000
-2.510 4424.000
-2.505 4420.000
-2.500 4416.000
-2.495 4412.000
-2.490 4408.000
-2.485 4404.000
-2.480 4400.000
-2.475 4396.000
-2.470 4392.000
-2.465 4388.000
-2.460 4384.000
-2.455 4380.000
-2.450 4376.000
-2.445 4372.000
-2.440 4368.000
-2.435 4364.000
-2.430 4360.000
-2.425 4356.000
-2.420 4352.000
-2.415 4348.000
-2.410 4344.000
-2.405 4340.000
-2.400 4336.000
-2.395 4332.000
-2.390 4328.000
-2.385 4324.000
-2.380 4320.000
-2.375 4316.000
-2.370 4312.000
-2.365 4308.000
-2.360 4304.000
-2.355 4300.000
-2.350 4295.000
-2.345 4291.000
-2.340 4287.000
-2.335 4283.000
-2.330 4279.000
-2.325 4275.000
-2.320 4271.000
-2.315 4267.000
-2.310 4263.000
-2.305 4259.000
-2.300 4255.000
-2.295 4251.000
-2.290 4247.000
-2.285 4242.000
-2.280 4238.000
-2.275 4234.000
-2.270 4230.000
-2.265 4226.000
-2.260 4222.000
-2.255 4218.000
-2.250 4214.000
-2.245 4209.000
-2.240 4205.000
-2.235 4201.000
-2.230 4197.000
-2.225 4193.000
-2.220 4189.000
-2.215 4185.000
-2.210 4180.000
-2.205 4176.000
-2.200 4172.000
-2.195 4168.000
-2.190 4164.000
-2.185 4159.000
-2.180 4155.000
-2.175 4151.000
-2.170 4147.000
-2.165 4143.000
-2.160 4138.000
-2.155 4134.000
-2.150 4130.000
-2.145 4126.000
-2.140 4122.000
-2.135 4117.000
-2.130 4113.000
-2.125 4109.000
-2.120 4105.000
-2.115 4100.000
-2.110 4096.000
-2.105 4092.000
-2.100 4088.000
-2.095 4083.000
-2.090 4079.000
-2.085 4075.000
-2.080 4071.000
-2.075 4066.000
-2.070 4062.000
-2.065 4058.000
-2.060 4053.000
-2.055 4049.000
-2.050 4045.000
-2.045 4041.000
-2.040 4036.000
-2.035 4032.000
-2.030 4028.000
-2.025 4023.000
-2.020 4019.000
-2.015 4015.000
-2.010 4010.000
-2.005 4006.000
-2.000 4002.000
-1.995 3997.000
-1.990 3993.000
-1.985 3989.000
-1.980 3984.000
-1.975 3980.000
-1.970 3975.000
-1.965 3971.000
-1.960 3967.000
-1.955 3962.000
-1.950 3958.000
-1.945 3954.000
-1.940 3949.000
-1.935 3945.000
-1.930 3940.000
-1.925 3936.000
-1.920 3931.000
-1.915 3927.000
-1.910 3923.000
-1.905 3918.000
-1.900 3914.000
-1.895 3909.000
-1.890 3905.000
-1.885 3900.000
-1.880 3896.000
-1.875 3892.000
-1.870 3887.000
-1.865 3883.000
-1.860 3878.000
-1.855 3874.000
-1.850 3869.000
-1.845 3865.000
-1.840 3860.000
-1.835 3856.000
-1.830 3851.000
-1.825 3847.000
-1.820 3842.000
-1.815 3838.000
-1.810 3833.000
-1.805 3828.000
-1.800 3824.000
-1.795 3819.000
-1.790 3815.000
-1.785 3810.000
-1.780 3806.000
-1.775 3801.000
-1.770 3797.000
-1.765 3792.000
-1.760 3787.000
-1.755 3783.000
-1.750 3778.000
-1.745 3774.000
-1.740 3769.000
-1.735 3764.000
-1.730 3760.000
-1.725 3755.000
-1.720 3751.000
-1.715 3746.000
-1.710 3741.000
-1.705 3737.000
-1.700 3732.000
-1.695 3727.000
-1.690 3723.000
-1.685 3718.000
-1.680 3713.000
-1.675 3709.000
-1.670 3704.000
-1.665 3699.000
-1.660 3695.000
-1.655 3690.000
-1.650 3685.000
-1.645 3680.500
-1.640 3676.000
-1.635 3671.000
-1.630 3666.000
-1.625 3662.000
-1.620 3657.000
-1.615 3652.000
-1.610 3647.000
-1.605 3643.000
-1.600 3638.000
-1.595 3633.000
-1.590 3628.000
-1.585 3623.500
-1.580 3619.000
-1.575 3614.000
-1.570 3609.000
-1.565 3604.000
-1.560 3599.500
-1.555 3595.000
-1.550 3590.000
-1.545 3585.000
-1.540 3580.000
-1.535 3575.000
-1.530 3570.000
-1.525 3565.500
-1.520 3561.000
-1.515 3556.000
-1.510 3551.000
-1.505 3546.000
-1.500 3541.000
-1.495 3536.000
-1.490 3531.000
-1.485 3526.000
-1.480 3521.500
-1.475 3516.500
-1.470 3512.000
-1.465 3507.000
-1.460 3502.000
-1.455 3497.000
-1.450 3492.000
-1.445 3487.000
-1.440 3482.000
-1.435 3477.000
-1.430 3472.000
-1.425 3467.000
-1.420 3462.000
-1.415 3457.000
-1.410 3452.000
-1.405 3447.000
-1.400 3442.000
-1.395 3437.000
-1.390 3432.000
-1.385 3426.500
-1.380 3421.500
-1.375 3416.500
-1.370 3411.000
-1.365 3406.000
-1.360 3401.000
-1.355 3396.000
-1.350 3391.000
-1.345 3386.000
-1.340 3381.000
-1.335 3375.500
-1.330 3370.000
-1.325 3365.000
-1.320 3360.000
-1.315 3355.000
-1.310 3350.000
-1.305 3344.500
-1.300 3339.000
-1.295 3334.000
-1.290 3329.000
-1.285 3324.000
-1.280 3318.500
-1.275 3313.000
-1.270 3308.000
-1.265 3303.000
-1.260 3297.000
-1.255 3292.000
-1.250 3287.000
-1.245 3281.500
-1.240 3276.000
-1.235 3271.000
-1.230 3265.500
-1.225 3260.000
-1.220 3255.000
-1.215 3249.500
-1.210 3244.000
-1.205 3239.000
-1.200 3233.500
-1.195 3228.000
-1.190 3222.500
-1.185 3217.000
-1.180 3212.000
-1.175 3206.500
-1.170 3201.000
-1.165 3195.500
-1.160 3190.000
-1.155 3184.500
-1.150 3179.000
-1.145 3173.500
-1.140 3168.000
-1.135 3162.500
-1.130 3157.000
-1.125 3151.500
-1.120 3146.000
-1.115 3140.500
-1.110 3135.000
-1.105 3129.000
-1.100 3124.000
-1.095 3118.000
-1.090 3112.500
-1.085 3107.000
-1.080 3101.000
-1.075 3095.500
-1.070 3090.000
-1.065 3084.000
-1.060 3078.500
-1.055 3073.000
-1.050 3067.000
-1.045 3061.500
-1.040 3056.000
-1.035 3050.000
-1.030 3044.000
-1.025 3038.500
-1.020 3033.000
-1.015 3027.000
-1.010 3021.000
-1.005 3015.500
-1.000 3009.500
-0.995 3004.000
-0.990 2998.000
-0.985 2992.000
-0.980 2986.000
-0.975 2980.000
-0.970 2974.000
-0.965 2968.500
-0.960 2962.500
-0.955 2956.500
-0.950 2950.500
-0.945 2944.500
-0.940 2938.500
-0.935 2932.500
-0.930 2926.500
-0.925 2920.500
-0.920 2914.500
-0.915 2908.500
-0.910 2902.500
-0.905 2896.000
-0.900 2890.000
-0.895 2884.000
-0.890 2878.000
-0.885 2871.500
-0.880 2865.500
-0.875 2859.500
-0.870 2853.000
-0.865 2847.000
-0.860 2840.500
-0.855 2834.500
-0.850 2828.000
-0.845 2822.000
-0.840 2815.500
-0.835 2809.000
-0.830 2803.000
-0.825 2796.500
-0.820 2790.000
-0.815 2783.500
-0.810 2777.000
-0.805 2771.000
-0.800 2764.500
-0.795 2758.000
-0.790 2751.500
-0.785 2745.000
-0.780 2738.500
-0.775 2732.000
-0.770 2725.000
-0.765 2718.500
-0.760 2712.000
-0.755 2705.500
-0.750 2698.500
-0.745 2692.000
-0.740 2685.500
-0.735 2678.500
-0.730 2672.000
-0.725 2665.000
-0.720 2658.000
-0.715 2651.500
-0.710 2644.500
-0.705 2637.500
-0.700 2631.000
-0.695 2624.000
-0.690 2617.000
-0.685 2610.000
-0.680 2603.000
-0.675 2596.000
-0.670 2589.000
-0.665 2582.000
-0.660 2574.500
-0.655 2567.500
-0.650 2560.500
-0.645 2553.000
-0.640 2546.000
-0.635 2539.000
-0.630 2531.500
-0.625 2524.000
-0.620 2517.000
-0.615 2509.500
-0.610 2502.000
-0.605 2494.500
-0.600 2487.000
-0.595 2479.500
-0.590 2472.000
-0.585 2464.500
-0.580 2457.000
-0.575 2449.500
-0.570 2441.500
-0.565 2434.000
-0.560 2426.000
-0.555 2418.500
-0.550 2410.500
-0.545 2402.500
-0.540 2395.000
-0.535 2387.000
-0.530 2379.000
-0.525 2371.000
-0.520 2363.000
-0.515 2354.500
-0.510 2346.500
-0.505 2338.500
-0.500 2330.000
-0.495 2322.000
-0.490 2313.500
-0.485 2305.000
-0.480 2296.500
-0.475 2288.000
-0.470 2279.500
-0.465 2271.000
-0.460 2262.500
-0.455 2253.500
-0.450 2245.000
-0.445 2236.000
-0.440 2227.000
-0.435 2218.000
-0.430 2209.000
-0.425 2200.000
-0.420 2191.000
-0.415 2181.500
-0.410 2172.500
-0.405 2163.000
-0.400 2153.500
-0.395 2144.000
-0.390 2134.500
-0.385 2125.000
-0.380 2115.500
-0.375 2105.500
-0.370 2095.500
-0.365 2085.500
-0.360 2075.500
-0.355 2065.500
-0.350 2055.000
-0.345 2045.000
-0.340 2034.500
-0.335 2024.000
-0.330 2013.500
-0.325 2002.500
-0.320 1991.500
-0.315 1981.000
-0.310 1969.500
-0.305 1958.500
-0.300 1947.000
-0.295 1936.000
-0.290 1924.000
-0.285 1912.500
-0.280 1900.500
-0.275 1888.500
-0.270 1876.500
-0.265 1864.000
-0.260 1851.500
-0.255 1839.000
-0.250 1826.000
-0.245 1813.000
-0.240 1800.000
-0.235 1786.667
-0.230 1773.000
-0.225 1759.000
-0.220 1745.000
-0.215 1731.000
-0.210 1716.333
-0.205 1701.667
-0.200 1686.667
-0.195 1671.333
-0.190 1655.667
-0.185 1640.000
-0.180 1623.667
-0.175 1607.000
-0.170 1590.333
-0.165 1573.000
-0.160 1555.333
-0.155 1537.000
-0.150 1518.667
-0.145 1499.667
-0.140 1480.000
-0.135 1460.000
-0.130 1439.333
-0.125 1418.000
-0.120 1396.000
-0.115 1373.500
-0.110 1350.000
-0.105 1326.000
-0.100 1301.000
-0.095 1275.000
-0.090 1248.000
-0.085 1219.750
-0.080 1190.250
-0.075 1159.500
-0.070 1127.250
-0.065 1093.250
-0.060 1057.400
-0.055 1019.400
-0.050 979.000
-0.045 936.000
-0.040 889.600
-0.035 839.333
-0.030 784.667
-0.025 724.333
-0.020 657.000
-0.015 580.222
