-0.0420 2086.0000
-0.0410 2061.0000
-0.0400 2039.0000
-0.0390 2011.0000
-0.0380 2004.0000
-0.0370 1976.0000
-0.0360 1952.0000
-0.0350 1917.0000
-0.0320 1856.0000
-0.0310 1837.0000
-0.0300 1811.0000
-0.0290 1780.0000
-0.0280 1764.0000
-0.0270 1729.0000
-0.0260 1696.0000
-0.0230 1620.0000
-0.0220 1575.0000
-0.0210 1556.0000
-0.0190 1491.0000
-0.0180 1463.0000
-0.0170 1422.0000
-0.0160 1378.0000
-0.0150 1350.0000
-0.0140 1308.0000
-0.0130 1260.0000
-0.0120 1225.0000
-0.0110 1192.0000
-0.0100 1145.0000
-0.0090 1102.0000
-0.0080 1050.0000
-0.0070 1002.0000
-0.0060 938.0000
-0.0050 882.0000
-0.0040 816.0000
-0.0030 747.0000
-0.0020 678.0000
-0.0010 598.0000
