-0.057 2064.000
-0.056 2049.000
-0.055 2034.000
-0.054 2019.000
-0.053 2004.000
-0.052 1988.000
-0.051 1972.000
-0.049 1940.000
-0.047 1907.000
-0.046 1890.000
-0.045 1872.000
-0.043 1837.000
-0.042 1819.000
-0.041 1801.000
-0.040 1782.000
-0.039 1764.000
-0.038 1744.000
-0.037 1724.000
-0.036 1704.000
-0.035 1684.000
-0.034 1663.000
-0.033 1642.000
-0.031 1599.000
-0.030 1575.000
-0.029 1554.000
-0.027 1507.000
-0.026 1482.000
-0.025 1458.000
-0.024 1432.000
-0.023 1406.000
-0.022 1378.000
-0.021 1352.000
-0.019 1297.000
-0.018 1265.000
-0.017 1234.000
-0.015 1170.000
-0.014 1136.000
-0.013 1102.000
-0.012 1066.000
-0.011 1027.000
-0.010 989.000
-0.009 948.000
-0.008 905.000
-0.007 861.000
-0.006 814.000
-0.005 762.000
-0.004 710.000
-0.003 651.000
-0.002 588.000
-0.001 519.000
