-3.500 8371.000
-3.495 8366.000
-3.490 8360.000
-3.485 8355.000
-3.480 8349.000
-3.475 8343.000
-3.470 8338.000
-3.465 8332.000
-3.460 8327.000
-3.455 8321.000
-3.450 8316.000
-3.445 8310.000
-3.440 8304.000
-3.435 8299.000
-3.430 8293.000
-3.425 8288.000
-3.420 8282.000
-3.415 8276.000
-3.410 8271.000
-3.405 8265.000
-3.400 8260.000
-3.395 8254.000
-3.390 8248.000
-3.385 8243.000
-3.380 8237.000
-3.375 8231.000
-3.370 8226.000
-3.365 8220.000
-3.360 8214.000
-3.355 8209.000
-3.350 8203.000
-3.345 8198.000
-3.340 8192.000
-3.335 8186.000
-3.330 8181.000
-3.325 8175.000
-3.320 8169.000
-3.315 8163.000
-3.310 8158.000
-3.305 8152.000
-3.300 8146.000
-3.295 8141.000
-3.290 8135.000
-3.285 8129.000
-3.280 8124.000
-3.275 8118.000
-3.270 8112.000
-3.265 8106.000
-3.260 8101.000
-3.255 8095.000
-3.250 8089.000
-3.245 8084.000
-3.240 8078.000
-3.235 8072.000
-3.230 8066.000
-3.225 8061.000
-3.220 8055.000
-3.215 8049.000
-3.210 8043.000
-3.205 8038.000
-3.200 8032.000
-3.195 8026.000
-3.190 8020.000
-3.185 8014.000
-3.180 8009.000
-3.175 8003.000
-3.170 7998.000
-3.165 7993.000
-3.160 7987.000
-3.155 7982.000
-3.150 7976.000
-3.145 7971.000
-3.140 7965.000
-3.135 7960.000
-3.130 7954.000
-3.125 7949.000
-3.120 7943.000
-3.115 7938.000
-3.110 7932.000
-3.105 7927.000
-3.100 7921.000
-3.095 7915.000
-3.090 7910.000
-3.085 7904.000
-3.080 7899.000
-3.075 7893.000
-3.070 7888.000
-3.065 7882.000
-3.060 7877.000
-3.055 7871.000
-3.050 7865.000
-3.045 7860.000
-3.040 7854.000
-3.035 7849.000
-3.030 7843.000
-3.025 7837.000
-3.020 7832.000
-3.015 7826.000
-3.010 7821.000
-3.005 7815.000
-3.000 7809.000
-2.995 7804.000
-2.990 7798.000
-2.985 7792.000
-2.980 7787.000
-2.975 7781.000
-2.970 7775.000
-2.965 7770.000
-2.960 7764.000
-2.955 7758.000
-2.950 7753.000
-2.945 7747.000
-2.940 7741.000
-2.935 7736.000
-2.930 7730.000
-2.925 7724.000
-2.920 7718.000
-2.915 7713.000
-2.910 7707.000
-2.905 7701.000
-2.900 7696.000
-2.895 7690.000
-2.890 7684.000
-2.885 7678.000
-2.880 7672.000
-2.875 7667.000
-2.870 7661.000
-2.865 7655.000
-2.860 7649.000
-2.855 7644.000
-2.850 7638.000
-2.845 7632.000
-2.840 7626.000
-2.835 7620.000
-2.830 7615.000
-2.825 7609.000
-2.820 7603.000
-2.815 7597.000
-2.810 7591.000
-2.805 7585.000
-2.800 7579.000
-2.795 7574.000
-2.790 7568.000
-2.785 7562.000
-2.780 7556.000
-2.775 7550.000
-2.770 7544.000
-2.765 7538.000
-2.760 7532.000
-2.755 7527.000
-2.750 7521.000
-2.745 7515.000
-2.740 7509.000
-2.735 7503.000
-2.730 7497.000
-2.725 7491.000
-2.720 7485.000
-2.715 7479.000
-2.710 7473.000
-2.705 7467.000
-2.700 7461.000
-2.695 7455.000
-2.690 7449.000
-2.685 7443.000
-2.680 7437.000
-2.675 7431.000
-2.670 7425.000
-2.665 7419.000
-2.660 7413.000
-2.655 7407.000
-2.650 7401.000
-2.645 7395.000
-2.640 7389.000
-2.635 7383.000
-2.630 7377.000
-2.625 7371.000
-2.620 7365.000
-2.615 7359.000
-2.610 7353.000
-2.605 7347.000
-2.600 7341.000
-2.595 7334.000
-2.590 7328.000
-2.585 7322.000
-2.580 7316.000
-2.575 7310.000
-2.570 7304.000
-2.565 7298.000
-2.560 7292.000
-2.555 7285.000
-2.550 7279.000
-2.545 7273.000
-2.540 7267.000
-2.535 7261.000
-2.530 7255.000
-2.525 7248.000
-2.520 7242.000
-2.515 7236.000
-2.510 7230.000
-2.505 7224.000
-2.500 7217.000
-2.495 7211.000
-2.490 7205.000
-2.485 7199.000
-2.480 7192.000
-2.475 7186.000
-2.470 7180.000
-2.465 7174.000
-2.460 7167.000
-2.455 7161.000
-2.450 7155.000
-2.445 7149.000
-2.440 7142.000
-2.435 7136.000
-2.430 7130.000
-2.425 7123.000
-2.420 7117.000
-2.415 7111.000
-2.410 7104.000
-2.405 7098.000
-2.400 7092.000
-2.395 7085.000
-2.390 7079.000
-2.385 7073.000
-2.380 7066.000
-2.375 7060.000
-2.370 7053.000
-2.365 7047.000
-2.360 7041.000
-2.355 7034.000
-2.350 7028.000
-2.345 7021.000
-2.340 7015.000
-2.335 7008.000
-2.330 7002.000
-2.325 6996.000
-2.320 6989.000
-2.315 6983.000
-2.310 6976.000
-2.305 6970.000
-2.300 6963.000
-2.295 6957.000
-2.290 6950.000
-2.285 6944.000
-2.280 6937.000
-2.275 6931.000
-2.270 6924.000
-2.265 6918.000
-2.260 6911.000
-2.255 6904.000
-2.250 6898.000
-2.245 6891.000
-2.240 6885.000
-2.235 6878.000
-2.230 6872.000
-2.225 6865.000
-2.220 6858.000
-2.215 6852.000
-2.210 6845.000
-2.205 6839.000
-2.200 6832.000
-2.195 6825.000
-2.190 6819.000
-2.185 6812.000
-2.180 6805.000
-2.175 6799.000
-2.170 6792.000
-2.165 6785.000
-2.160 6779.000
-2.155 6772.000
-2.150 6765.000
-2.145 6759.000
-2.140 6752.000
-2.135 6745.000
-2.130 6738.000
-2.125 6732.000
-2.120 6725.000
-2.115 6718.000
-2.110 6711.000
-2.105 6705.000
-2.100 6698.000
-2.095 6691.000
-2.090 6684.000
-2.085 6677.000
-2.080 6671.000
-2.075 6664.000
-2.070 6657.000
-2.065 6650.000
-2.060 6643.000
-2.055 6636.000
-2.050 6629.000
-2.045 6623.000
-2.040 6616.000
-2.035 6609.000
-2.030 6602.000
-2.025 6595.000
-2.020 6588.000
-2.015 6581.000
-2.010 6574.000
-2.005 6567.000
-2.000 6560.000
-1.995 6553.000
-1.990 6546.000
-1.985 6539.000
-1.980 6533.000
-1.975 6526.000
-1.970 6519.000
-1.965 6512.000
-1.960 6505.000
-1.955 6498.000
-1.950 6490.000
-1.945 6483.000
-1.940 6476.000
-1.935 6469.000
-1.930 6462.000
-1.925 6455.000
-1.920 6448.000
-1.915 6441.000
-1.910 6434.000
-1.905 6427.000
-1.900 6420.000
-1.895 6413.000
-1.890 6405.000
-1.885 6398.000
-1.880 6391.000
-1.875 6384.000
-1.870 6377.000
-1.865 6370.000
-1.860 6362.000
-1.855 6355.000
-1.850 6348.000
-1.845 6341.000
-1.840 6334.000
-1.835 6326.000
-1.830 6319.000
-1.825 6312.000
-1.820 6305.000
-1.815 6297.000
-1.810 6290.000
-1.805 6283.000
-1.800 6276.000
-1.795 6268.000
-1.790 6261.000
-1.785 6254.000
-1.780 6246.000
-1.775 6239.000
-1.770 6232.000
-1.765 6224.000
-1.760 6217.000
-1.755 6209.000
-1.750 6202.000
-1.745 6195.000
-1.740 6187.000
-1.735 6180.000
-1.730 6172.000
-1.725 6165.000
-1.720 6158.000
-1.715 6150.000
-1.710 6143.000
-1.705 6135.000
-1.700 6128.000
-1.695 6120.000
-1.690 6113.000
-1.685 6105.000
-1.680 6098.000
-1.675 6090.000
-1.670 6082.000
-1.665 6075.000
-1.660 6067.000
-1.655 6060.000
-1.650 6052.000
-1.645 6045.000
-1.640 6037.000
-1.635 6029.000
-1.630 6022.000
-1.625 6014.000
-1.620 6006.000
-1.615 5999.000
-1.610 5991.000
-1.605 5983.000
-1.600 5976.000
-1.595 5968.000
-1.590 5960.000
-1.585 5952.500
-1.580 5945.000
-1.575 5937.000
-1.570 5929.000
-1.565 5921.500
-1.560 5914.000
-1.555 5906.000
-1.550 5898.000
-1.545 5890.000
-1.540 5882.000
-1.535 5875.000
-1.530 5867.000
-1.525 5859.000
-1.520 5851.000
-1.515 5843.000
-1.510 5835.000
-1.505 5827.000
-1.500 5819.000
-1.495 5811.000
-1.490 5803.500
-1.485 5795.500
-1.480 5788.000
-1.475 5780.000
-1.470 5772.000
-1.465 5764.000
-1.460 5755.500
-1.455 5747.500
-1.450 5739.500
-1.445 5731.000
-1.440 5723.000
-1.435 5715.000
-1.430 5707.000
-1.425 5699.000
-1.420 5691.000
-1.415 5683.000
-1.410 5675.000
-1.405 5666.500
-1.400 5658.000
-1.395 5650.000
-1.390 5642.000
-1.385 5634.000
-1.380 5625.500
-1.375 5617.000
-1.370 5609.000
-1.365 5601.000
-1.360 5592.500
-1.355 5584.000
-1.350 5576.000
-1.345 5567.500
-1.340 5559.000
-1.335 5551.000
-1.330 5542.500
-1.325 5534.000
-1.320 5526.000
-1.315 5517.000
-1.310 5509.000
-1.305 5500.500
-1.300 5492.000
-1.295 5484.000
-1.290 5475.000
-1.285 5467.000
-1.280 5458.000
-1.275 5450.000
-1.270 5441.000
-1.265 5432.500
-1.260 5424.000
-1.255 5415.500
-1.250 5407.000
-1.245 5398.000
-1.240 5389.500
-1.235 5381.000
-1.230 5372.000
-1.225 5363.500
-1.220 5355.000
-1.215 5346.000
-1.210 5337.500
-1.205 5329.000
-1.200 5320.000
-1.195 5311.000
-1.190 5302.500
-1.185 5294.000
-1.180 5285.000
-1.175 5276.000
-1.170 5267.000
-1.165 5258.000
-1.160 5249.500
-1.155 5240.500
-1.150 5231.500
-1.145 5222.500
-1.140 5214.000
-1.135 5205.000
-1.130 5196.000
-1.125 5187.000
-1.120 5178.000
-1.115 5168.500
-1.110 5159.500
-1.105 5150.500
-1.100 5141.500
-1.095 5132.000
-1.090 5123.000
-1.085 5114.000
-1.080 5105.000
-1.075 5095.500
-1.070 5086.500
-1.065 5077.000
-1.060 5068.000
-1.055 5058.500
-1.050 5049.000
-1.045 5040.000
-1.040 5031.000
-1.035 5021.000
-1.030 5012.000
-1.025 5002.500
-1.020 4993.000
-1.015 4984.000
-1.010 4974.000
-1.005 4965.000
-1.000 4955.000
-0.995 4946.000
-0.990 4936.000
-0.985 4926.500
-0.980 4917.000
-0.975 4907.500
-0.970 4898.000
-0.965 4888.000
-0.960 4878.500
-0.955 4869.000
-0.950 4859.000
-0.945 4849.000
-0.940 4839.500
-0.935 4829.500
-0.930 4820.000
-0.925 4810.000
-0.920 4800.000
-0.915 4790.000
-0.910 4780.000
-0.905 4770.500
-0.900 4760.500
-0.895 4750.500
-0.890 4740.500
-0.885 4730.000
-0.880 4720.000
-0.875 4710.000
-0.870 4700.000
-0.865 4690.000
-0.860 4679.500
-0.855 4669.500
-0.850 4659.000
-0.845 4649.000
-0.840 4638.500
-0.835 4628.000
-0.830 4618.000
-0.825 4607.500
-0.820 4597.000
-0.815 4586.500
-0.810 4576.000
-0.805 4565.500
-0.800 4555.000
-0.795 4544.500
-0.790 4534.000
-0.785 4523.000
-0.780 4512.500
-0.775 4501.500
-0.770 4491.000
-0.765 4480.000
-0.760 4469.500
-0.755 4458.500
-0.750 4447.500
-0.745 4436.500
-0.740 4425.500
-0.735 4414.500
-0.730 4403.500
-0.725 4392.500
-0.720 4381.500
-0.715 4370.500
-0.710 4359.000
-0.705 4348.000
-0.700 4336.500
-0.695 4325.500
-0.690 4314.000
-0.685 4302.500
-0.680 4291.000
-0.675 4279.500
-0.670 4268.000
-0.665 4256.500
-0.660 4245.000
-0.655 4233.500
-0.650 4221.500
-0.645 4210.000
-0.640 4198.000
-0.635 4186.000
-0.630 4174.000
-0.625 4162.500
-0.620 4150.500
-0.615 4138.000
-0.610 4126.000
-0.605 4114.000
-0.600 4102.000
-0.595 4089.500
-0.590 4077.000
-0.585 4065.000
-0.580 4052.500
-0.575 4040.000
-0.570 4027.500
-0.565 4014.500
-0.560 4002.000
-0.555 3989.500
-0.550 3976.500
-0.545 3963.500
-0.540 3950.500
-0.535 3937.500
-0.530 3924.500
-0.525 3911.500
-0.520 3898.500
-0.515 3885.000
-0.510 3871.500
-0.505 3858.500
-0.500 3845.000
-0.495 3831.000
-0.490 3817.500
-0.485 3804.000
-0.480 3790.000
-0.475 3776.000
-0.470 3762.000
-0.465 3748.000
-0.460 3734.000
-0.455 3719.500
-0.450 3705.500
-0.445 3691.000
-0.440 3676.500
-0.435 3661.500
-0.430 3647.000
-0.425 3632.000
-0.420 3617.000
-0.415 3602.000
-0.410 3587.000
-0.405 3571.500
-0.400 3556.500
-0.395 3541.000
-0.390 3525.000
-0.385 3509.500
-0.380 3493.500
-0.375 3477.500
-0.370 3461.500
-0.365 3445.000
-0.360 3428.500
-0.355 3412.000
-0.350 3395.500
-0.345 3378.500
-0.340 3361.500
-0.335 3344.000
-0.330 3326.500
-0.325 3309.000
-0.320 3291.500
-0.315 3273.500
-0.310 3255.500
-0.305 3237.000
-0.300 3218.500
-0.295 3200.000
-0.290 3181.000
-0.285 3162.000
-0.280 3142.500
-0.275 3123.000
-0.270 3103.000
-0.265 3083.000
-0.260 3062.500
-0.255 3042.000
-0.250 3021.000
-0.245 2999.667
-0.240 2978.000
-0.235 2956.500
-0.230 2934.000
-0.225 2911.500
-0.220 2888.667
-0.215 2865.333
-0.210 2841.667
-0.205 2817.333
-0.200 2793.000
-0.195 2768.000
-0.190 2742.667
-0.185 2716.667
-0.180 2690.000
-0.175 2663.000
-0.170 2635.333
-0.165 2607.000
-0.160 2578.333
-0.155 2548.667
-0.150 2518.333
-0.145 2487.333
-0.140 2455.333
-0.135 2422.667
-0.130 2388.667
-0.125 2354.000
-0.120 2318.333
-0.115 2281.333
-0.110 2243.000
-0.105 2203.667
-0.100 2162.667
-0.095 2120.000
-0.090 2075.750
-0.085 2029.750
-0.080 1981.500
-0.075 1931.000
-0.070 1878.000
-0.065 1822.250
-0.060 1763.500
-0.055 1701.000
-0.050 1634.400
-0.045 1563.400
-0.040 1486.800
-0.035 1403.833
-0.030 1313.167
-0.025 1213.000
-0.020 1100.857
-0.015 1094.125
