-3.500 7931.000
-3.495 7926.000
-3.490 7921.000
-3.485 7915.000
-3.480 7910.000
-3.475 7905.000
-3.470 7900.000
-3.465 7894.000
-3.460 7889.000
-3.455 7884.000
-3.450 7878.000
-3.445 7873.000
-3.440 7868.000
-3.435 7863.000
-3.430 7857.000
-3.425 7852.000
-3.420 7847.000
-3.415 7842.000
-3.410 7837.000
-3.405 7832.000
-3.400 7827.000
-3.395 7821.000
-3.390 7816.000
-3.385 7811.000
-3.380 7806.000
-3.375 7801.000
-3.370 7796.000
-3.365 7791.000
-3.360 7786.000
-3.355 7781.000
-3.350 7776.000
-3.345 7771.000
-3.340 7766.000
-3.335 7761.000
-3.330 7755.000
-3.325 7750.000
-3.320 7745.000
-3.315 7740.000
-3.310 7735.000
-3.305 7730.000
-3.300 7725.000
-3.295 7720.000
-3.290 7714.000
-3.285 7709.000
-3.280 7704.000
-3.275 7699.000
-3.270 7694.000
-3.265 7689.000
-3.260 7683.000
-3.255 7678.000
-3.250 7673.000
-3.245 7668.000
-3.240 7663.000
-3.235 7658.000
-3.230 7652.000
-3.225 7647.000
-3.220 7642.000
-3.215 7637.000
-3.210 7632.000
-3.205 7626.000
-3.200 7621.000
-3.195 7616.000
-3.190 7611.000
-3.185 7605.000
-3.180 7600.000
-3.175 7595.000
-3.170 7590.000
-3.165 7584.000
-3.160 7579.000
-3.155 7574.000
-3.150 7569.000
-3.145 7563.000
-3.140 7558.000
-3.135 7553.000
-3.130 7548.000
-3.125 7542.000
-3.120 7537.000
-3.115 7532.000
-3.110 7526.000
-3.105 7521.000
-3.100 7516.000
-3.095 7510.000
-3.090 7505.000
-3.085 7500.000
-3.080 7494.000
-3.075 7489.000
-3.070 7484.000
-3.065 7478.000
-3.060 7473.000
-3.055 7468.000
-3.050 7462.000
-3.045 7457.000
-3.040 7452.000
-3.035 7446.000
-3.030 7441.000
-3.025 7435.000
-3.020 7430.000
-3.015 7425.000
-3.010 7419.000
-3.005 7414.000
-3.000 7408.000
-2.995 7403.000
-2.990 7398.000
-2.985 7392.000
-2.980 7387.000
-2.975 7381.000
-2.970 7376.000
-2.965 7370.000
-2.960 7365.000
-2.955 7360.000
-2.950 7354.000
-2.945 7349.000
-2.940 7343.000
-2.935 7338.000
-2.930 7332.000
-2.925 7327.000
-2.920 7321.000
-2.915 7316.000
-2.910 7310.000
-2.905 7305.000
-2.900 7299.000
-2.895 7294.000
-2.890 7288.000
-2.885 7283.000
-2.880 7277.000
-2.875 7272.000
-2.870 7266.000
-2.865 7261.000
-2.860 7255.000
-2.855 7249.000
-2.850 7244.000
-2.845 7238.000
-2.840 7233.000
-2.835 7227.000
-2.830 7222.000
-2.825 7216.000
-2.820 7210.000
-2.815 7205.000
-2.810 7199.000
-2.805 7194.000
-2.800 7188.000
-2.795 7182.000
-2.790 7177.000
-2.785 7171.000
-2.780 7166.000
-2.775 7160.000
-2.770 7154.000
-2.765 7149.000
-2.760 7143.000
-2.755 7137.000
-2.750 7132.000
-2.745 7126.000
-2.740 7120.000
-2.735 7115.000
-2.730 7109.000
-2.725 7103.000
-2.720 7098.000
-2.715 7092.000
-2.710 7086.000
-2.705 7080.000
-2.700 7075.000
-2.695 7069.000
-2.690 7063.000
-2.685 7058.000
-2.680 7052.000
-2.675 7046.000
-2.670 7040.000
-2.665 7035.000
-2.660 7029.000
-2.655 7023.000
-2.650 7017.000
-2.645 7012.000
-2.640 7006.000
-2.635 7000.000
-2.630 6994.000
-2.625 6988.000
-2.620 6983.000
-2.615 6977.000
-2.610 6971.000
-2.605 6965.000
-2.600 6959.000
-2.595 6953.000
-2.590 6948.000
-2.585 6942.000
-2.580 6936.000
-2.575 6930.000
-2.570 6924.000
-2.565 6918.000
-2.560 6912.000
-2.555 6907.000
-2.550 6901.000
-2.545 6895.000
-2.540 6889.000
-2.535 6883.000
-2.530 6877.000
-2.525 6871.000
-2.520 6865.000
-2.515 6859.000
-2.510 6853.000
-2.505 6847.000
-2.500 6842.000
-2.495 6836.000
-2.490 6830.000
-2.485 6824.000
-2.480 6818.000
-2.475 6812.000
-2.470 6806.000
-2.465 6800.000
-2.460 6794.000
-2.455 6788.000
-2.450 6782.000
-2.445 6776.000
-2.440 6770.000
-2.435 6764.000
-2.430 6758.000
-2.425 6752.000
-2.420 6746.000
-2.415 6740.000
-2.410 6733.000
-2.405 6727.000
-2.400 6721.000
-2.395 6715.000
-2.390 6709.000
-2.385 6703.000
-2.380 6697.000
-2.375 6691.000
-2.370 6685.000
-2.365 6679.000
-2.360 6673.000
-2.355 6666.000
-2.350 6660.000
-2.345 6654.000
-2.340 6648.000
-2.335 6642.000
-2.330 6636.000
-2.325 6630.000
-2.320 6623.000
-2.315 6617.000
-2.310 6611.000
-2.305 6605.000
-2.300 6599.000
-2.295 6593.000
-2.290 6586.000
-2.285 6580.000
-2.280 6574.000
-2.275 6568.000
-2.270 6561.000
-2.265 6555.000
-2.260 6549.000
-2.255 6543.000
-2.250 6536.000
-2.245 6530.000
-2.240 6524.000
-2.235 6518.000
-2.230 6511.000
-2.225 6505.000
-2.220 6499.000
-2.215 6492.000
-2.210 6486.000
-2.205 6480.000
-2.200 6474.000
-2.195 6467.000
-2.190 6461.000
-2.185 6454.000
-2.180 6448.000
-2.175 6442.000
-2.170 6435.000
-2.165 6429.000
-2.160 6423.000
-2.155 6416.000
-2.150 6410.000
-2.145 6403.000
-2.140 6397.000
-2.135 6391.000
-2.130 6384.000
-2.125 6378.000
-2.120 6371.000
-2.115 6365.000
-2.110 6358.000
-2.105 6352.000
-2.100 6346.000
-2.095 6339.000
-2.090 6333.000
-2.085 6326.000
-2.080 6320.000
-2.075 6313.000
-2.070 6307.000
-2.065 6300.000
-2.060 6294.000
-2.055 6287.000
-2.050 6280.000
-2.045 6274.000
-2.040 6267.000
-2.035 6261.000
-2.030 6254.000
-2.025 6248.000
-2.020 6241.000
-2.015 6234.000
-2.010 6228.000
-2.005 6221.000
-2.000 6215.000
-1.995 6208.000
-1.990 6201.000
-1.985 6195.000
-1.980 6188.000
-1.975 6181.000
-1.970 6175.000
-1.965 6168.000
-1.960 6161.000
-1.955 6155.000
-1.950 6148.000
-1.945 6141.000
-1.940 6135.000
-1.935 6128.000
-1.930 6121.000
-1.925 6114.000
-1.920 6108.000
-1.915 6101.000
-1.910 6094.000
-1.905 6087.000
-1.900 6081.000
-1.895 6074.000
-1.890 6067.000
-1.885 6060.000
-1.880 6054.000
-1.875 6047.000
-1.870 6040.000
-1.865 6033.000
-1.860 6026.000
-1.855 6019.000
-1.850 6013.000
-1.845 6006.000
-1.840 5999.000
-1.835 5992.000
-1.830 5985.000
-1.825 5978.000
-1.820 5971.000
-1.815 5964.000
-1.810 5957.000
-1.805 5950.000
-1.800 5944.000
-1.795 5937.000
-1.790 5930.000
-1.785 5923.000
-1.780 5916.000
-1.775 5909.000
-1.770 5902.000
-1.765 5895.000
-1.760 5888.000
-1.755 5881.000
-1.750 5874.000
-1.745 5867.000
-1.740 5860.000
-1.735 5852.000
-1.730 5845.000
-1.725 5838.000
-1.720 5831.000
-1.715 5824.000
-1.710 5817.000
-1.705 5810.000
-1.700 5803.000
-1.695 5796.000
-1.690 5789.000
-1.685 5781.000
-1.680 5774.000
-1.675 5767.000
-1.670 5760.000
-1.665 5753.000
-1.660 5745.500
-1.655 5738.000
-1.650 5731.000
-1.645 5724.000
-1.640 5717.000
-1.635 5709.000
-1.630 5702.000
-1.625 5695.000
-1.620 5688.000
-1.615 5680.000
-1.610 5673.000
-1.605 5666.000
-1.600 5658.000
-1.595 5651.000
-1.590 5644.000
-1.585 5636.000
-1.580 5629.000
-1.575 5622.000
-1.570 5614.000
-1.565 5607.000
-1.560 5599.000
-1.555 5592.000
-1.550 5585.000
-1.545 5577.000
-1.540 5570.000
-1.535 5562.000
-1.530 5555.000
-1.525 5547.000
-1.520 5540.000
-1.515 5532.000
-1.510 5525.000
-1.505 5517.000
-1.500 5510.000
-1.495 5502.000
-1.490 5495.000
-1.485 5487.000
-1.480 5480.000
-1.475 5472.000
-1.470 5464.000
-1.465 5457.000
-1.460 5449.000
-1.455 5442.000
-1.450 5434.000
-1.445 5426.000
-1.440 5419.000
-1.435 5411.000
-1.430 5403.000
-1.425 5395.500
-1.420 5388.000
-1.415 5380.000
-1.410 5372.000
-1.405 5365.000
-1.400 5357.000
-1.395 5349.000
-1.390 5341.000
-1.385 5333.500
-1.380 5326.000
-1.375 5318.000
-1.370 5310.000
-1.365 5302.000
-1.360 5294.000
-1.355 5286.500
-1.350 5279.000
-1.345 5271.000
-1.340 5263.000
-1.335 5255.000
-1.330 5247.000
-1.325 5239.000
-1.320 5231.000
-1.315 5223.000
-1.310 5215.000
-1.305 5207.000
-1.300 5199.000
-1.295 5191.000
-1.290 5183.000
-1.285 5175.000
-1.280 5167.000
-1.275 5159.000
-1.270 5151.000
-1.265 5142.500
-1.260 5134.500
-1.255 5126.000
-1.250 5118.000
-1.245 5110.000
-1.240 5102.000
-1.235 5093.500
-1.230 5085.000
-1.225 5077.000
-1.220 5069.000
-1.215 5060.500
-1.210 5052.000
-1.205 5044.000
-1.200 5036.000
-1.195 5027.500
-1.190 5019.000
-1.185 5011.000
-1.180 5002.000
-1.175 4994.000
-1.170 4985.500
-1.165 4977.000
-1.160 4969.000
-1.155 4960.000
-1.150 4952.000
-1.145 4943.000
-1.140 4935.000
-1.135 4926.000
-1.130 4918.000
-1.125 4909.000
-1.120 4901.000
-1.115 4892.000
-1.110 4883.500
-1.105 4875.000
-1.100 4866.000
-1.095 4857.500
-1.090 4849.000
-1.085 4840.000
-1.080 4831.500
-1.075 4823.000
-1.070 4814.000
-1.065 4805.500
-1.060 4796.500
-1.055 4788.000
-1.050 4779.000
-1.045 4770.000
-1.040 4761.000
-1.035 4752.500
-1.030 4743.500
-1.025 4734.500
-1.020 4725.500
-1.015 4717.000
-1.010 4708.000
-1.005 4699.000
-1.000 4690.000
-0.995 4681.000
-0.990 4671.500
-0.985 4662.500
-0.980 4653.500
-0.975 4644.500
-0.970 4635.000
-0.965 4626.000
-0.960 4617.000
-0.955 4607.500
-0.950 4598.500
-0.945 4589.000
-0.940 4580.000
-0.935 4570.500
-0.930 4561.500
-0.925 4552.000
-0.920 4542.500
-0.915 4533.000
-0.910 4524.000
-0.905 4514.500
-0.900 4505.000
-0.895 4495.500
-0.890 4486.000
-0.885 4476.500
-0.880 4467.000
-0.875 4457.000
-0.870 4447.500
-0.865 4438.000
-0.860 4428.500
-0.855 4418.500
-0.850 4409.000
-0.845 4399.000
-0.840 4389.500
-0.835 4379.500
-0.830 4370.000
-0.825 4360.000
-0.820 4350.000
-0.815 4340.000
-0.810 4330.000
-0.805 4320.000
-0.800 4310.000
-0.795 4300.000
-0.790 4290.000
-0.785 4280.000
-0.780 4270.000
-0.775 4259.500
-0.770 4249.500
-0.765 4239.500
-0.760 4229.000
-0.755 4219.000
-0.750 4208.500
-0.745 4198.000
-0.740 4187.500
-0.735 4177.000
-0.730 4167.000
-0.725 4156.500
-0.720 4146.000
-0.715 4135.000
-0.710 4124.500
-0.705 4114.000
-0.700 4103.000
-0.695 4092.500
-0.690 4081.500
-0.685 4071.000
-0.680 4060.000
-0.675 4049.000
-0.670 4038.500
-0.665 4027.500
-0.660 4016.500
-0.655 4005.000
-0.650 3994.000
-0.645 3983.000
-0.640 3972.000
-0.635 3960.500
-0.630 3949.500
-0.625 3938.000
-0.620 3926.500
-0.615 3915.000
-0.610 3903.500
-0.605 3892.000
-0.600 3880.500
-0.595 3869.000
-0.590 3857.500
-0.585 3845.500
-0.580 3834.000
-0.575 3822.000
-0.570 3810.000
-0.565 3798.000
-0.560 3786.000
-0.555 3774.000
-0.550 3762.000
-0.545 3749.500
-0.540 3737.500
-0.535 3725.000
-0.530 3713.000
-0.525 3700.500
-0.520 3688.000
-0.515 3675.000
-0.510 3662.500
-0.505 3650.000
-0.500 3637.000
-0.495 3624.000
-0.490 3611.000
-0.485 3598.000
-0.480 3585.000
-0.475 3572.000
-0.470 3558.500
-0.465 3545.500
-0.460 3532.000
-0.455 3518.500
-0.450 3505.000
-0.445 3491.000
-0.440 3477.500
-0.435 3463.500
-0.430 3449.500
-0.425 3435.500
-0.420 3421.500
-0.415 3407.000
-0.410 3392.500
-0.405 3378.000
-0.400 3363.500
-0.395 3349.000
-0.390 3334.000
-0.385 3319.000
-0.380 3304.000
-0.375 3289.000
-0.370 3273.500
-0.365 3258.000
-0.360 3242.500
-0.355 3227.000
-0.350 3211.000
-0.345 3195.000
-0.340 3179.000
-0.335 3162.500
-0.330 3146.000
-0.325 3129.500
-0.320 3112.500
-0.315 3095.500
-0.310 3078.500
-0.305 3061.000
-0.300 3043.500
-0.295 3026.000
-0.290 3008.000
-0.285 2989.500
-0.280 2971.500
-0.275 2952.500
-0.270 2934.000
-0.265 2915.000
-0.260 2895.500
-0.255 2876.000
-0.250 2856.000
-0.245 2836.000
-0.240 2815.500
-0.235 2795.000
-0.230 2773.667
-0.225 2752.333
-0.220 2730.667
-0.215 2708.667
-0.210 2686.000
-0.205 2663.000
-0.200 2640.000
-0.195 2616.333
-0.190 2592.000
-0.185 2567.333
-0.180 2542.333
-0.175 2516.667
-0.170 2490.333
-0.165 2463.667
-0.160 2436.333
-0.155 2408.333
-0.150 2379.333
-0.145 2350.000
-0.140 2319.667
-0.135 2288.667
-0.130 2256.667
-0.125 2223.667
-0.120 2189.667
-0.115 2154.667
-0.110 2118.667
-0.105 2081.000
-0.100 2042.250
-0.095 2002.000
-0.090 1960.000
-0.085 1916.250
-0.080 1870.500
-0.075 1822.750
-0.070 1772.500
-0.065 1719.750
-0.060 1664.000
-0.055 1604.750
-0.050 1542.000
-0.045 1474.600
-0.040 1402.167
-0.035 1323.800
-0.030 1238.000
-0.025 1143.500
-0.020 1037.571
-0.015 916.500
