-3.500 3732.000
-3.495 3729.000
-3.490 3727.000
-3.485 3724.000
-3.480 3722.000
-3.475 3719.000
-3.470 3717.000
-3.465 3714.000
-3.460 3712.000
-3.455 3709.000
-3.450 3707.000
-3.445 3704.000
-3.440 3702.000
-3.435 3699.000
-3.430 3697.000
-3.425 3694.000
-3.420 3692.000
-3.415 3689.000
-3.410 3687.000
-3.405 3684.000
-3.400 3682.000
-3.395 3679.000
-3.390 3677.000
-3.385 3674.000
-3.380 3672.000
-3.375 3669.000
-3.370 3667.000
-3.365 3664.000
-3.360 3662.000
-3.355 3659.000
-3.350 3657.000
-3.345 3654.000
-3.340 3652.000
-3.335 3649.000
-3.330 3646.000
-3.325 3644.000
-3.320 3641.000
-3.315 3639.000
-3.310 3636.000
-3.305 3634.000
-3.300 3631.000
-3.295 3629.000
-3.290 3626.000
-3.285 3623.000
-3.280 3621.000
-3.275 3618.000
-3.270 3616.000
-3.265 3613.000
-3.260 3611.000
-3.255 3608.000
-3.250 3606.000
-3.245 3603.000
-3.240 3600.000
-3.235 3598.000
-3.230 3595.000
-3.225 3593.000
-3.220 3590.000
-3.215 3587.000
-3.210 3585.000
-3.205 3582.000
-3.200 3580.000
-3.195 3577.000
-3.190 3575.000
-3.185 3572.000
-3.180 3569.000
-3.175 3567.000
-3.170 3564.000
-3.165 3562.000
-3.160 3559.000
-3.155 3556.000
-3.150 3554.000
-3.145 3551.000
-3.140 3549.000
-3.135 3546.000
-3.130 3543.000
-3.125 3541.000
-3.120 3538.000
-3.115 3535.000
-3.110 3533.000
-3.105 3530.000
-3.100 3528.000
-3.095 3525.000
-3.090 3522.000
-3.085 3520.000
-3.080 3517.000
-3.075 3514.000
-3.070 3512.000
-3.065 3509.000
-3.060 3507.000
-3.055 3504.000
-3.050 3501.000
-3.045 3499.000
-3.040 3496.000
-3.035 3493.000
-3.030 3491.000
-3.025 3488.000
-3.020 3485.000
-3.015 3483.000
-3.010 3480.000
-3.005 3477.000
-3.000 3475.000
-2.995 3472.000
-2.990 3469.000
-2.985 3467.000
-2.980 3464.000
-2.975 3461.000
-2.970 3459.000
-2.965 3456.000
-2.960 3453.000
-2.955 3451.000
-2.950 3448.000
-2.945 3445.000
-2.940 3443.000
-2.935 3440.000
-2.930 3437.000
-2.925 3435.000
-2.920 3432.000
-2.915 3429.000
-2.910 3427.000
-2.905 3424.000
-2.900 3421.000
-2.895 3418.000
-2.890 3416.000
-2.885 3413.000
-2.880 3410.000
-2.875 3408.000
-2.870 3405.000
-2.865 3402.000
-2.860 3399.000
-2.855 3397.000
-2.850 3394.000
-2.845 3391.000
-2.840 3389.000
-2.835 3386.000
-2.830 3383.000
-2.825 3380.000
-2.820 3378.000
-2.815 3375.000
-2.810 3372.000
-2.805 3369.000
-2.800 3367.000
-2.795 3364.000
-2.790 3361.000
-2.785 3359.000
-2.780 3356.000
-2.775 3353.000
-2.770 3350.000
-2.765 3347.000
-2.760 3345.000
-2.755 3342.000
-2.750 3339.000
-2.745 3336.000
-2.740 3334.000
-2.735 3331.000
-2.730 3328.000
-2.725 3325.000
-2.720 3323.000
-2.715 3320.000
-2.710 3317.000
-2.705 3314.000
-2.700 3311.000
-2.695 3309.000
-2.690 3306.000
-2.685 3303.000
-2.680 3300.000
-2.675 3298.000
-2.670 3295.000
-2.665 3292.000
-2.660 3289.000
-2.655 3286.000
-2.650 3284.000
-2.645 3281.000
-2.640 3278.000
-2.635 3275.000
-2.630 3272.000
-2.625 3269.000
-2.620 3267.000
-2.615 3264.000
-2.610 3261.000
-2.605 3258.000
-2.600 3255.000
-2.595 3253.000
-2.590 3250.000
-2.585 3247.000
-2.580 3244.000
-2.575 3241.000
-2.570 3238.000
-2.565 3235.000
-2.560 3233.000
-2.555 3230.000
-2.550 3227.000
-2.545 3224.000
-2.540 3221.000
-2.535 3218.000
-2.530 3215.000
-2.525 3213.000
-2.520 3210.000
-2.515 3207.000
-2.510 3204.000
-2.505 3201.000
-2.500 3198.000
-2.495 3195.000
-2.490 3193.000
-2.485 3190.000
-2.480 3187.000
-2.475 3184.000
-2.470 3181.000
-2.465 3178.000
-2.460 3175.000
-2.455 3172.000
-2.450 3169.000
-2.445 3166.000
-2.440 3164.000
-2.435 3161.000
-2.430 3158.000
-2.425 3155.000
-2.420 3152.000
-2.415 3149.000
-2.410 3146.000
-2.405 3143.000
-2.400 3140.000
-2.395 3137.000
-2.390 3134.000
-2.385 3131.000
-2.380 3129.000
-2.375 3126.000
-2.370 3123.000
-2.365 3120.000
-2.360 3117.000
-2.355 3114.000
-2.350 3111.000
-2.345 3108.000
-2.340 3105.000
-2.335 3102.000
-2.330 3099.000
-2.325 3096.000
-2.320 3093.000
-2.315 3090.000
-2.310 3087.000
-2.305 3084.000
-2.300 3081.000
-2.295 3078.000
-2.290 3075.000
-2.285 3072.000
-2.280 3069.000
-2.275 3066.000
-2.270 3063.000
-2.265 3060.000
-2.260 3057.000
-2.255 3054.000
-2.250 3051.000
-2.245 3048.000
-2.240 3045.000
-2.235 3042.000
-2.230 3039.000
-2.225 3036.000
-2.220 3033.000
-2.215 3030.000
-2.210 3027.000
-2.205 3024.000
-2.200 3021.000
-2.195 3018.000
-2.190 3015.000
-2.185 3012.000
-2.180 3009.000
-2.175 3006.000
-2.170 3003.000
-2.165 3000.000
-2.160 2997.000
-2.155 2994.000
-2.150 2991.000
-2.145 2988.000
-2.140 2984.000
-2.135 2981.000
-2.130 2978.000
-2.125 2975.000
-2.120 2972.000
-2.115 2969.000
-2.110 2966.000
-2.105 2963.000
-2.100 2960.000
-2.095 2957.000
-2.090 2954.000
-2.085 2950.000
-2.080 2947.000
-2.075 2944.000
-2.070 2941.000
-2.065 2938.000
-2.060 2935.000
-2.055 2932.000
-2.050 2929.000
-2.045 2926.000
-2.040 2922.000
-2.035 2919.000
-2.030 2916.000
-2.025 2913.000
-2.020 2910.000
-2.015 2907.000
-2.010 2904.000
-2.005 2900.000
-2.000 2897.000
-1.995 2894.000
-1.990 2891.000
-1.985 2888.000
-1.980 2885.000
-1.975 2881.000
-1.970 2878.000
-1.965 2875.000
-1.960 2872.000
-1.955 2869.000
-1.950 2866.000
-1.945 2862.000
-1.940 2859.000
-1.935 2856.000
-1.930 2853.000
-1.925 2850.000
-1.920 2846.000
-1.915 2843.000
-1.910 2840.000
-1.905 2837.000
-1.900 2833.000
-1.895 2830.000
-1.890 2827.000
-1.885 2824.000
-1.880 2821.000
-1.875 2817.000
-1.870 2814.000
-1.865 2811.000
-1.860 2808.000
-1.855 2804.000
-1.850 2801.000
-1.845 2798.000
-1.840 2795.000
-1.835 2791.000
-1.830 2788.000
-1.825 2785.000
-1.820 2781.000
-1.815 2778.000
-1.810 2775.000
-1.805 2772.000
-1.800 2768.000
-1.795 2765.000
-1.790 2762.000
-1.785 2758.000
-1.780 2755.000
-1.775 2752.000
-1.770 2748.000
-1.765 2745.000
-1.760 2742.000
-1.755 2738.000
-1.750 2735.000
-1.745 2732.000
-1.740 2728.000
-1.735 2725.000
-1.730 2722.000
-1.725 2718.000
-1.720 2715.000
-1.715 2712.000
-1.710 2708.000
-1.705 2705.000
-1.700 2702.000
-1.695 2698.000
-1.690 2695.000
-1.685 2691.000
-1.680 2688.000
-1.675 2685.000
-1.670 2681.000
-1.665 2678.000
-1.660 2674.000
-1.655 2671.000
-1.650 2668.000
-1.645 2664.000
-1.640 2661.000
-1.635 2657.000
-1.630 2654.000
-1.625 2650.500
-1.620 2647.000
-1.615 2644.000
-1.610 2640.000
-1.605 2637.000
-1.600 2633.000
-1.595 2630.000
-1.590 2626.000
-1.585 2623.000
-1.580 2619.000
-1.575 2616.000
-1.570 2612.000
-1.565 2609.000
-1.560 2605.000
-1.555 2602.000
-1.550 2598.000
-1.545 2595.000
-1.540 2591.000
-1.535 2588.000
-1.530 2584.000
-1.525 2581.000
-1.520 2577.000
-1.515 2574.000
-1.510 2570.000
-1.505 2567.000
-1.500 2563.000
-1.495 2559.500
-1.490 2556.000
-1.485 2552.500
-1.480 2549.000
-1.475 2545.000
-1.470 2542.000
-1.465 2538.000
-1.460 2534.500
-1.455 2531.000
-1.450 2527.000
-1.445 2524.000
-1.440 2520.000
-1.435 2516.500
-1.430 2513.000
-1.425 2509.000
-1.420 2506.000
-1.415 2502.000
-1.410 2498.000
-1.405 2495.000
-1.400 2491.000
-1.395 2487.000
-1.390 2484.000
-1.385 2480.000
-1.380 2476.000
-1.375 2473.000
-1.370 2469.000
-1.365 2465.000
-1.360 2461.500
-1.355 2458.000
-1.350 2454.000
-1.345 2450.500
-1.340 2447.000
-1.335 2443.000
-1.330 2439.000
-1.325 2435.500
-1.320 2432.000
-1.315 2428.000
-1.310 2424.000
-1.305 2420.500
-1.300 2417.000
-1.295 2413.000
-1.290 2409.000
-1.285 2405.500
-1.280 2401.500
-1.275 2398.000
-1.270 2394.000
-1.265 2390.000
-1.260 2386.500
-1.255 2382.500
-1.250 2379.000
-1.245 2375.000
-1.240 2371.000
-1.235 2367.000
-1.230 2363.000
-1.225 2359.500
-1.220 2355.500
-1.215 2352.000
-1.210 2348.000
-1.205 2344.000
-1.200 2340.000
-1.195 2336.000
-1.190 2332.000
-1.185 2328.000
-1.180 2324.500
-1.175 2320.500
-1.170 2316.500
-1.165 2312.500
-1.160 2308.500
-1.155 2304.500
-1.150 2301.000
-1.145 2297.000
-1.140 2293.000
-1.135 2289.000
-1.130 2285.000
-1.125 2281.000
-1.120 2277.000
-1.115 2272.500
-1.110 2268.500
-1.105 2264.500
-1.100 2260.500
-1.095 2256.500
-1.090 2252.500
-1.085 2248.500
-1.080 2244.000
-1.075 2240.000
-1.070 2236.000
-1.065 2232.000
-1.060 2228.000
-1.055 2224.000
-1.050 2219.500
-1.045 2215.500
-1.040 2211.000
-1.035 2207.000
-1.030 2203.000
-1.025 2199.000
-1.020 2194.500
-1.015 2190.500
-1.010 2186.000
-1.005 2182.000
-1.000 2178.000
-0.995 2173.500
-0.990 2169.500
-0.985 2165.000
-0.980 2161.000
-0.975 2156.500
-0.970 2152.000
-0.965 2148.000
-0.960 2144.000
-0.955 2139.500
-0.950 2135.000
-0.945 2131.000
-0.940 2126.500
-0.935 2122.000
-0.930 2117.500
-0.925 2113.500
-0.920 2109.000
-0.915 2104.500
-0.910 2100.000
-0.905 2096.000
-0.900 2091.000
-0.895 2087.000
-0.890 2082.500
-0.885 2078.000
-0.880 2073.500
-0.875 2069.000
-0.870 2064.500
-0.865 2060.000
-0.860 2055.500
-0.855 2051.000
-0.850 2046.500
-0.845 2042.000
-0.840 2037.000
-0.835 2032.500
-0.830 2028.000
-0.825 2023.500
-0.820 2019.000
-0.815 2014.000
-0.810 2009.500
-0.805 2005.000
-0.800 2000.000
-0.795 1995.500
-0.790 1991.000
-0.785 1986.000
-0.780 1981.500
-0.775 1976.500
-0.770 1972.000
-0.765 1967.000
-0.760 1962.500
-0.755 1957.500
-0.750 1952.500
-0.745 1948.000
-0.740 1943.000
-0.735 1938.000
-0.730 1933.000
-0.725 1928.500
-0.720 1923.500
-0.715 1918.500
-0.710 1913.500
-0.705 1908.500
-0.700 1903.500
-0.695 1898.500
-0.690 1893.500
-0.685 1888.500
-0.680 1883.500
-0.675 1878.000
-0.670 1873.000
-0.665 1868.000
-0.660 1863.000
-0.655 1857.500
-0.650 1852.500
-0.645 1847.500
-0.640 1842.000
-0.635 1837.000
-0.630 1831.500
-0.625 1826.500
-0.620 1821.000
-0.615 1815.500
-0.610 1810.000
-0.605 1805.000
-0.600 1799.500
-0.595 1794.000
-0.590 1788.500
-0.585 1783.000
-0.580 1777.500
-0.575 1772.000
-0.570 1766.500
-0.565 1761.000
-0.560 1755.500
-0.555 1749.500
-0.550 1744.000
-0.545 1738.500
-0.540 1732.500
-0.535 1727.000
-0.530 1721.000
-0.525 1715.000
-0.520 1709.500
-0.515 1703.500
-0.510 1697.500
-0.505 1691.500
-0.500 1685.500
-0.495 1679.500
-0.490 1673.500
-0.485 1667.500
-0.480 1661.500
-0.475 1655.500
-0.470 1649.000
-0.465 1643.000
-0.460 1636.500
-0.455 1630.500
-0.450 1624.000
-0.445 1617.500
-0.440 1611.000
-0.435 1604.500
-0.430 1598.000
-0.425 1591.500
-0.420 1585.000
-0.415 1578.500
-0.410 1571.500
-0.405 1565.000
-0.400 1558.000
-0.395 1551.000
-0.390 1544.000
-0.385 1537.000
-0.380 1530.000
-0.375 1523.000
-0.370 1516.000
-0.365 1508.500
-0.360 1501.500
-0.355 1494.000
-0.350 1486.500
-0.345 1479.000
-0.340 1471.500
-0.335 1464.000
-0.330 1456.500
-0.325 1448.500
-0.320 1440.500
-0.315 1433.000
-0.310 1424.500
-0.305 1416.500
-0.300 1408.500
-0.295 1400.000
-0.290 1392.000
-0.285 1383.500
-0.280 1374.500
-0.275 1366.000
-0.270 1357.000
-0.265 1348.500
-0.260 1339.500
-0.255 1330.000
-0.250 1321.000
-0.245 1311.333
-0.240 1302.000
-0.235 1292.000
-0.230 1282.333
-0.225 1272.333
-0.220 1262.000
-0.215 1252.000
-0.210 1241.333
-0.205 1230.667
-0.200 1219.667
-0.195 1208.667
-0.190 1197.333
-0.185 1186.000
-0.180 1174.000
-0.175 1162.000
-0.170 1150.000
-0.165 1137.333
-0.160 1124.667
-0.155 1111.333
-0.150 1098.000
-0.145 1084.333
-0.140 1070.000
-0.135 1055.667
-0.130 1040.667
-0.125 1025.333
-0.120 1009.333
-0.115 993.000
-0.110 976.000
-0.105 958.500
-0.100 940.500
-0.095 921.500
-0.090 902.000
-0.085 881.750
-0.080 860.250
-0.075 838.000
-0.070 814.750
-0.065 790.000
-0.060 764.200
-0.055 736.600
-0.050 707.400
-0.045 676.200
-0.040 642.667
-0.035 606.400
-0.030 566.833
-0.025 523.286
-0.020 474.571
-0.015 419.111
