-0.0630 2078.0000
-0.0620 2064.0000
-0.0600 2037.0000
-0.0590 2023.0000
-0.0580 2008.0000
-0.0570 1995.0000
-0.0560 1980.0000
-0.0550 1966.0000
-0.0540 1951.0000
-0.0530 1936.0000
-0.0520 1920.0000
-0.0510 1905.0000
-0.0500 1890.0000
-0.0490 1874.0000
-0.0480 1858.0000
-0.0470 1841.0000
-0.0460 1825.0000
-0.0450 1808.0000
-0.0440 1791.0000
-0.0410 1739.0000
-0.0400 1721.0000
-0.0390 1702.0000
-0.0380 1684.0000
-0.0370 1665.0000
-0.0360 1645.0000
-0.0350 1626.0000
-0.0340 1606.0000
-0.0330 1585.0000
-0.0320 1565.0000
-0.0310 1543.0000
-0.0290 1500.0000
-0.0270 1454.0000
-0.0250 1407.0000
-0.0230 1357.0000
-0.0220 1331.0000
-0.0210 1304.0000
-0.0200 1277.0000
-0.0180 1221.0000
-0.0170 1192.0000
-0.0160 1160.0000
-0.0140 1097.0000
-0.0110 992.0000
-0.0100 954.0000
-0.0090 915.0000
-0.0080 873.0000
-0.0060 785.0000
-0.0040 684.0000
-0.0030 629.0000
-0.0020 568.0000
-0.0010 501.0000
