-0.0460 2097.0000
-0.0440 2052.0000
-0.0430 2032.0000
-0.0410 1998.0000
-0.0400 1974.0000
-0.0380 1928.0000
-0.0370 1917.0000
-0.0350 1865.0000
-0.0340 1837.0000
-0.0330 1823.0000
-0.0320 1797.0000
-0.0310 1765.0000
-0.0300 1751.0000
-0.0290 1723.0000
-0.0280 1696.0000
-0.0260 1642.0000
-0.0250 1621.0000
-0.0240 1588.0000
-0.0210 1503.0000
-0.0200 1470.0000
-0.0190 1438.0000
-0.0180 1407.0000
-0.0170 1378.0000
-0.0160 1336.0000
-0.0150 1297.0000
-0.0140 1260.0000
-0.0130 1225.0000
-0.0120 1192.0000
-0.0110 1145.0000
-0.0100 1102.0000
-0.0090 1050.0000
-0.0080 1002.0000
-0.0070 958.0000
-0.0060 900.0000
-0.0050 848.0000
-0.0040 787.0000
-0.0030 723.0000
-0.0020 658.0000
-0.0010 580.0000
