-0.0880 2057.0000
-0.0870 2048.0000
-0.0860 2039.0000
-0.0840 2020.0000
-0.0820 2001.0000
-0.0810 1991.0000
-0.0800 1981.0000
-0.0790 1971.0000
-0.0780 1961.0000
-0.0770 1951.0000
-0.0760 1941.0000
-0.0750 1931.0000
-0.0740 1920.0000
-0.0730 1910.0000
-0.0720 1899.0000
-0.0700 1878.0000
-0.0690 1867.0000
-0.0680 1856.0000
-0.0670 1845.0000
-0.0650 1822.0000
-0.0630 1799.0000
-0.0620 1787.0000
-0.0610 1775.0000
-0.0600 1763.0000
-0.0590 1751.0000
-0.0580 1739.0000
-0.0570 1726.0000
-0.0550 1701.0000
-0.0540 1688.0000
-0.0530 1675.0000
-0.0520 1661.0000
-0.0510 1648.0000
-0.0500 1634.0000
-0.0490 1620.0000
-0.0480 1606.0000
-0.0470 1592.0000
-0.0460 1578.0000
-0.0450 1563.0000
-0.0440 1548.0000
-0.0430 1533.0000
-0.0420 1518.0000
-0.0410 1502.0000
-0.0390 1470.0000
-0.0380 1454.0000
-0.0370 1438.0000
-0.0360 1421.0000
-0.0350 1404.0000
-0.0340 1386.0000
-0.0330 1368.0000
-0.0320 1350.0000
-0.0310 1332.0000
-0.0300 1313.0000
-0.0290 1294.0000
-0.0280 1274.0000
-0.0270 1254.0000
-0.0260 1234.0000
-0.0250 1213.0000
-0.0240 1192.0000
-0.0220 1147.0000
-0.0210 1124.0000
-0.0190 1076.0000
-0.0170 1026.0000
-0.0150 972.0000
-0.0140 944.0000
-0.0130 915.0000
-0.0110 854.0000
-0.0100 821.0000
-0.0090 787.0000
-0.0070 715.0000
-0.0060 675.0000
-0.0050 634.0000
-0.0040 590.0000
-0.0030 542.0000
-0.0020 490.0000
-0.0010 433.0000
