-3.30 3628.28
-3.10 3538.07
-2.90 3410.74
-2.70 3301.80
-2.50 3200.00 
-2.30 3081.04
-2.10 2953.78
-1.90 2823.16
-1.70 2688.77
-1.60 2632.02
-1.50 2569.55
-1.30 2408.30
-1.20 2339.91
-1.10 2260.56
-0.80 1996.70
-0.70 1899.39
-0.55 1744.8780487804877
-0.54 1736.9105691056911
-0.53 1720.9756097560976
-0.52 1705.040650406504
-0.51 1697.0731707317073
-0.5 1681.1382113821137
-0.49 1673.1707317073171
-0.48 1665.2032520325204
-0.47 1649.2682926829268
-0.45999999999999996 1641.30081300813
-0.44999999999999996 1625.3658536585365
-0.43999999999999995 1617.3983739837397
-0.42999999999999994 1601.4634146341461
-0.41999999999999993 1585.5284552845526
-0.4099999999999999 1569.593495934959
-0.3999999999999999 1561.6260162601627
-0.3899999999999999 1537.7235772357724
-0.3799999999999999 1529.7560975609756
-0.3699999999999999 1521.7886178861788
-0.3599999999999999 1497.8861788617885
-0.34999999999999987 1489.918699186992
-0.33999999999999986 1466.0162601626016
-0.32999999999999985 1458.0487804878048
-0.31999999999999984 1442.1138211382113
-0.30999999999999983 1418.2113821138212
-0.2999999999999998 1410.2439024390244
-0.2899999999999998 1392.3170731707319
-0.2799999999999998 1370.406504065041
-0.2699999999999998 1354.4715447154472
-0.2599999999999998 1338.5365853658536
-0.24999999999999978 1320.6097560975609
-0.23999999999999977 1306.6666666666667
-0.22999999999999976 1278.7804878048782
-0.21999999999999975 1260.8536585365855
-0.20999999999999974 1236.9512195121952
-0.19999999999999973 1219.0243902439024
-0.18999999999999972 1195.1219512195123
-0.17999999999999972 1171.2195121951218
-0.1699999999999997 1147.3170731707319
-0.1599999999999997 1123.4146341463415
-0.1499999999999997 1099.5121951219512
-0.13999999999999968 1066.0487804878048
-0.12999999999999967 1037.3658536585367
-0.11999999999999966 1008.6829268292682
-0.10999999999999965 975.219512195122
-0.09999999999999964 941.7560975609755
-0.08999999999999964 900.3252032520326
-0.08500000000000002 880.9756097560976
-0.07999999999999963 860.4878048780487
-0.07500000000000001 836.5853658536585
-0.06999999999999962 812.6829268292682
-0.05999999999999961 761.4634146341463
-0.0499999999999996 705.1219512195122
-0.03999999999999959 640.0542005420053
-0.029999999999999583 564.0975609756099
