-0.0540 2089.0000
-0.0530 2073.0000
-0.0500 2023.0000
-0.0490 2004.0000
-0.0480 1990.0000
-0.0470 1973.0000
-0.0450 1937.0000
-0.0440 1917.0000
-0.0420 1882.0000
-0.0410 1863.0000
-0.0400 1843.0000
-0.0380 1805.0000
-0.0370 1784.0000
-0.0360 1764.0000
-0.0340 1722.0000
-0.0330 1696.0000
-0.0320 1678.0000
-0.0310 1655.0000
-0.0300 1633.0000
-0.0290 1609.0000
-0.0270 1561.0000
-0.0260 1535.0000
-0.0200 1373.0000
-0.0180 1311.0000
-0.0170 1279.0000
-0.0140 1178.0000
-0.0130 1142.0000
-0.0120 1102.0000
-0.0110 1066.0000
-0.0100 1025.0000
-0.0090 980.0000
-0.0080 938.0000
-0.0070 892.0000
-0.0050 790.0000
-0.0040 735.0000
-0.0030 676.0000
-0.0020 611.0000
