-3.500 4697.000
-3.495 4694.000
-3.490 4691.000
-3.485 4688.000
-3.480 4685.000
-3.475 4682.000
-3.470 4678.000
-3.465 4675.000
-3.460 4672.000
-3.455 4669.000
-3.450 4666.000
-3.445 4663.000
-3.440 4660.000
-3.435 4657.000
-3.430 4653.000
-3.425 4650.000
-3.420 4647.000
-3.415 4644.000
-3.410 4641.000
-3.405 4638.000
-3.400 4634.000
-3.395 4631.000
-3.390 4628.000
-3.385 4625.000
-3.380 4622.000
-3.375 4619.000
-3.370 4616.000
-3.365 4612.000
-3.360 4609.000
-3.355 4606.000
-3.350 4603.000
-3.345 4600.000
-3.340 4596.000
-3.335 4593.000
-3.330 4590.000
-3.325 4587.000
-3.320 4584.000
-3.315 4581.000
-3.310 4577.000
-3.305 4574.000
-3.300 4571.000
-3.295 4568.000
-3.290 4565.000
-3.285 4561.000
-3.280 4558.000
-3.275 4555.000
-3.270 4552.000
-3.265 4548.000
-3.260 4545.000
-3.255 4542.000
-3.250 4539.000
-3.245 4536.000
-3.240 4532.000
-3.235 4529.000
-3.230 4526.000
-3.225 4523.000
-3.220 4519.000
-3.215 4516.000
-3.210 4513.000
-3.205 4510.000
-3.200 4507.000
-3.195 4503.000
-3.190 4500.000
-3.185 4497.000
-3.180 4494.000
-3.175 4490.000
-3.170 4487.000
-3.165 4484.000
-3.160 4480.000
-3.155 4477.000
-3.150 4474.000
-3.145 4471.000
-3.140 4467.000
-3.135 4464.000
-3.130 4461.000
-3.125 4458.000
-3.120 4454.000
-3.115 4451.000
-3.110 4448.000
-3.105 4444.000
-3.100 4441.000
-3.095 4438.000
-3.090 4435.000
-3.085 4431.000
-3.080 4428.000
-3.075 4425.000
-3.070 4421.000
-3.065 4418.000
-3.060 4415.000
-3.055 4411.000
-3.050 4408.000
-3.045 4405.000
-3.040 4402.000
-3.035 4398.000
-3.030 4395.000
-3.025 4392.000
-3.020 4388.000
-3.015 4385.000
-3.010 4382.000
-3.005 4378.000
-3.000 4375.000
-2.995 4372.000
-2.990 4368.000
-2.985 4365.000
-2.980 4362.000
-2.975 4358.000
-2.970 4355.000
-2.965 4351.000
-2.960 4348.000
-2.955 4345.000
-2.950 4341.000
-2.945 4338.000
-2.940 4335.000
-2.935 4331.000
-2.930 4328.000
-2.925 4325.000
-2.920 4321.000
-2.915 4318.000
-2.910 4314.000
-2.905 4311.000
-2.900 4308.000
-2.895 4304.000
-2.890 4301.000
-2.885 4297.000
-2.880 4294.000
-2.875 4291.000
-2.870 4287.000
-2.865 4284.000
-2.860 4280.000
-2.855 4277.000
-2.850 4274.000
-2.845 4270.000
-2.840 4267.000
-2.835 4263.000
-2.830 4260.000
-2.825 4257.000
-2.820 4253.000
-2.815 4250.000
-2.810 4246.000
-2.805 4243.000
-2.800 4239.000
-2.795 4236.000
-2.790 4232.000
-2.785 4229.000
-2.780 4226.000
-2.775 4222.000
-2.770 4219.000
-2.765 4215.000
-2.760 4212.000
-2.755 4208.000
-2.750 4205.000
-2.745 4201.000
-2.740 4198.000
-2.735 4194.000
-2.730 4191.000
-2.725 4187.000
-2.720 4184.000
-2.715 4180.000
-2.710 4177.000
-2.705 4173.000
-2.700 4170.000
-2.695 4166.000
-2.690 4163.000
-2.685 4159.000
-2.680 4156.000
-2.675 4152.000
-2.670 4149.000
-2.665 4145.000
-2.660 4142.000
-2.655 4138.000
-2.650 4135.000
-2.645 4131.000
-2.640 4128.000
-2.635 4124.000
-2.630 4121.000
-2.625 4117.000
-2.620 4114.000
-2.615 4110.000
-2.610 4107.000
-2.605 4103.000
-2.600 4100.000
-2.595 4096.000
-2.590 4092.000
-2.585 4089.000
-2.580 4085.000
-2.575 4082.000
-2.570 4078.000
-2.565 4075.000
-2.560 4071.000
-2.555 4067.000
-2.550 4064.000
-2.545 4060.000
-2.540 4057.000
-2.535 4053.000
-2.530 4049.000
-2.525 4046.000
-2.520 4042.000
-2.515 4039.000
-2.510 4035.000
-2.505 4031.000
-2.500 4028.000
-2.495 4024.000
-2.490 4021.000
-2.485 4017.000
-2.480 4013.000
-2.475 4010.000
-2.470 4006.000
-2.465 4002.000
-2.460 3999.000
-2.455 3995.000
-2.450 3992.000
-2.445 3988.000
-2.440 3984.000
-2.435 3981.000
-2.430 3977.000
-2.425 3973.000
-2.420 3970.000
-2.415 3966.000
-2.410 3962.000
-2.405 3959.000
-2.400 3955.000
-2.395 3951.000
-2.390 3948.000
-2.385 3944.000
-2.380 3940.000
-2.375 3937.000
-2.370 3933.000
-2.365 3929.000
-2.360 3925.000
-2.355 3922.000
-2.350 3918.000
-2.345 3914.000
-2.340 3911.000
-2.335 3907.000
-2.330 3903.000
-2.325 3899.000
-2.320 3896.000
-2.315 3892.000
-2.310 3888.000
-2.305 3885.000
-2.300 3881.000
-2.295 3877.000
-2.290 3873.000
-2.285 3870.000
-2.280 3866.000
-2.275 3862.000
-2.270 3858.000
-2.265 3854.000
-2.260 3851.000
-2.255 3847.000
-2.250 3843.000
-2.245 3839.000
-2.240 3836.000
-2.235 3832.000
-2.230 3828.000
-2.225 3824.000
-2.220 3820.000
-2.215 3817.000
-2.210 3813.000
-2.205 3809.000
-2.200 3805.000
-2.195 3801.000
-2.190 3798.000
-2.185 3794.000
-2.180 3790.000
-2.175 3786.000
-2.170 3782.000
-2.165 3778.000
-2.160 3775.000
-2.155 3771.000
-2.150 3767.000
-2.145 3763.000
-2.140 3759.000
-2.135 3755.000
-2.130 3751.000
-2.125 3748.000
-2.120 3744.000
-2.115 3740.000
-2.110 3736.000
-2.105 3732.000
-2.100 3728.000
-2.095 3724.000
-2.090 3720.000
-2.085 3716.000
-2.080 3713.000
-2.075 3709.000
-2.070 3705.000
-2.065 3701.000
-2.060 3697.000
-2.055 3693.000
-2.050 3689.000
-2.045 3685.000
-2.040 3681.000
-2.035 3677.000
-2.030 3673.000
-2.025 3669.000
-2.020 3665.000
-2.015 3661.000
-2.010 3658.000
-2.005 3654.000
-2.000 3650.000
-1.995 3646.000
-1.990 3642.000
-1.985 3638.000
-1.980 3634.000
-1.975 3630.000
-1.970 3626.000
-1.965 3622.000
-1.960 3618.000
-1.955 3614.000
-1.950 3610.000
-1.945 3606.000
-1.940 3602.000
-1.935 3598.000
-1.930 3594.000
-1.925 3590.000
-1.920 3586.000
-1.915 3581.000
-1.910 3577.000
-1.905 3573.000
-1.900 3569.000
-1.895 3565.000
-1.890 3561.000
-1.885 3557.000
-1.880 3553.000
-1.875 3549.000
-1.870 3545.000
-1.865 3541.000
-1.860 3537.000
-1.855 3533.000
-1.850 3529.000
-1.845 3524.000
-1.840 3520.000
-1.835 3516.000
-1.830 3512.000
-1.825 3508.000
-1.820 3504.000
-1.815 3500.000
-1.810 3496.000
-1.805 3491.000
-1.800 3487.000
-1.795 3483.000
-1.790 3479.000
-1.785 3475.000
-1.780 3471.000
-1.775 3467.000
-1.770 3462.000
-1.765 3458.000
-1.760 3454.000
-1.755 3450.000
-1.750 3446.000
-1.745 3441.000
-1.740 3437.000
-1.735 3433.000
-1.730 3429.000
-1.725 3425.000
-1.720 3420.000
-1.715 3416.000
-1.710 3412.000
-1.705 3408.000
-1.700 3403.000
-1.695 3399.000
-1.690 3395.000
-1.685 3391.000
-1.680 3386.000
-1.675 3382.000
-1.670 3378.000
-1.665 3374.000
-1.660 3369.000
-1.655 3365.000
-1.650 3361.000
-1.645 3356.000
-1.640 3352.000
-1.635 3348.000
-1.630 3343.500
-1.625 3339.000
-1.620 3335.000
-1.615 3330.500
-1.610 3326.000
-1.605 3322.000
-1.600 3317.000
-1.595 3313.000
-1.590 3309.000
-1.585 3304.000
-1.580 3300.000
-1.575 3296.000
-1.570 3291.000
-1.565 3287.000
-1.560 3282.000
-1.555 3278.000
-1.550 3274.000
-1.545 3269.000
-1.540 3265.000
-1.535 3260.000
-1.530 3256.000
-1.525 3251.500
-1.520 3247.000
-1.515 3243.000
-1.510 3238.000
-1.505 3234.000
-1.500 3229.000
-1.495 3225.000
-1.490 3220.000
-1.485 3216.000
-1.480 3211.000
-1.475 3207.000
-1.470 3202.000
-1.465 3198.000
-1.460 3193.000
-1.455 3189.000
-1.450 3184.000
-1.445 3180.000
-1.440 3175.000
-1.435 3170.500
-1.430 3166.000
-1.425 3161.000
-1.420 3157.000
-1.415 3152.000
-1.410 3148.000
-1.405 3143.000
-1.400 3138.500
-1.395 3134.000
-1.390 3129.000
-1.385 3125.000
-1.380 3120.000
-1.375 3115.000
-1.370 3111.000
-1.365 3106.000
-1.360 3101.500
-1.355 3097.000
-1.350 3092.000
-1.345 3087.500
-1.340 3083.000
-1.335 3078.000
-1.330 3073.000
-1.325 3069.000
-1.320 3064.000
-1.315 3059.000
-1.310 3054.500
-1.305 3050.000
-1.300 3045.000
-1.295 3040.000
-1.290 3035.500
-1.285 3031.000
-1.280 3026.000
-1.275 3021.000
-1.270 3016.000
-1.265 3011.500
-1.260 3007.000
-1.255 3002.000
-1.250 2997.000
-1.245 2992.000
-1.240 2987.500
-1.235 2982.500
-1.230 2978.000
-1.225 2973.000
-1.220 2968.000
-1.215 2963.000
-1.210 2958.000
-1.205 2953.000
-1.200 2948.500
-1.195 2943.500
-1.190 2938.500
-1.185 2933.500
-1.180 2929.000
-1.175 2924.000
-1.170 2919.000
-1.165 2914.000
-1.160 2909.000
-1.155 2904.000
-1.150 2899.000
-1.145 2894.000
-1.140 2889.000
-1.135 2884.000
-1.130 2879.000
-1.125 2874.000
-1.120 2868.500
-1.115 2863.500
-1.110 2858.500
-1.105 2853.500
-1.100 2848.000
-1.095 2843.000
-1.090 2838.000
-1.085 2833.000
-1.080 2828.000
-1.075 2823.000
-1.070 2817.500
-1.065 2812.500
-1.060 2807.000
-1.055 2802.000
-1.050 2797.000
-1.045 2791.500
-1.040 2786.500
-1.035 2781.000
-1.030 2776.000
-1.025 2770.500
-1.020 2765.500
-1.015 2760.000
-1.010 2755.000
-1.005 2749.500
-1.000 2744.000
-0.995 2739.000
-0.990 2733.500
-0.985 2728.000
-0.980 2723.000
-0.975 2717.500
-0.970 2712.000
-0.965 2706.500
-0.960 2701.000
-0.955 2696.000
-0.950 2690.500
-0.945 2685.000
-0.940 2679.500
-0.935 2674.000
-0.930 2668.500
-0.925 2663.000
-0.920 2657.500
-0.915 2652.000
-0.910 2646.500
-0.905 2641.000
-0.900 2635.000
-0.895 2629.500
-0.890 2624.000
-0.885 2618.500
-0.880 2613.000
-0.875 2607.000
-0.870 2601.500
-0.865 2596.000
-0.860 2590.000
-0.855 2584.500
-0.850 2578.500
-0.845 2573.000
-0.840 2567.000
-0.835 2561.500
-0.830 2555.500
-0.825 2550.000
-0.820 2544.000
-0.815 2538.000
-0.810 2532.000
-0.805 2526.500
-0.800 2520.500
-0.795 2514.500
-0.790 2508.500
-0.785 2502.500
-0.780 2497.000
-0.775 2491.000
-0.770 2485.000
-0.765 2479.000
-0.760 2472.500
-0.755 2466.500
-0.750 2460.500
-0.745 2454.500
-0.740 2448.500
-0.735 2442.000
-0.730 2436.000
-0.725 2430.000
-0.720 2423.500
-0.715 2417.500
-0.710 2411.000
-0.705 2405.000
-0.700 2398.500
-0.695 2392.500
-0.690 2386.000
-0.685 2379.500
-0.680 2373.500
-0.675 2367.000
-0.670 2360.500
-0.665 2354.000
-0.660 2347.500
-0.655 2341.000
-0.650 2334.500
-0.645 2328.000
-0.640 2321.500
-0.635 2314.500
-0.630 2308.000
-0.625 2301.500
-0.620 2294.500
-0.615 2288.000
-0.610 2281.000
-0.605 2274.500
-0.600 2267.500
-0.595 2261.000
-0.590 2254.000
-0.585 2247.000
-0.580 2240.000
-0.575 2233.000
-0.570 2226.000
-0.565 2219.000
-0.560 2212.000
-0.555 2205.000
-0.550 2198.000
-0.545 2190.500
-0.540 2183.500
-0.535 2176.000
-0.530 2169.000
-0.525 2161.500
-0.520 2154.000
-0.515 2147.000
-0.510 2139.500
-0.505 2132.000
-0.500 2124.500
-0.495 2117.000
-0.490 2109.000
-0.485 2101.500
-0.480 2094.000
-0.475 2086.000
-0.470 2078.500
-0.465 2070.500
-0.460 2062.500
-0.455 2054.500
-0.450 2046.500
-0.445 2038.500
-0.440 2030.500
-0.435 2022.500
-0.430 2014.000
-0.425 2006.000
-0.420 1997.500
-0.415 1989.000
-0.410 1980.500
-0.405 1972.000
-0.400 1963.500
-0.395 1955.000
-0.390 1946.000
-0.385 1937.500
-0.380 1928.500
-0.375 1919.500
-0.370 1910.500
-0.365 1901.500
-0.360 1892.500
-0.355 1883.000
-0.350 1873.500
-0.345 1864.500
-0.340 1854.500
-0.335 1845.000
-0.330 1835.500
-0.325 1825.500
-0.320 1816.000
-0.315 1806.000
-0.310 1795.500
-0.305 1785.500
-0.300 1775.000
-0.295 1764.500
-0.290 1754.000
-0.285 1743.500
-0.280 1732.500
-0.275 1721.500
-0.270 1710.500
-0.265 1699.333
-0.260 1688.000
-0.255 1676.500
-0.250 1665.000
-0.245 1653.000
-0.240 1641.000
-0.235 1628.667
-0.230 1616.333
-0.225 1603.667
-0.220 1591.000
-0.215 1578.000
-0.210 1564.667
-0.205 1551.333
-0.200 1537.667
-0.195 1523.667
-0.190 1509.333
-0.185 1495.000
-0.180 1480.000
-0.175 1465.000
-0.170 1449.667
-0.165 1433.667
-0.160 1417.667
-0.155 1401.000
-0.150 1384.000
-0.145 1366.667
-0.140 1349.000
-0.135 1330.667
-0.130 1312.000
-0.125 1292.333
-0.120 1272.500
-0.115 1252.000
-0.110 1230.500
-0.105 1208.500
-0.100 1185.750
-0.095 1162.000
-0.090 1137.250
-0.085 1111.500
-0.080 1084.750
-0.075 1056.750
-0.070 1027.250
-0.065 996.250
-0.060 963.600
-0.055 929.000
-0.050 892.200
-0.045 852.800
-0.040 810.600
-0.035 764.833
-0.030 715.000
-0.025 660.000
-0.020 598.571
-0.015 528.625
