-3.500 6041.000
-3.495 6037.000
-3.490 6033.000
-3.485 6029.000
-3.480 6025.000
-3.475 6021.000
-3.470 6017.000
-3.465 6013.000
-3.460 6009.000
-3.455 6005.000
-3.450 6001.000
-3.445 5997.000
-3.440 5993.000
-3.435 5989.000
-3.430 5985.000
-3.425 5981.000
-3.420 5977.000
-3.415 5973.000
-3.410 5969.000
-3.405 5965.000
-3.400 5961.000
-3.395 5957.000
-3.390 5953.000
-3.385 5949.000
-3.380 5945.000
-3.375 5941.000
-3.370 5937.000
-3.365 5933.000
-3.360 5929.000
-3.355 5925.000
-3.350 5921.000
-3.345 5917.000
-3.340 5913.000
-3.335 5909.000
-3.330 5905.000
-3.325 5901.000
-3.320 5897.000
-3.315 5893.000
-3.310 5889.000
-3.305 5884.000
-3.300 5880.000
-3.295 5876.000
-3.290 5872.000
-3.285 5868.000
-3.280 5864.000
-3.275 5860.000
-3.270 5856.000
-3.265 5852.000
-3.260 5848.000
-3.255 5844.000
-3.250 5840.000
-3.245 5836.000
-3.240 5831.000
-3.235 5827.000
-3.230 5823.000
-3.225 5819.000
-3.220 5815.000
-3.215 5811.000
-3.210 5807.000
-3.205 5803.000
-3.200 5799.000
-3.195 5794.000
-3.190 5790.000
-3.185 5786.000
-3.180 5782.000
-3.175 5778.000
-3.170 5774.000
-3.165 5770.000
-3.160 5765.000
-3.155 5761.000
-3.150 5757.000
-3.145 5753.000
-3.140 5749.000
-3.135 5745.000
-3.130 5741.000
-3.125 5736.000
-3.120 5732.000
-3.115 5728.000
-3.110 5724.000
-3.105 5720.000
-3.100 5715.000
-3.095 5711.000
-3.090 5707.000
-3.085 5703.000
-3.080 5699.000
-3.075 5694.000
-3.070 5690.000
-3.065 5686.000
-3.060 5682.000
-3.055 5678.000
-3.050 5673.000
-3.045 5669.000
-3.040 5665.000
-3.035 5661.000
-3.030 5657.000
-3.025 5652.000
-3.020 5648.000
-3.015 5644.000
-3.010 5640.000
-3.005 5635.000
-3.000 5631.000
-2.995 5627.000
-2.990 5623.000
-2.985 5618.000
-2.980 5614.000
-2.975 5610.000
-2.970 5606.000
-2.965 5601.000
-2.960 5597.000
-2.955 5593.000
-2.950 5588.000
-2.945 5584.000
-2.940 5580.000
-2.935 5576.000
-2.930 5571.000
-2.925 5567.000
-2.920 5563.000
-2.915 5558.000
-2.910 5554.000
-2.905 5550.000
-2.900 5545.000
-2.895 5541.000
-2.890 5537.000
-2.885 5532.000
-2.880 5528.000
-2.875 5524.000
-2.870 5519.000
-2.865 5515.000
-2.860 5511.000
-2.855 5506.000
-2.850 5502.000
-2.845 5498.000
-2.840 5493.000
-2.835 5489.000
-2.830 5485.000
-2.825 5480.000
-2.820 5476.000
-2.815 5472.000
-2.810 5467.000
-2.805 5463.000
-2.800 5458.000
-2.795 5454.000
-2.790 5450.000
-2.785 5445.000
-2.780 5441.000
-2.775 5436.000
-2.770 5432.000
-2.765 5428.000
-2.760 5423.000
-2.755 5419.000
-2.750 5414.000
-2.745 5410.000
-2.740 5405.000
-2.735 5401.000
-2.730 5397.000
-2.725 5392.000
-2.720 5388.000
-2.715 5383.000
-2.710 5379.000
-2.705 5374.000
-2.700 5370.000
-2.695 5365.000
-2.690 5361.000
-2.685 5356.000
-2.680 5352.000
-2.675 5348.000
-2.670 5343.000
-2.665 5339.000
-2.660 5334.000
-2.655 5330.000
-2.650 5325.000
-2.645 5321.000
-2.640 5316.000
-2.635 5312.000
-2.630 5307.000
-2.625 5303.000
-2.620 5298.000
-2.615 5294.000
-2.610 5289.000
-2.605 5284.000
-2.600 5280.000
-2.595 5275.000
-2.590 5271.000
-2.585 5266.000
-2.580 5262.000
-2.575 5257.000
-2.570 5253.000
-2.565 5248.000
-2.560 5243.000
-2.555 5239.000
-2.550 5234.000
-2.545 5230.000
-2.540 5225.000
-2.535 5221.000
-2.530 5216.000
-2.525 5211.000
-2.520 5207.000
-2.515 5202.000
-2.510 5198.000
-2.505 5193.000
-2.500 5188.000
-2.495 5184.000
-2.490 5179.000
-2.485 5174.000
-2.480 5170.000
-2.475 5165.000
-2.470 5161.000
-2.465 5156.000
-2.460 5151.000
-2.455 5147.000
-2.450 5142.000
-2.445 5137.000
-2.440 5133.000
-2.435 5128.000
-2.430 5123.000
-2.425 5119.000
-2.420 5114.000
-2.415 5109.000
-2.410 5105.000
-2.405 5100.000
-2.400 5095.000
-2.395 5090.000
-2.390 5086.000
-2.385 5081.000
-2.380 5076.000
-2.375 5072.000
-2.370 5067.000
-2.365 5062.000
-2.360 5057.000
-2.355 5053.000
-2.350 5048.000
-2.345 5043.000
-2.340 5038.000
-2.335 5034.000
-2.330 5029.000
-2.325 5024.000
-2.320 5019.000
-2.315 5015.000
-2.310 5010.000
-2.305 5005.000
-2.300 5000.000
-2.295 4995.000
-2.290 4991.000
-2.285 4986.000
-2.280 4981.000
-2.275 4976.000
-2.270 4971.000
-2.265 4967.000
-2.260 4962.000
-2.255 4957.000
-2.250 4952.000
-2.245 4947.000
-2.240 4942.000
-2.235 4938.000
-2.230 4933.000
-2.225 4928.000
-2.220 4923.000
-2.215 4918.000
-2.210 4913.000
-2.205 4908.000
-2.200 4903.000
-2.195 4899.000
-2.190 4894.000
-2.185 4889.000
-2.180 4884.000
-2.175 4879.000
-2.170 4874.000
-2.165 4869.000
-2.160 4864.000
-2.155 4859.000
-2.150 4854.000
-2.145 4849.000
-2.140 4844.000
-2.135 4840.000
-2.130 4835.000
-2.125 4830.000
-2.120 4825.000
-2.115 4820.000
-2.110 4815.000
-2.105 4810.000
-2.100 4805.000
-2.095 4800.000
-2.090 4795.000
-2.085 4790.000
-2.080 4785.000
-2.075 4780.000
-2.070 4775.000
-2.065 4770.000
-2.060 4765.000
-2.055 4760.000
-2.050 4755.000
-2.045 4750.000
-2.040 4745.000
-2.035 4740.000
-2.030 4734.000
-2.025 4729.000
-2.020 4724.000
-2.015 4719.000
-2.010 4714.000
-2.005 4709.000
-2.000 4704.000
-1.995 4699.000
-1.990 4694.000
-1.985 4689.000
-1.980 4684.000
-1.975 4679.000
-1.970 4673.000
-1.965 4668.000
-1.960 4663.000
-1.955 4658.000
-1.950 4653.000
-1.945 4648.000
-1.940 4643.000
-1.935 4637.000
-1.930 4632.000
-1.925 4627.000
-1.920 4622.000
-1.915 4617.000
-1.910 4612.000
-1.905 4606.000
-1.900 4601.000
-1.895 4596.000
-1.890 4591.000
-1.885 4586.000
-1.880 4580.000
-1.875 4575.000
-1.870 4570.000
-1.865 4565.000
-1.860 4559.000
-1.855 4554.000
-1.850 4549.000
-1.845 4544.000
-1.840 4538.000
-1.835 4533.000
-1.830 4528.000
-1.825 4522.000
-1.820 4517.000
-1.815 4512.000
-1.810 4507.000
-1.805 4501.000
-1.800 4496.000
-1.795 4491.000
-1.790 4485.000
-1.785 4480.000
-1.780 4475.000
-1.775 4469.000
-1.770 4464.000
-1.765 4458.000
-1.760 4453.000
-1.755 4448.000
-1.750 4442.000
-1.745 4437.000
-1.740 4432.000
-1.735 4426.000
-1.730 4421.000
-1.725 4415.000
-1.720 4410.000
-1.715 4404.000
-1.710 4399.000
-1.705 4394.000
-1.700 4388.000
-1.695 4383.000
-1.690 4377.000
-1.685 4372.000
-1.680 4366.000
-1.675 4361.000
-1.670 4355.000
-1.665 4350.000
-1.660 4344.000
-1.655 4339.000
-1.650 4333.000
-1.645 4328.000
-1.640 4322.000
-1.635 4317.000
-1.630 4311.000
-1.625 4306.000
-1.620 4300.000
-1.615 4294.000
-1.610 4289.000
-1.605 4283.000
-1.600 4278.000
-1.595 4272.000
-1.590 4266.500
-1.585 4261.000
-1.580 4255.000
-1.575 4250.000
-1.570 4244.000
-1.565 4238.000
-1.560 4233.000
-1.555 4227.000
-1.550 4221.000
-1.545 4216.000
-1.540 4210.000
-1.535 4204.000
-1.530 4199.000
-1.525 4193.000
-1.520 4187.000
-1.515 4181.500
-1.510 4176.000
-1.505 4170.000
-1.500 4164.000
-1.495 4158.500
-1.490 4153.000
-1.485 4147.000
-1.480 4141.000
-1.475 4135.500
-1.470 4130.000
-1.465 4124.000
-1.460 4118.000
-1.455 4112.000
-1.450 4106.000
-1.445 4100.500
-1.440 4095.000
-1.435 4089.000
-1.430 4083.000
-1.425 4077.000
-1.420 4071.000
-1.415 4065.000
-1.410 4059.500
-1.405 4053.500
-1.400 4048.000
-1.395 4042.000
-1.390 4036.000
-1.385 4030.000
-1.380 4024.000
-1.375 4018.000
-1.370 4012.000
-1.365 4006.000
-1.360 4000.000
-1.355 3994.000
-1.350 3988.000
-1.345 3982.000
-1.340 3976.000
-1.335 3970.000
-1.330 3964.000
-1.325 3958.000
-1.320 3952.000
-1.315 3946.000
-1.310 3939.500
-1.305 3933.500
-1.300 3927.000
-1.295 3921.000
-1.290 3915.000
-1.285 3909.000
-1.280 3903.000
-1.275 3897.000
-1.270 3890.500
-1.265 3884.000
-1.260 3878.000
-1.255 3872.000
-1.250 3866.000
-1.245 3859.500
-1.240 3853.000
-1.235 3847.000
-1.230 3841.000
-1.225 3834.500
-1.220 3828.000
-1.215 3822.000
-1.210 3816.000
-1.205 3809.500
-1.200 3803.000
-1.195 3797.000
-1.190 3790.500
-1.185 3784.000
-1.180 3778.000
-1.175 3771.000
-1.170 3765.000
-1.165 3758.500
-1.160 3752.000
-1.155 3746.000
-1.150 3739.000
-1.145 3733.000
-1.140 3726.500
-1.135 3720.000
-1.130 3713.500
-1.125 3707.000
-1.120 3700.500
-1.115 3694.000
-1.110 3687.500
-1.105 3681.000
-1.100 3674.000
-1.095 3668.000
-1.090 3661.000
-1.085 3654.500
-1.080 3648.000
-1.075 3641.000
-1.070 3634.500
-1.065 3628.000
-1.060 3621.000
-1.055 3614.500
-1.050 3608.000
-1.045 3601.000
-1.040 3594.500
-1.035 3588.000
-1.030 3581.000
-1.025 3574.000
-1.020 3567.500
-1.015 3560.500
-1.010 3554.000
-1.005 3547.000
-1.000 3540.000
-0.995 3533.000
-0.990 3526.500
-0.985 3519.500
-0.980 3512.500
-0.975 3506.000
-0.970 3499.000
-0.965 3492.000
-0.960 3485.000
-0.955 3478.000
-0.950 3471.000
-0.945 3464.000
-0.940 3457.000
-0.935 3450.000
-0.930 3442.500
-0.925 3435.500
-0.920 3428.500
-0.915 3421.500
-0.910 3414.000
-0.905 3407.000
-0.900 3400.000
-0.895 3392.500
-0.890 3385.500
-0.885 3378.000
-0.880 3371.000
-0.875 3363.500
-0.870 3356.500
-0.865 3349.000
-0.860 3342.000
-0.855 3334.500
-0.850 3327.000
-0.845 3319.500
-0.840 3312.000
-0.835 3305.000
-0.830 3297.500
-0.825 3290.000
-0.820 3282.500
-0.815 3275.000
-0.810 3267.500
-0.805 3260.000
-0.800 3252.000
-0.795 3244.500
-0.790 3237.000
-0.785 3229.000
-0.780 3221.500
-0.775 3214.000
-0.770 3206.000
-0.765 3198.500
-0.760 3190.500
-0.755 3183.000
-0.750 3175.000
-0.745 3167.000
-0.740 3159.000
-0.735 3151.500
-0.730 3143.500
-0.725 3135.500
-0.720 3127.500
-0.715 3119.500
-0.710 3111.500
-0.705 3103.500
-0.700 3095.000
-0.695 3087.000
-0.690 3079.000
-0.685 3070.500
-0.680 3062.500
-0.675 3054.000
-0.670 3046.000
-0.665 3037.500
-0.660 3029.500
-0.655 3021.000
-0.650 3012.500
-0.645 3004.000
-0.640 2995.500
-0.635 2987.000
-0.630 2978.500
-0.625 2970.000
-0.620 2961.500
-0.615 2952.500
-0.610 2944.000
-0.605 2935.000
-0.600 2926.500
-0.595 2917.500
-0.590 2909.000
-0.585 2900.000
-0.580 2891.000
-0.575 2882.000
-0.570 2873.000
-0.565 2864.000
-0.560 2855.000
-0.555 2845.500
-0.550 2836.500
-0.545 2827.000
-0.540 2818.000
-0.535 2808.500
-0.530 2799.000
-0.525 2789.500
-0.520 2780.500
-0.515 2770.500
-0.510 2761.000
-0.505 2751.500
-0.500 2742.000
-0.495 2732.000
-0.490 2722.000
-0.485 2712.500
-0.480 2702.500
-0.475 2692.500
-0.470 2682.500
-0.465 2672.500
-0.460 2662.000
-0.455 2652.000
-0.450 2641.500
-0.445 2631.000
-0.440 2621.000
-0.435 2610.000
-0.430 2599.500
-0.425 2589.000
-0.420 2578.500
-0.415 2567.500
-0.410 2556.500
-0.405 2545.500
-0.400 2534.500
-0.395 2523.500
-0.390 2512.000
-0.385 2501.000
-0.380 2489.500
-0.375 2478.000
-0.370 2466.500
-0.365 2454.500
-0.360 2442.500
-0.355 2431.000
-0.350 2419.000
-0.345 2406.500
-0.340 2394.500
-0.335 2382.000
-0.330 2369.500
-0.325 2357.000
-0.320 2344.000
-0.315 2331.500
-0.310 2318.500
-0.305 2305.000
-0.300 2292.000
-0.295 2278.500
-0.290 2265.000
-0.285 2251.000
-0.280 2237.000
-0.275 2223.000
-0.270 2208.500
-0.265 2194.000
-0.260 2179.500
-0.255 2164.500
-0.250 2149.667
-0.245 2134.333
-0.240 2119.000
-0.235 2103.000
-0.230 2087.000
-0.225 2071.000
-0.220 2054.333
-0.215 2037.667
-0.210 2020.667
-0.205 2003.333
-0.200 1985.667
-0.195 1967.667
-0.190 1949.333
-0.185 1930.667
-0.180 1911.667
-0.175 1892.333
-0.170 1872.333
-0.165 1852.000
-0.160 1831.333
-0.155 1810.000
-0.150 1788.000
-0.145 1765.667
-0.140 1742.667
-0.135 1719.333
-0.130 1695.000
-0.125 1670.000
-0.120 1644.333
-0.115 1617.667
-0.110 1590.333
-0.105 1561.667
-0.100 1532.333
-0.095 1501.750
-0.090 1470.000
-0.085 1437.000
-0.080 1402.250
-0.075 1366.250
-0.070 1328.250
-0.065 1288.250
-0.060 1246.000
-0.055 1201.400
-0.050 1154.000
-0.045 1103.200
-0.040 1048.600
-0.035 989.500
-0.030 925.000
-0.025 854.000
-0.020 774.714
-0.015 684.125
