-3.500 3792.000
-3.495 3790.000
-3.490 3787.000
-3.485 3785.000
-3.480 3782.000
-3.475 3780.000
-3.470 3777.000
-3.465 3775.000
-3.460 3772.000
-3.455 3770.000
-3.450 3767.000
-3.445 3765.000
-3.440 3762.000
-3.435 3759.000
-3.430 3757.000
-3.425 3754.000
-3.420 3752.000
-3.415 3749.000
-3.410 3747.000
-3.405 3744.000
-3.400 3742.000
-3.395 3739.000
-3.390 3736.000
-3.385 3734.000
-3.380 3731.000
-3.375 3729.000
-3.370 3726.000
-3.365 3724.000
-3.360 3721.000
-3.355 3718.000
-3.350 3716.000
-3.345 3713.000
-3.340 3711.000
-3.335 3708.000
-3.330 3706.000
-3.325 3703.000
-3.320 3700.000
-3.315 3698.000
-3.310 3695.000
-3.305 3693.000
-3.300 3690.000
-3.295 3687.000
-3.290 3685.000
-3.285 3682.000
-3.280 3680.000
-3.275 3677.000
-3.270 3674.000
-3.265 3672.000
-3.260 3669.000
-3.255 3667.000
-3.250 3664.000
-3.245 3661.000
-3.240 3659.000
-3.235 3656.000
-3.230 3654.000
-3.225 3651.000
-3.220 3648.000
-3.215 3646.000
-3.210 3643.000
-3.205 3640.000
-3.200 3638.000
-3.195 3635.000
-3.190 3633.000
-3.185 3630.000
-3.180 3627.000
-3.175 3625.000
-3.170 3622.000
-3.165 3619.000
-3.160 3617.000
-3.155 3614.000
-3.150 3611.000
-3.145 3609.000
-3.140 3606.000
-3.135 3603.000
-3.130 3601.000
-3.125 3598.000
-3.120 3595.000
-3.115 3593.000
-3.110 3590.000
-3.105 3587.000
-3.100 3585.000
-3.095 3582.000
-3.090 3579.000
-3.085 3577.000
-3.080 3574.000
-3.075 3571.000
-3.070 3569.000
-3.065 3566.000
-3.060 3563.000
-3.055 3561.000
-3.050 3558.000
-3.045 3555.000
-3.040 3553.000
-3.035 3550.000
-3.030 3547.000
-3.025 3545.000
-3.020 3542.000
-3.015 3539.000
-3.010 3537.000
-3.005 3534.000
-3.000 3531.000
-2.995 3528.000
-2.990 3526.000
-2.985 3523.000
-2.980 3520.000
-2.975 3518.000
-2.970 3515.000
-2.965 3512.000
-2.960 3509.000
-2.955 3507.000
-2.950 3504.000
-2.945 3501.000
-2.940 3499.000
-2.935 3496.000
-2.930 3493.000
-2.925 3490.000
-2.920 3488.000
-2.915 3485.000
-2.910 3482.000
-2.905 3479.000
-2.900 3477.000
-2.895 3474.000
-2.890 3471.000
-2.885 3468.000
-2.880 3466.000
-2.875 3463.000
-2.870 3460.000
-2.865 3457.000
-2.860 3455.000
-2.855 3452.000
-2.850 3449.000
-2.845 3446.000
-2.840 3444.000
-2.835 3441.000
-2.830 3438.000
-2.825 3435.000
-2.820 3432.000
-2.815 3430.000
-2.810 3427.000
-2.805 3424.000
-2.800 3421.000
-2.795 3419.000
-2.790 3416.000
-2.785 3413.000
-2.780 3410.000
-2.775 3407.000
-2.770 3405.000
-2.765 3402.000
-2.760 3399.000
-2.755 3396.000
-2.750 3393.000
-2.745 3391.000
-2.740 3388.000
-2.735 3385.000
-2.730 3382.000
-2.725 3379.000
-2.720 3377.000
-2.715 3374.000
-2.710 3371.000
-2.705 3368.000
-2.700 3365.000
-2.695 3362.000
-2.690 3360.000
-2.685 3357.000
-2.680 3354.000
-2.675 3351.000
-2.670 3348.000
-2.665 3345.000
-2.660 3343.000
-2.655 3340.000
-2.650 3337.000
-2.645 3334.000
-2.640 3331.000
-2.635 3328.000
-2.630 3325.000
-2.625 3323.000
-2.620 3320.000
-2.615 3317.000
-2.610 3314.000
-2.605 3311.000
-2.600 3308.000
-2.595 3305.000
-2.590 3302.000
-2.585 3300.000
-2.580 3297.000
-2.575 3294.000
-2.570 3291.000
-2.565 3288.000
-2.560 3285.000
-2.555 3282.000
-2.550 3279.000
-2.545 3276.000
-2.540 3274.000
-2.535 3271.000
-2.530 3268.000
-2.525 3265.000
-2.520 3262.000
-2.515 3259.000
-2.510 3256.000
-2.505 3253.000
-2.500 3250.000
-2.495 3247.000
-2.490 3244.000
-2.485 3241.000
-2.480 3238.000
-2.475 3236.000
-2.470 3233.000
-2.465 3230.000
-2.460 3227.000
-2.455 3224.000
-2.450 3221.000
-2.445 3218.000
-2.440 3215.000
-2.435 3212.000
-2.430 3209.000
-2.425 3206.000
-2.420 3203.000
-2.415 3200.000
-2.410 3197.000
-2.405 3194.000
-2.400 3191.000
-2.395 3188.000
-2.390 3185.000
-2.385 3182.000
-2.380 3179.000
-2.375 3176.000
-2.370 3173.000
-2.365 3170.000
-2.360 3167.000
-2.355 3164.000
-2.350 3161.000
-2.345 3158.000
-2.340 3155.000
-2.335 3152.000
-2.330 3149.000
-2.325 3146.000
-2.320 3143.000
-2.315 3140.000
-2.310 3137.000
-2.305 3134.000
-2.300 3131.000
-2.295 3128.000
-2.290 3125.000
-2.285 3122.000
-2.280 3119.000
-2.275 3116.000
-2.270 3113.000
-2.265 3110.000
-2.260 3107.000
-2.255 3104.000
-2.250 3101.000
-2.245 3098.000
-2.240 3095.000
-2.235 3092.000
-2.230 3089.000
-2.225 3086.000
-2.220 3082.000
-2.215 3079.000
-2.210 3076.000
-2.205 3073.000
-2.200 3070.000
-2.195 3067.000
-2.190 3064.000
-2.185 3061.000
-2.180 3058.000
-2.175 3055.000
-2.170 3052.000
-2.165 3048.000
-2.160 3045.000
-2.155 3042.000
-2.150 3039.000
-2.145 3036.000
-2.140 3033.000
-2.135 3030.000
-2.130 3027.000
-2.125 3024.000
-2.120 3020.000
-2.115 3017.000
-2.110 3014.000
-2.105 3011.000
-2.100 3008.000
-2.095 3005.000
-2.090 3002.000
-2.085 2998.000
-2.080 2995.000
-2.075 2992.000
-2.070 2989.000
-2.065 2986.000
-2.060 2983.000
-2.055 2979.000
-2.050 2976.000
-2.045 2973.000
-2.040 2970.000
-2.035 2967.000
-2.030 2964.000
-2.025 2960.000
-2.020 2957.000
-2.015 2954.000
-2.010 2951.000
-2.005 2948.000
-2.000 2944.000
-1.995 2941.000
-1.990 2938.000
-1.985 2935.000
-1.980 2931.000
-1.975 2928.000
-1.970 2925.000
-1.965 2922.000
-1.960 2919.000
-1.955 2915.000
-1.950 2912.000
-1.945 2909.000
-1.940 2906.000
-1.935 2902.000
-1.930 2899.000
-1.925 2896.000
-1.920 2893.000
-1.915 2889.000
-1.910 2886.000
-1.905 2883.000
-1.900 2880.000
-1.895 2876.000
-1.890 2873.000
-1.885 2870.000
-1.880 2866.000
-1.875 2863.000
-1.870 2860.000
-1.865 2856.000
-1.860 2853.000
-1.855 2850.000
-1.850 2847.000
-1.845 2843.000
-1.840 2840.000
-1.835 2837.000
-1.830 2833.000
-1.825 2830.000
-1.820 2827.000
-1.815 2823.000
-1.810 2820.000
-1.805 2817.000
-1.800 2813.000
-1.795 2810.000
-1.790 2807.000
-1.785 2803.000
-1.780 2800.000
-1.775 2796.000
-1.770 2793.000
-1.765 2790.000
-1.760 2786.000
-1.755 2783.000
-1.750 2780.000
-1.745 2776.000
-1.740 2773.000
-1.735 2769.000
-1.730 2766.000
-1.725 2763.000
-1.720 2759.000
-1.715 2756.000
-1.710 2752.000
-1.705 2749.000
-1.700 2745.500
-1.695 2742.000
-1.690 2739.000
-1.685 2735.000
-1.680 2732.000
-1.675 2728.000
-1.670 2725.000
-1.665 2721.000
-1.660 2718.000
-1.655 2714.000
-1.650 2711.000
-1.645 2707.500
-1.640 2704.000
-1.635 2700.500
-1.630 2697.000
-1.625 2694.000
-1.620 2690.000
-1.615 2687.000
-1.610 2683.000
-1.605 2679.500
-1.600 2676.000
-1.595 2672.500
-1.590 2669.000
-1.585 2665.500
-1.580 2662.000
-1.575 2658.000
-1.570 2655.000
-1.565 2651.000
-1.560 2648.000
-1.555 2644.000
-1.550 2641.000
-1.545 2637.000
-1.540 2633.500
-1.535 2630.000
-1.530 2626.000
-1.525 2623.000
-1.520 2619.000
-1.515 2616.000
-1.510 2612.000
-1.505 2608.000
-1.500 2605.000
-1.495 2601.000
-1.490 2597.500
-1.485 2594.000
-1.480 2590.000
-1.475 2587.000
-1.470 2583.000
-1.465 2579.000
-1.460 2576.000
-1.455 2572.000
-1.450 2568.000
-1.445 2565.000
-1.440 2561.000
-1.435 2557.000
-1.430 2554.000
-1.425 2550.000
-1.420 2546.000
-1.415 2543.000
-1.410 2539.000
-1.405 2535.000
-1.400 2531.500
-1.395 2528.000
-1.390 2524.000
-1.385 2520.000
-1.380 2516.500
-1.375 2513.000
-1.370 2509.000
-1.365 2505.000
-1.360 2501.500
-1.355 2498.000
-1.350 2494.000
-1.345 2490.000
-1.340 2486.500
-1.335 2483.000
-1.330 2479.000
-1.325 2475.000
-1.320 2471.000
-1.315 2467.500
-1.310 2464.000
-1.305 2460.000
-1.300 2456.000
-1.295 2452.000
-1.290 2448.000
-1.285 2444.500
-1.280 2441.000
-1.275 2437.000
-1.270 2433.000
-1.265 2429.000
-1.260 2425.000
-1.255 2421.000
-1.250 2417.500
-1.245 2413.500
-1.240 2409.500
-1.235 2406.000
-1.230 2402.000
-1.225 2398.000
-1.220 2394.000
-1.215 2390.000
-1.210 2386.000
-1.205 2382.000
-1.200 2378.000
-1.195 2374.000
-1.190 2370.000
-1.185 2366.000
-1.180 2362.000
-1.175 2358.000
-1.170 2354.000
-1.165 2350.000
-1.160 2346.000
-1.155 2342.000
-1.150 2338.000
-1.145 2334.000
-1.140 2330.000
-1.135 2326.000
-1.130 2322.000
-1.125 2318.000
-1.120 2314.000
-1.115 2309.500
-1.110 2305.500
-1.105 2301.500
-1.100 2297.000
-1.095 2293.000
-1.090 2289.000
-1.085 2285.000
-1.080 2281.000
-1.075 2276.500
-1.070 2272.500
-1.065 2268.000
-1.060 2264.000
-1.055 2260.000
-1.050 2256.000
-1.045 2251.500
-1.040 2247.000
-1.035 2243.000
-1.030 2239.000
-1.025 2234.500
-1.020 2230.000
-1.015 2226.000
-1.010 2222.000
-1.005 2217.500
-1.000 2213.000
-0.995 2209.000
-0.990 2204.500
-0.985 2200.000
-0.980 2196.000
-0.975 2191.500
-0.970 2187.000
-0.965 2183.000
-0.960 2178.500
-0.955 2174.000
-0.950 2170.000
-0.945 2165.500
-0.940 2161.000
-0.935 2156.500
-0.930 2152.000
-0.925 2147.500
-0.920 2143.000
-0.915 2139.000
-0.910 2134.000
-0.905 2130.000
-0.900 2125.000
-0.895 2121.000
-0.890 2116.000
-0.885 2112.000
-0.880 2107.000
-0.875 2102.500
-0.870 2098.000
-0.865 2093.500
-0.860 2089.000
-0.855 2084.000
-0.850 2079.500
-0.845 2075.000
-0.840 2070.500
-0.835 2065.500
-0.830 2061.000
-0.825 2056.500
-0.820 2051.500
-0.815 2047.000
-0.810 2042.000
-0.805 2037.500
-0.800 2033.000
-0.795 2028.000
-0.790 2023.000
-0.785 2018.500
-0.780 2013.500
-0.775 2009.000
-0.770 2004.000
-0.765 1999.000
-0.760 1994.000
-0.755 1989.500
-0.750 1984.500
-0.745 1979.500
-0.740 1974.500
-0.735 1969.500
-0.730 1964.500
-0.725 1959.500
-0.720 1954.500
-0.715 1949.500
-0.710 1944.500
-0.705 1939.500
-0.700 1934.500
-0.695 1929.500
-0.690 1924.000
-0.685 1919.000
-0.680 1914.000
-0.675 1909.000
-0.670 1903.500
-0.665 1898.500
-0.660 1893.000
-0.655 1888.000
-0.650 1882.500
-0.645 1877.500
-0.640 1872.000
-0.635 1866.500
-0.630 1861.500
-0.625 1856.000
-0.620 1850.500
-0.615 1845.000
-0.610 1839.500
-0.605 1834.000
-0.600 1828.500
-0.595 1823.000
-0.590 1817.500
-0.585 1812.000
-0.580 1806.500
-0.575 1801.000
-0.570 1795.000
-0.565 1789.500
-0.560 1784.000
-0.555 1778.000
-0.550 1772.500
-0.545 1766.500
-0.540 1761.000
-0.535 1755.000
-0.530 1749.000
-0.525 1743.000
-0.520 1737.000
-0.515 1731.000
-0.510 1725.000
-0.505 1719.000
-0.500 1713.000
-0.495 1707.000
-0.490 1701.000
-0.485 1694.500
-0.480 1688.500
-0.475 1682.000
-0.470 1676.000
-0.465 1669.500
-0.460 1663.000
-0.455 1657.000
-0.450 1650.500
-0.445 1644.000
-0.440 1637.500
-0.435 1630.500
-0.430 1624.000
-0.425 1617.500
-0.420 1610.500
-0.415 1604.000
-0.410 1597.000
-0.405 1590.000
-0.400 1583.500
-0.395 1576.500
-0.390 1569.500
-0.385 1562.000
-0.380 1555.000
-0.375 1548.000
-0.370 1540.500
-0.365 1533.000
-0.360 1526.000
-0.355 1518.500
-0.350 1511.000
-0.345 1503.000
-0.340 1495.500
-0.335 1488.000
-0.330 1480.000
-0.325 1472.000
-0.320 1464.000
-0.315 1456.000
-0.310 1448.000
-0.305 1439.500
-0.300 1431.500
-0.295 1423.000
-0.290 1414.500
-0.285 1406.000
-0.280 1397.000
-0.275 1388.000
-0.270 1379.500
-0.265 1370.000
-0.260 1361.000
-0.255 1351.500
-0.250 1342.333
-0.245 1332.500
-0.240 1323.000
-0.235 1313.000
-0.230 1303.000
-0.225 1293.000
-0.220 1282.667
-0.215 1272.000
-0.210 1261.667
-0.205 1250.667
-0.200 1239.667
-0.195 1228.333
-0.190 1217.000
-0.185 1205.000
-0.180 1193.333
-0.175 1181.000
-0.170 1168.667
-0.165 1156.000
-0.160 1143.000
-0.155 1129.667
-0.150 1116.000
-0.145 1102.000
-0.140 1087.333
-0.135 1072.667
-0.130 1057.667
-0.125 1042.000
-0.120 1025.667
-0.115 1009.000
-0.110 992.000
-0.105 974.333
-0.100 955.750
-0.095 936.500
-0.090 916.750
-0.085 896.000
-0.080 874.250
-0.075 851.750
-0.070 828.000
-0.065 803.000
-0.060 776.600
-0.055 748.600
-0.050 719.000
-0.045 687.200
-0.040 653.167
-0.035 616.333
-0.030 576.167
-0.025 531.857
-0.020 482.286
-0.015 426.000
