-0.084 2096.000
-0.083 2086.000
-0.082 2076.000
-0.081 2066.000
-0.080 2056.000
-0.079 2046.000
-0.077 2025.000
-0.075 2004.000
-0.074 1993.000
-0.073 1982.000
-0.072 1971.000
-0.071 1960.000
-0.070 1949.000
-0.069 1938.000
-0.068 1926.000
-0.067 1915.000
-0.066 1903.000
-0.065 1891.000
-0.064 1879.000
-0.063 1867.000
-0.062 1855.000
-0.061 1843.000
-0.060 1830.000
-0.059 1818.000
-0.058 1805.000
-0.057 1792.000
-0.056 1779.000
-0.055 1766.000
-0.054 1752.000
-0.053 1739.000
-0.052 1725.000
-0.051 1711.000
-0.050 1697.000
-0.048 1668.000
-0.047 1653.000
-0.046 1638.000
-0.045 1623.000
-0.044 1608.000
-0.043 1592.000
-0.042 1576.000
-0.041 1560.000
-0.040 1544.000
-0.039 1527.000
-0.038 1510.000
-0.037 1493.000
-0.036 1476.000
-0.035 1458.000
-0.034 1440.000
-0.033 1421.000
-0.031 1383.000
-0.030 1364.000
-0.029 1344.000
-0.028 1324.000
-0.027 1303.000
-0.026 1282.000
-0.025 1260.000
-0.024 1238.000
-0.023 1215.000
-0.022 1192.000
-0.021 1168.000
-0.019 1118.000
-0.018 1093.000
-0.017 1066.000
-0.016 1039.000
-0.014 981.000
-0.013 951.000
-0.012 920.000
-0.011 887.000
-0.009 818.000
-0.007 743.000
-0.006 702.000
-0.005 659.000
-0.004 612.000
-0.003 563.000
-0.002 509.000
-0.001 450.000
