-3.500 7499.000
-3.495 7494.000
-3.490 7490.000
-3.485 7485.000
-3.480 7480.000
-3.475 7475.000
-3.470 7471.000
-3.465 7466.000
-3.460 7461.000
-3.455 7456.000
-3.450 7451.000
-3.445 7447.000
-3.440 7442.000
-3.435 7437.000
-3.430 7432.000
-3.425 7427.000
-3.420 7423.000
-3.415 7418.000
-3.410 7413.000
-3.405 7408.000
-3.400 7403.000
-3.395 7398.000
-3.390 7394.000
-3.385 7389.000
-3.380 7384.000
-3.375 7379.000
-3.370 7374.000
-3.365 7369.000
-3.360 7365.000
-3.355 7360.000
-3.350 7355.000
-3.345 7350.000
-3.340 7345.000
-3.335 7340.000
-3.330 7335.000
-3.325 7330.000
-3.320 7325.000
-3.315 7321.000
-3.310 7316.000
-3.305 7311.000
-3.300 7306.000
-3.295 7301.000
-3.290 7296.000
-3.285 7291.000
-3.280 7286.000
-3.275 7281.000
-3.270 7276.000
-3.265 7271.000
-3.260 7266.000
-3.255 7261.000
-3.250 7257.000
-3.245 7252.000
-3.240 7247.000
-3.235 7242.000
-3.230 7237.000
-3.225 7232.000
-3.220 7227.000
-3.215 7222.000
-3.210 7217.000
-3.205 7212.000
-3.200 7207.000
-3.195 7202.000
-3.190 7197.000
-3.185 7192.000
-3.180 7187.000
-3.175 7182.000
-3.170 7177.000
-3.165 7172.000
-3.160 7167.000
-3.155 7162.000
-3.150 7157.000
-3.145 7152.000
-3.140 7147.000
-3.135 7142.000
-3.130 7136.000
-3.125 7131.000
-3.120 7126.000
-3.115 7121.000
-3.110 7116.000
-3.105 7111.000
-3.100 7106.000
-3.095 7101.000
-3.090 7096.000
-3.085 7091.000
-3.080 7086.000
-3.075 7081.000
-3.070 7076.000
-3.065 7070.000
-3.060 7065.000
-3.055 7060.000
-3.050 7055.000
-3.045 7050.000
-3.040 7045.000
-3.035 7040.000
-3.030 7035.000
-3.025 7029.000
-3.020 7024.000
-3.015 7019.000
-3.010 7014.000
-3.005 7009.000
-3.000 7004.000
-2.995 6998.000
-2.990 6993.000
-2.985 6988.000
-2.980 6983.000
-2.975 6978.000
-2.970 6973.000
-2.965 6967.000
-2.960 6962.000
-2.955 6957.000
-2.950 6952.000
-2.945 6947.000
-2.940 6941.000
-2.935 6936.000
-2.930 6931.000
-2.925 6926.000
-2.920 6920.000
-2.915 6915.000
-2.910 6910.000
-2.905 6905.000
-2.900 6899.000
-2.895 6894.000
-2.890 6889.000
-2.885 6884.000
-2.880 6878.000
-2.875 6873.000
-2.870 6868.000
-2.865 6862.000
-2.860 6857.000
-2.855 6852.000
-2.850 6847.000
-2.845 6841.000
-2.840 6836.000
-2.835 6831.000
-2.830 6825.000
-2.825 6820.000
-2.820 6815.000
-2.815 6809.000
-2.810 6804.000
-2.805 6799.000
-2.800 6793.000
-2.795 6788.000
-2.790 6783.000
-2.785 6777.000
-2.780 6772.000
-2.775 6767.000
-2.770 6761.000
-2.765 6756.000
-2.760 6750.000
-2.755 6745.000
-2.750 6740.000
-2.745 6734.000
-2.740 6729.000
-2.735 6723.000
-2.730 6718.000
-2.725 6713.000
-2.720 6707.000
-2.715 6702.000
-2.710 6696.000
-2.705 6691.000
-2.700 6685.000
-2.695 6680.000
-2.690 6674.000
-2.685 6669.000
-2.680 6664.000
-2.675 6658.000
-2.670 6653.000
-2.665 6647.000
-2.660 6642.000
-2.655 6636.000
-2.650 6631.000
-2.645 6625.000
-2.640 6620.000
-2.635 6614.000
-2.630 6609.000
-2.625 6603.000
-2.620 6598.000
-2.615 6592.000
-2.610 6586.000
-2.605 6581.000
-2.600 6575.000
-2.595 6570.000
-2.590 6564.000
-2.585 6559.000
-2.580 6553.000
-2.575 6548.000
-2.570 6542.000
-2.565 6536.000
-2.560 6531.000
-2.555 6525.000
-2.550 6520.000
-2.545 6514.000
-2.540 6508.000
-2.535 6503.000
-2.530 6497.000
-2.525 6491.000
-2.520 6486.000
-2.515 6480.000
-2.510 6475.000
-2.505 6469.000
-2.500 6463.000
-2.495 6458.000
-2.490 6452.000
-2.485 6446.000
-2.480 6441.000
-2.475 6435.000
-2.470 6429.000
-2.465 6424.000
-2.460 6418.000
-2.455 6412.000
-2.450 6406.000
-2.445 6401.000
-2.440 6395.000
-2.435 6389.000
-2.430 6383.000
-2.425 6378.000
-2.420 6372.000
-2.415 6366.000
-2.410 6361.000
-2.405 6355.000
-2.400 6349.000
-2.395 6343.000
-2.390 6337.000
-2.385 6332.000
-2.380 6326.000
-2.375 6320.000
-2.370 6314.000
-2.365 6308.000
-2.360 6303.000
-2.355 6297.000
-2.350 6291.000
-2.345 6285.000
-2.340 6279.000
-2.335 6273.000
-2.330 6268.000
-2.325 6262.000
-2.320 6256.000
-2.315 6250.000
-2.310 6244.000
-2.305 6238.000
-2.300 6232.000
-2.295 6227.000
-2.290 6221.000
-2.285 6215.000
-2.280 6209.000
-2.275 6203.000
-2.270 6197.000
-2.265 6191.000
-2.260 6185.000
-2.255 6179.000
-2.250 6173.000
-2.245 6167.000
-2.240 6161.000
-2.235 6155.000
-2.230 6149.000
-2.225 6143.000
-2.220 6137.000
-2.215 6131.000
-2.210 6125.000
-2.205 6119.000
-2.200 6113.000
-2.195 6107.000
-2.190 6101.000
-2.185 6095.000
-2.180 6089.000
-2.175 6083.000
-2.170 6077.000
-2.165 6071.000
-2.160 6065.000
-2.155 6059.000
-2.150 6053.000
-2.145 6047.000
-2.140 6041.000
-2.135 6035.000
-2.130 6029.000
-2.125 6023.000
-2.120 6016.000
-2.115 6010.000
-2.110 6004.000
-2.105 5998.000
-2.100 5992.000
-2.095 5986.000
-2.090 5980.000
-2.085 5973.000
-2.080 5967.000
-2.075 5961.000
-2.070 5955.000
-2.065 5949.000
-2.060 5943.000
-2.055 5936.000
-2.050 5930.000
-2.045 5924.000
-2.040 5918.000
-2.035 5912.000
-2.030 5905.000
-2.025 5899.000
-2.020 5893.000
-2.015 5887.000
-2.010 5880.000
-2.005 5874.000
-2.000 5868.000
-1.995 5861.000
-1.990 5855.000
-1.985 5849.000
-1.980 5843.000
-1.975 5836.000
-1.970 5830.000
-1.965 5824.000
-1.960 5817.000
-1.955 5811.000
-1.950 5805.000
-1.945 5798.000
-1.940 5792.000
-1.935 5786.000
-1.930 5779.000
-1.925 5773.000
-1.920 5766.000
-1.915 5760.000
-1.910 5754.000
-1.905 5747.000
-1.900 5741.000
-1.895 5734.000
-1.890 5728.000
-1.885 5721.000
-1.880 5715.000
-1.875 5708.000
-1.870 5702.000
-1.865 5696.000
-1.860 5689.000
-1.855 5683.000
-1.850 5676.000
-1.845 5670.000
-1.840 5663.000
-1.835 5657.000
-1.830 5650.000
-1.825 5643.000
-1.820 5637.000
-1.815 5630.000
-1.810 5624.000
-1.805 5617.000
-1.800 5611.000
-1.795 5604.000
-1.790 5597.000
-1.785 5591.000
-1.780 5584.000
-1.775 5578.000
-1.770 5571.000
-1.765 5564.000
-1.760 5558.000
-1.755 5551.000
-1.750 5544.000
-1.745 5538.000
-1.740 5531.000
-1.735 5524.000
-1.730 5518.000
-1.725 5511.000
-1.720 5504.000
-1.715 5498.000
-1.710 5491.000
-1.705 5484.000
-1.700 5477.000
-1.695 5471.000
-1.690 5464.000
-1.685 5457.000
-1.680 5450.000
-1.675 5443.000
-1.670 5437.000
-1.665 5430.000
-1.660 5423.000
-1.655 5416.000
-1.650 5409.000
-1.645 5403.000
-1.640 5396.000
-1.635 5389.000
-1.630 5382.000
-1.625 5375.000
-1.620 5368.000
-1.615 5361.000
-1.610 5354.000
-1.605 5347.000
-1.600 5341.000
-1.595 5334.000
-1.590 5327.000
-1.585 5320.000
-1.580 5313.000
-1.575 5306.000
-1.570 5299.000
-1.565 5292.000
-1.560 5285.000
-1.555 5278.000
-1.550 5271.000
-1.545 5264.000
-1.540 5257.000
-1.535 5250.000
-1.530 5242.500
-1.525 5235.500
-1.520 5228.000
-1.515 5221.000
-1.510 5214.000
-1.505 5207.000
-1.500 5200.000
-1.495 5193.000
-1.490 5186.000
-1.485 5178.500
-1.480 5171.000
-1.475 5164.000
-1.470 5157.000
-1.465 5150.000
-1.460 5142.500
-1.455 5135.000
-1.450 5128.000
-1.445 5121.000
-1.440 5114.000
-1.435 5106.000
-1.430 5099.000
-1.425 5092.000
-1.420 5084.500
-1.415 5077.000
-1.410 5070.000
-1.405 5062.500
-1.400 5055.000
-1.395 5048.000
-1.390 5040.500
-1.385 5033.000
-1.380 5026.000
-1.375 5018.000
-1.370 5011.000
-1.365 5003.500
-1.360 4996.000
-1.355 4988.500
-1.350 4981.000
-1.345 4974.000
-1.340 4966.000
-1.335 4959.000
-1.330 4951.000
-1.325 4944.000
-1.320 4936.000
-1.315 4928.500
-1.310 4921.000
-1.305 4913.500
-1.300 4906.000
-1.295 4898.000
-1.290 4891.000
-1.285 4883.000
-1.280 4875.500
-1.275 4868.000
-1.270 4860.000
-1.265 4852.500
-1.260 4845.000
-1.255 4837.000
-1.250 4829.000
-1.245 4821.500
-1.240 4814.000
-1.235 4806.000
-1.230 4798.000
-1.225 4790.500
-1.220 4783.000
-1.215 4775.000
-1.210 4767.000
-1.205 4759.000
-1.200 4751.500
-1.195 4743.500
-1.190 4736.000
-1.185 4728.000
-1.180 4720.000
-1.175 4712.000
-1.170 4704.000
-1.165 4696.000
-1.160 4688.000
-1.155 4680.000
-1.150 4672.000
-1.145 4664.000
-1.140 4656.000
-1.135 4648.000
-1.130 4640.000
-1.125 4632.000
-1.120 4624.000
-1.115 4616.000
-1.110 4607.500
-1.105 4599.500
-1.100 4591.000
-1.095 4583.000
-1.090 4575.000
-1.085 4566.500
-1.080 4558.500
-1.075 4550.000
-1.070 4542.000
-1.065 4533.500
-1.060 4525.500
-1.055 4517.000
-1.050 4509.000
-1.045 4500.500
-1.040 4492.000
-1.035 4483.500
-1.030 4475.000
-1.025 4467.000
-1.020 4458.000
-1.015 4450.000
-1.010 4441.500
-1.005 4433.000
-1.000 4424.500
-0.995 4416.000
-0.990 4407.000
-0.985 4399.000
-0.980 4390.000
-0.975 4381.500
-0.970 4373.000
-0.965 4364.000
-0.960 4355.500
-0.955 4347.000
-0.950 4338.000
-0.945 4329.500
-0.940 4320.500
-0.935 4312.000
-0.930 4303.000
-0.925 4294.000
-0.920 4285.500
-0.915 4276.500
-0.910 4267.500
-0.905 4258.500
-0.900 4250.000
-0.895 4241.000
-0.890 4232.000
-0.885 4223.000
-0.880 4214.000
-0.875 4204.500
-0.870 4195.500
-0.865 4186.500
-0.860 4177.500
-0.855 4168.000
-0.850 4159.000
-0.845 4150.000
-0.840 4140.500
-0.835 4131.500
-0.830 4122.000
-0.825 4112.500
-0.820 4103.500
-0.815 4094.000
-0.810 4084.500
-0.805 4075.000
-0.800 4066.000
-0.795 4056.000
-0.790 4047.000
-0.785 4037.000
-0.780 4027.500
-0.775 4018.000
-0.770 4008.500
-0.765 3999.000
-0.760 3989.000
-0.755 3979.500
-0.750 3969.500
-0.745 3960.000
-0.740 3950.000
-0.735 3940.000
-0.730 3930.000
-0.725 3920.500
-0.720 3910.500
-0.715 3900.500
-0.710 3890.500
-0.705 3880.500
-0.700 3870.000
-0.695 3860.000
-0.690 3850.000
-0.685 3839.500
-0.680 3829.500
-0.675 3819.000
-0.670 3809.000
-0.665 3798.500
-0.660 3788.000
-0.655 3777.500
-0.650 3767.000
-0.645 3756.500
-0.640 3746.000
-0.635 3735.500
-0.630 3725.000
-0.625 3714.000
-0.620 3703.500
-0.615 3692.500
-0.610 3681.500
-0.605 3671.000
-0.600 3660.000
-0.595 3649.000
-0.590 3638.000
-0.585 3627.000
-0.580 3615.500
-0.575 3604.500
-0.570 3593.500
-0.565 3582.000
-0.560 3570.500
-0.555 3559.000
-0.550 3548.000
-0.545 3536.500
-0.540 3524.500
-0.535 3513.000
-0.530 3501.500
-0.525 3489.500
-0.520 3478.000
-0.515 3466.000
-0.510 3454.000
-0.505 3442.000
-0.500 3430.000
-0.495 3417.500
-0.490 3405.500
-0.485 3393.000
-0.480 3381.000
-0.475 3368.500
-0.470 3356.000
-0.465 3343.000
-0.460 3330.500
-0.455 3318.000
-0.450 3305.000
-0.445 3292.000
-0.440 3279.000
-0.435 3266.000
-0.430 3252.500
-0.425 3239.500
-0.420 3226.000
-0.415 3212.500
-0.410 3199.000
-0.405 3185.500
-0.400 3171.500
-0.395 3157.500
-0.390 3143.500
-0.385 3129.500
-0.380 3115.500
-0.375 3101.000
-0.370 3086.500
-0.365 3072.000
-0.360 3057.000
-0.355 3042.500
-0.350 3027.500
-0.345 3012.000
-0.340 2997.000
-0.335 2981.500
-0.330 2966.000
-0.325 2950.500
-0.320 2934.500
-0.315 2918.500
-0.310 2902.000
-0.305 2885.500
-0.300 2869.000
-0.295 2852.500
-0.290 2835.500
-0.285 2818.500
-0.280 2801.000
-0.275 2783.500
-0.270 2765.500
-0.265 2747.500
-0.260 2729.500
-0.255 2711.000
-0.250 2692.000
-0.245 2673.000
-0.240 2653.500
-0.235 2634.000
-0.230 2614.000
-0.225 2594.000
-0.220 2573.667
-0.215 2552.667
-0.210 2531.333
-0.205 2510.000
-0.200 2488.000
-0.195 2465.333
-0.190 2442.667
-0.185 2419.333
-0.180 2395.667
-0.175 2371.333
-0.170 2346.667
-0.165 2321.333
-0.160 2295.333
-0.155 2269.000
-0.150 2241.667
-0.145 2214.000
-0.140 2185.333
-0.135 2156.000
-0.130 2125.667
-0.125 2094.667
-0.120 2062.667
-0.115 2029.333
-0.110 1995.333
-0.105 1959.667
-0.100 1923.000
-0.095 1885.000
-0.090 1845.500
-0.085 1804.000
-0.080 1761.000
-0.075 1715.750
-0.070 1668.500
-0.065 1618.500
-0.060 1566.000
-0.055 1510.200
-0.050 1450.800
-0.045 1387.200
-0.040 1319.000
-0.035 1245.000
-0.030 1164.333
-0.025 1075.143
-0.020 975.429
-0.015 861.625
