-3.72600 7499.00000
-3.72500 7498.00000
-3.72400 7497.00000
-3.72300 7496.00000
-3.72200 7495.00000
-3.72100 7494.00000
-3.72000 7493.00000
-3.71900 7492.00000
-3.71800 7491.00000
-3.71700 7490.00000
-3.71600 7489.00000
-3.71500 7488.00000
-3.71400 7487.00000
-3.71300 7486.00000
-3.71200 7485.00000
-3.71100 7484.00000
-3.71000 7483.00000
-3.70900 7482.00000
-3.70700 7481.00000
-3.70600 7480.00000
-3.70500 7479.00000
-3.70400 7478.00000
-3.70300 7477.00000
-3.70200 7476.00000
-3.70100 7475.00000
-3.70000 7474.00000
-3.69900 7473.00000
-3.69800 7472.00000
-3.69700 7471.00000
-3.69600 7470.00000
-3.69500 7469.00000
-3.69400 7468.00000
-3.69300 7467.00000
-3.69200 7466.00000
-3.69100 7465.00000
-3.69000 7464.00000
-3.68800 7463.00000
-3.68700 7462.00000
-3.68600 7461.00000
-3.68500 7460.00000
-3.68400 7459.00000
-3.68300 7458.00000
-3.68200 7457.00000
-3.68100 7456.00000
-3.68000 7455.00000
-3.67900 7454.00000
-3.67800 7453.00000
-3.67700 7452.00000
-3.67600 7451.00000
-3.67500 7450.00000
-3.67400 7449.00000
-3.67300 7448.00000
-3.67200 7447.00000
-3.67100 7446.00000
-3.67000 7445.00000
-3.66800 7444.00000
-3.66700 7443.00000
-3.66600 7442.00000
-3.66500 7441.00000
-3.66400 7440.00000
-3.66300 7439.00000
-3.66200 7438.00000
-3.66100 7437.00000
-3.66000 7436.00000
-3.65900 7435.00000
-3.65800 7434.00000
-3.65700 7433.00000
-3.65600 7432.00000
-3.65500 7431.00000
-3.65400 7430.00000
-3.65300 7429.00000
-3.65200 7428.00000
-3.65100 7427.00000
-3.65000 7426.00000
-3.64900 7425.00000
-3.64700 7424.00000
-3.64600 7423.00000
-3.64500 7422.00000
-3.64400 7421.00000
-3.64300 7420.00000
-3.64200 7419.00000
-3.64100 7418.00000
-3.64000 7417.00000
-3.63900 7416.00000
-3.63800 7415.00000
-3.63700 7414.00000
-3.63600 7413.00000
-3.63500 7412.00000
-3.63400 7411.00000
-3.63300 7410.00000
-3.63200 7409.00000
-3.63100 7408.00000
-3.63000 7407.00000
-3.62900 7406.00000
-3.62800 7405.00000
-3.62700 7404.00000
-3.62500 7403.00000
-3.62400 7402.00000
-3.62300 7401.00000
-3.62200 7400.00000
-3.62100 7399.00000
-3.62000 7398.00000
-3.61900 7397.00000
-3.61800 7396.00000
-3.61700 7395.00000
-3.61600 7394.00000
-3.61500 7393.00000
-3.61400 7392.00000
-3.61300 7391.00000
-3.61200 7390.00000
-3.61100 7389.00000
-3.61000 7388.00000
-3.60900 7387.00000
-3.60800 7386.00000
-3.60700 7385.00000
-3.60600 7384.00000
-3.60500 7383.00000
-3.60400 7382.00000
-3.60200 7381.00000
-3.60100 7380.00000
-3.60000 7379.00000
-3.59900 7378.00000
-3.59800 7377.00000
-3.59700 7376.00000
-3.59600 7375.00000
-3.59500 7374.00000
-3.59400 7373.00000
-3.59300 7372.00000
-3.59200 7371.00000
-3.59100 7370.00000
-3.59000 7369.00000
-3.58900 7368.00000
-3.58800 7367.00000
-3.58700 7366.00000
-3.58600 7365.00000
-3.58500 7364.00000
-3.58400 7363.00000
-3.58300 7362.00000
-3.58200 7361.00000
-3.58100 7360.00000
-3.58000 7359.00000
-3.57900 7358.00000
-3.57700 7357.00000
-3.57600 7356.00000
-3.57500 7355.00000
-3.57400 7354.00000
-3.57300 7353.00000
-3.57200 7352.00000
-3.57100 7351.00000
-3.57000 7350.00000
-3.56900 7349.00000
-3.56800 7348.00000
-3.56700 7347.00000
-3.56600 7346.00000
-3.56500 7345.00000
-3.56400 7344.00000
-3.56300 7343.00000
-3.56200 7342.00000
-3.56100 7341.00000
-3.56000 7340.00000
-3.55900 7339.00000
-3.55800 7338.00000
-3.55700 7337.00000
-3.55600 7336.00000
-3.55500 7335.00000
-3.55400 7334.00000
-3.55300 7333.00000
-3.55200 7332.00000
-3.55000 7331.00000
-3.54900 7330.00000
-3.54800 7329.00000
-3.54700 7328.00000
-3.54600 7327.00000
-3.54500 7326.00000
-3.54400 7325.00000
-3.54300 7324.00000
-3.54200 7323.00000
-3.54100 7322.00000
-3.54000 7321.00000
-3.53900 7320.00000
-3.53800 7319.00000
-3.53700 7318.00000
-3.53600 7317.00000
-3.53500 7316.00000
-3.53400 7315.00000
-3.53300 7314.00000
-3.53200 7313.00000
-3.53100 7312.00000
-3.53000 7311.00000
-3.52900 7310.00000
-3.52800 7309.00000
-3.52700 7308.00000
-3.52600 7307.00000
-3.52500 7306.00000
-3.52400 7305.00000
-3.52300 7304.00000
-3.52200 7303.00000
-3.52000 7302.00000
-3.51900 7301.00000
-3.51800 7300.00000
-3.51700 7299.00000
-3.51600 7298.00000
-3.51500 7297.00000
-3.51400 7296.00000
-3.51300 7295.00000
-3.51200 7294.00000
-3.51100 7293.00000
-3.51000 7292.00000
-3.50900 7291.00000
-3.50800 7290.00000
-3.50700 7289.00000
-3.50600 7288.00000
-3.50500 7287.00000
-3.50400 7286.00000
-3.50300 7285.00000
-3.50200 7284.00000
-3.50100 7283.00000
-3.50000 7282.00000
-3.49900 7281.00000
-3.49800 7280.00000
-3.49700 7279.00000
-3.49600 7278.00000
-3.49500 7277.00000
-3.49400 7276.00000
-3.49300 7275.00000
-3.49200 7274.00000
-3.49100 7273.00000
-3.49000 7272.00000
-3.48900 7271.00000
-3.48800 7270.00000
-3.48600 7269.00000
-3.48500 7268.00000
-3.48400 7267.00000
-3.48300 7266.00000
-3.48200 7265.00000
-3.48100 7264.00000
-3.48000 7263.00000
-3.47900 7262.00000
-3.47800 7261.00000
-3.47700 7260.00000
-3.47600 7259.00000
-3.47500 7258.00000
-3.47400 7257.00000
-3.47300 7256.00000
-3.47200 7255.00000
-3.47100 7254.00000
-3.47000 7253.00000
-3.46900 7252.00000
-3.46800 7251.00000
-3.46700 7250.00000
-3.46600 7249.00000
-3.46500 7248.00000
-3.46400 7247.00000
-3.46300 7246.00000
-3.46200 7245.00000
-3.46100 7244.00000
-3.46000 7243.00000
-3.45900 7242.00000
-3.45800 7241.00000
-3.45700 7240.00000
-3.45600 7239.00000
-3.45500 7238.00000
-3.45400 7237.00000
-3.45300 7236.00000
-3.45200 7235.00000
-3.45100 7234.00000
-3.45000 7233.00000
-3.44900 7232.00000
-3.44800 7231.00000
-3.44700 7230.00000
-3.44500 7229.00000
-3.44400 7228.00000
-3.44300 7227.00000
-3.44200 7226.00000
-3.44100 7225.00000
-3.44000 7224.00000
-3.43900 7223.00000
-3.43800 7222.00000
-3.43700 7221.00000
-3.43600 7220.00000
-3.43500 7219.00000
-3.43400 7218.00000
-3.43300 7217.00000
-3.43200 7216.00000
-3.43100 7215.00000
-3.43000 7214.00000
-3.42900 7213.00000
-3.42800 7212.00000
-3.42700 7211.00000
-3.42600 7210.00000
-3.42500 7209.00000
-3.42400 7208.00000
-3.42300 7207.00000
-3.42200 7206.00000
-3.42100 7205.00000
-3.42000 7204.00000
-3.41900 7203.00000
-3.41800 7202.00000
-3.41700 7201.00000
-3.41600 7200.00000
-3.41500 7199.00000
-3.41400 7198.00000
-3.41300 7197.00000
-3.41200 7196.00000
-3.41100 7195.00000
-3.41000 7194.00000
-3.40900 7193.00000
-3.40800 7192.00000
-3.40700 7191.00000
-3.40600 7190.00000
-3.40500 7189.00000
-3.40400 7188.00000
-3.40300 7187.00000
-3.40200 7186.00000
-3.40100 7185.00000
-3.40000 7184.00000
