-3.500 7211.000
-3.495 7207.000
-3.490 7202.000
-3.485 7198.000
-3.480 7193.000
-3.475 7188.000
-3.470 7184.000
-3.465 7179.000
-3.460 7174.000
-3.455 7170.000
-3.450 7165.000
-3.445 7160.000
-3.440 7156.000
-3.435 7151.000
-3.430 7146.000
-3.425 7142.000
-3.420 7137.000
-3.415 7132.000
-3.410 7128.000
-3.405 7123.000
-3.400 7118.000
-3.395 7114.000
-3.390 7109.000
-3.385 7104.000
-3.380 7100.000
-3.375 7095.000
-3.370 7090.000
-3.365 7086.000
-3.360 7081.000
-3.355 7076.000
-3.350 7071.000
-3.345 7067.000
-3.340 7062.000
-3.335 7057.000
-3.330 7053.000
-3.325 7048.000
-3.320 7043.000
-3.315 7038.000
-3.310 7034.000
-3.305 7029.000
-3.300 7024.000
-3.295 7019.000
-3.290 7015.000
-3.285 7010.000
-3.280 7005.000
-3.275 7000.000
-3.270 6995.000
-3.265 6991.000
-3.260 6986.000
-3.255 6981.000
-3.250 6976.000
-3.245 6972.000
-3.240 6967.000
-3.235 6962.000
-3.230 6957.000
-3.225 6952.000
-3.220 6948.000
-3.215 6943.000
-3.210 6938.000
-3.205 6933.000
-3.200 6928.000
-3.195 6923.000
-3.190 6919.000
-3.185 6914.000
-3.180 6909.000
-3.175 6904.000
-3.170 6899.000
-3.165 6894.000
-3.160 6889.000
-3.155 6885.000
-3.150 6880.000
-3.145 6875.000
-3.140 6870.000
-3.135 6865.000
-3.130 6860.000
-3.125 6855.000
-3.120 6850.000
-3.115 6846.000
-3.110 6841.000
-3.105 6836.000
-3.100 6831.000
-3.095 6826.000
-3.090 6821.000
-3.085 6816.000
-3.080 6811.000
-3.075 6806.000
-3.070 6801.000
-3.065 6796.000
-3.060 6791.000
-3.055 6786.000
-3.050 6781.000
-3.045 6777.000
-3.040 6772.000
-3.035 6767.000
-3.030 6762.000
-3.025 6757.000
-3.020 6752.000
-3.015 6747.000
-3.010 6742.000
-3.005 6737.000
-3.000 6732.000
-2.995 6727.000
-2.990 6722.000
-2.985 6717.000
-2.980 6712.000
-2.975 6707.000
-2.970 6702.000
-2.965 6697.000
-2.960 6692.000
-2.955 6687.000
-2.950 6682.000
-2.945 6677.000
-2.940 6672.000
-2.935 6666.000
-2.930 6661.000
-2.925 6656.000
-2.920 6651.000
-2.915 6646.000
-2.910 6641.000
-2.905 6636.000
-2.900 6631.000
-2.895 6626.000
-2.890 6621.000
-2.885 6616.000
-2.880 6611.000
-2.875 6606.000
-2.870 6600.000
-2.865 6595.000
-2.860 6590.000
-2.855 6585.000
-2.850 6580.000
-2.845 6575.000
-2.840 6570.000
-2.835 6565.000
-2.830 6559.000
-2.825 6554.000
-2.820 6549.000
-2.815 6544.000
-2.810 6539.000
-2.805 6534.000
-2.800 6529.000
-2.795 6523.000
-2.790 6518.000
-2.785 6513.000
-2.780 6508.000
-2.775 6503.000
-2.770 6497.000
-2.765 6492.000
-2.760 6487.000
-2.755 6482.000
-2.750 6477.000
-2.745 6471.000
-2.740 6466.000
-2.735 6461.000
-2.730 6456.000
-2.725 6450.000
-2.720 6445.000
-2.715 6440.000
-2.710 6435.000
-2.705 6429.000
-2.700 6424.000
-2.695 6419.000
-2.690 6414.000
-2.685 6408.000
-2.680 6403.000
-2.675 6398.000
-2.670 6393.000
-2.665 6387.000
-2.660 6382.000
-2.655 6377.000
-2.650 6371.000
-2.645 6366.000
-2.640 6361.000
-2.635 6355.000
-2.630 6350.000
-2.625 6345.000
-2.620 6339.000
-2.615 6334.000
-2.610 6329.000
-2.605 6323.000
-2.600 6318.000
-2.595 6313.000
-2.590 6307.000
-2.585 6302.000
-2.580 6297.000
-2.575 6291.000
-2.570 6286.000
-2.565 6280.000
-2.560 6275.000
-2.555 6270.000
-2.550 6264.000
-2.545 6259.000
-2.540 6253.000
-2.535 6248.000
-2.530 6243.000
-2.525 6237.000
-2.520 6232.000
-2.515 6226.000
-2.510 6221.000
-2.505 6215.000
-2.500 6210.000
-2.495 6204.000
-2.490 6199.000
-2.485 6193.000
-2.480 6188.000
-2.475 6183.000
-2.470 6177.000
-2.465 6172.000
-2.460 6166.000
-2.455 6161.000
-2.450 6155.000
-2.445 6150.000
-2.440 6144.000
-2.435 6138.000
-2.430 6133.000
-2.425 6127.000
-2.420 6122.000
-2.415 6116.000
-2.410 6111.000
-2.405 6105.000
-2.400 6100.000
-2.395 6094.000
-2.390 6089.000
-2.385 6083.000
-2.380 6077.000
-2.375 6072.000
-2.370 6066.000
-2.365 6061.000
-2.360 6055.000
-2.355 6049.000
-2.350 6044.000
-2.345 6038.000
-2.340 6032.000
-2.335 6027.000
-2.330 6021.000
-2.325 6016.000
-2.320 6010.000
-2.315 6004.000
-2.310 5999.000
-2.305 5993.000
-2.300 5987.000
-2.295 5982.000
-2.290 5976.000
-2.285 5970.000
-2.280 5965.000
-2.275 5959.000
-2.270 5953.000
-2.265 5947.000
-2.260 5942.000
-2.255 5936.000
-2.250 5930.000
-2.245 5924.000
-2.240 5919.000
-2.235 5913.000
-2.230 5907.000
-2.225 5901.000
-2.220 5896.000
-2.215 5890.000
-2.210 5884.000
-2.205 5878.000
-2.200 5873.000
-2.195 5867.000
-2.190 5861.000
-2.185 5855.000
-2.180 5849.000
-2.175 5844.000
-2.170 5838.000
-2.165 5832.000
-2.160 5826.000
-2.155 5820.000
-2.150 5814.000
-2.145 5808.000
-2.140 5803.000
-2.135 5797.000
-2.130 5791.000
-2.125 5785.000
-2.120 5779.000
-2.115 5773.000
-2.110 5767.000
-2.105 5761.000
-2.100 5755.000
-2.095 5750.000
-2.090 5744.000
-2.085 5738.000
-2.080 5732.000
-2.075 5726.000
-2.070 5720.000
-2.065 5714.000
-2.060 5708.000
-2.055 5702.000
-2.050 5696.000
-2.045 5690.000
-2.040 5684.000
-2.035 5678.000
-2.030 5672.000
-2.025 5666.000
-2.020 5660.000
-2.015 5654.000
-2.010 5648.000
-2.005 5642.000
-2.000 5636.000
-1.995 5630.000
-1.990 5624.000
-1.985 5618.000
-1.980 5612.000
-1.975 5606.000
-1.970 5599.000
-1.965 5593.000
-1.960 5587.000
-1.955 5581.000
-1.950 5575.000
-1.945 5569.000
-1.940 5563.000
-1.935 5557.000
-1.930 5551.000
-1.925 5544.000
-1.920 5538.000
-1.915 5532.000
-1.910 5526.000
-1.905 5520.000
-1.900 5514.000
-1.895 5507.000
-1.890 5501.000
-1.885 5495.000
-1.880 5489.000
-1.875 5482.000
-1.870 5476.000
-1.865 5470.000
-1.860 5464.000
-1.855 5458.000
-1.850 5451.000
-1.845 5445.000
-1.840 5439.000
-1.835 5432.000
-1.830 5426.000
-1.825 5420.000
-1.820 5414.000
-1.815 5407.000
-1.810 5401.000
-1.805 5395.000
-1.800 5388.000
-1.795 5382.000
-1.790 5376.000
-1.785 5369.000
-1.780 5363.000
-1.775 5357.000
-1.770 5350.000
-1.765 5344.000
-1.760 5337.000
-1.755 5331.000
-1.750 5325.000
-1.745 5318.000
-1.740 5312.000
-1.735 5305.000
-1.730 5299.000
-1.725 5292.000
-1.720 5286.000
-1.715 5279.000
-1.710 5273.000
-1.705 5266.500
-1.700 5260.000
-1.695 5253.500
-1.690 5247.000
-1.685 5240.000
-1.680 5234.000
-1.675 5227.000
-1.670 5221.000
-1.665 5214.000
-1.660 5208.000
-1.655 5201.000
-1.650 5195.000
-1.645 5188.000
-1.640 5181.000
-1.635 5175.000
-1.630 5168.000
-1.625 5162.000
-1.620 5155.000
-1.615 5148.000
-1.610 5142.000
-1.605 5135.000
-1.600 5128.000
-1.595 5122.000
-1.590 5115.000
-1.585 5108.000
-1.580 5102.000
-1.575 5095.000
-1.570 5088.000
-1.565 5081.500
-1.560 5075.000
-1.555 5068.000
-1.550 5061.000
-1.545 5054.500
-1.540 5048.000
-1.535 5041.000
-1.530 5034.000
-1.525 5027.000
-1.520 5020.500
-1.515 5014.000
-1.510 5007.000
-1.505 5000.000
-1.500 4993.000
-1.495 4986.000
-1.490 4979.000
-1.485 4972.500
-1.480 4966.000
-1.475 4959.000
-1.470 4952.000
-1.465 4945.000
-1.460 4938.000
-1.455 4931.000
-1.450 4924.000
-1.445 4917.000
-1.440 4910.000
-1.435 4903.000
-1.430 4896.000
-1.425 4889.000
-1.420 4882.000
-1.415 4875.000
-1.410 4868.000
-1.405 4861.000
-1.400 4854.000
-1.395 4847.000
-1.390 4840.000
-1.385 4833.000
-1.380 4825.500
-1.375 4818.500
-1.370 4811.000
-1.365 4804.000
-1.360 4797.000
-1.355 4790.000
-1.350 4783.000
-1.345 4775.500
-1.340 4768.000
-1.335 4761.000
-1.330 4754.000
-1.325 4747.000
-1.320 4739.500
-1.315 4732.000
-1.310 4725.000
-1.305 4718.000
-1.300 4710.000
-1.295 4703.000
-1.290 4696.000
-1.285 4688.500
-1.280 4681.000
-1.275 4674.000
-1.270 4666.000
-1.265 4659.000
-1.260 4651.500
-1.255 4644.000
-1.250 4637.000
-1.245 4629.000
-1.240 4622.000
-1.235 4614.500
-1.230 4607.000
-1.225 4599.500
-1.220 4592.000
-1.215 4584.500
-1.210 4577.000
-1.205 4569.500
-1.200 4562.000
-1.195 4554.000
-1.190 4547.000
-1.185 4539.000
-1.180 4531.500
-1.175 4524.000
-1.170 4516.000
-1.165 4508.500
-1.160 4501.000
-1.155 4493.000
-1.150 4485.500
-1.145 4478.000
-1.140 4470.000
-1.135 4462.500
-1.130 4455.000
-1.125 4447.000
-1.120 4439.000
-1.115 4431.500
-1.110 4423.500
-1.105 4416.000
-1.100 4408.000
-1.095 4400.000
-1.090 4392.000
-1.085 4384.000
-1.080 4376.500
-1.075 4368.500
-1.070 4360.500
-1.065 4352.500
-1.060 4344.500
-1.055 4336.500
-1.050 4328.500
-1.045 4320.500
-1.040 4312.500
-1.035 4304.500
-1.030 4296.500
-1.025 4288.000
-1.020 4280.000
-1.015 4272.000
-1.010 4264.000
-1.005 4256.000
-1.000 4247.500
-0.995 4239.000
-0.990 4231.000
-0.985 4223.000
-0.980 4214.500
-0.975 4206.000
-0.970 4198.000
-0.965 4189.500
-0.960 4181.500
-0.955 4173.000
-0.950 4164.500
-0.945 4156.000
-0.940 4148.000
-0.935 4139.500
-0.930 4131.000
-0.925 4122.500
-0.920 4114.000
-0.915 4105.500
-0.910 4097.000
-0.905 4088.000
-0.900 4079.500
-0.895 4071.000
-0.890 4062.500
-0.885 4054.000
-0.880 4045.000
-0.875 4036.500
-0.870 4027.500
-0.865 4019.000
-0.860 4010.000
-0.855 4001.500
-0.850 3992.500
-0.845 3983.500
-0.840 3975.000
-0.835 3966.000
-0.830 3957.000
-0.825 3948.000
-0.820 3939.000
-0.815 3930.000
-0.810 3921.000
-0.805 3912.000
-0.800 3903.000
-0.795 3894.000
-0.790 3884.500
-0.785 3875.500
-0.780 3866.500
-0.775 3857.000
-0.770 3848.000
-0.765 3838.500
-0.760 3829.000
-0.755 3820.000
-0.750 3810.500
-0.745 3801.000
-0.740 3791.500
-0.735 3782.000
-0.730 3772.500
-0.725 3763.000
-0.720 3753.500
-0.715 3744.000
-0.710 3734.500
-0.705 3724.500
-0.700 3715.000
-0.695 3705.500
-0.690 3695.500
-0.685 3685.500
-0.680 3676.000
-0.675 3666.000
-0.670 3656.000
-0.665 3646.000
-0.660 3636.000
-0.655 3626.000
-0.650 3616.000
-0.645 3606.000
-0.640 3596.000
-0.635 3585.500
-0.630 3575.500
-0.625 3565.000
-0.620 3554.500
-0.615 3544.500
-0.610 3534.000
-0.605 3523.500
-0.600 3513.000
-0.595 3502.500
-0.590 3492.000
-0.585 3481.000
-0.580 3470.500
-0.575 3460.000
-0.570 3449.000
-0.565 3438.000
-0.560 3427.000
-0.555 3416.500
-0.550 3405.500
-0.545 3394.000
-0.540 3383.000
-0.535 3372.000
-0.530 3360.500
-0.525 3349.500
-0.520 3338.000
-0.515 3326.500
-0.510 3315.000
-0.505 3303.500
-0.500 3292.000
-0.495 3280.500
-0.490 3268.500
-0.485 3256.500
-0.480 3245.000
-0.475 3233.000
-0.470 3221.000
-0.465 3209.000
-0.460 3196.500
-0.455 3184.500
-0.450 3172.000
-0.445 3159.500
-0.440 3147.000
-0.435 3134.500
-0.430 3122.000
-0.425 3109.000
-0.420 3096.000
-0.415 3083.000
-0.410 3070.000
-0.405 3057.000
-0.400 3044.000
-0.395 3030.500
-0.390 3017.000
-0.385 3003.500
-0.380 2990.000
-0.375 2976.000
-0.370 2962.000
-0.365 2948.000
-0.360 2934.000
-0.355 2919.500
-0.350 2905.500
-0.345 2890.500
-0.340 2876.000
-0.335 2861.500
-0.330 2846.500
-0.325 2831.000
-0.320 2816.000
-0.315 2800.500
-0.310 2785.000
-0.305 2769.000
-0.300 2753.500
-0.295 2737.000
-0.290 2721.000
-0.285 2704.500
-0.280 2688.000
-0.275 2671.000
-0.270 2654.000
-0.265 2636.500
-0.260 2619.000
-0.255 2601.000
-0.250 2583.000
-0.245 2565.000
-0.240 2546.500
-0.235 2527.333
-0.230 2508.333
-0.225 2489.000
-0.220 2469.000
-0.215 2449.000
-0.210 2428.667
-0.205 2408.000
-0.200 2387.000
-0.195 2365.333
-0.190 2343.333
-0.185 2321.000
-0.180 2298.333
-0.175 2275.000
-0.170 2251.333
-0.165 2227.000
-0.160 2202.000
-0.155 2176.667
-0.150 2150.333
-0.145 2123.667
-0.140 2096.333
-0.135 2068.000
-0.130 2039.000
-0.125 2009.000
-0.120 1978.333
-0.115 1946.333
-0.110 1913.500
-0.105 1879.500
-0.100 1844.250
-0.095 1807.750
-0.090 1769.500
-0.085 1730.000
-0.080 1688.500
-0.075 1645.250
-0.070 1599.750
-0.065 1551.750
-0.060 1501.200
-0.055 1447.600
-0.050 1390.600
-0.045 1329.600
-0.040 1264.200
-0.035 1193.167
-0.030 1115.667
-0.025 1030.286
-0.020 934.625
-0.015 825.500
