-3.500 8225.000
-3.495 8219.000
-3.490 8214.000
-3.485 8208.000
-3.480 8203.000
-3.475 8197.000
-3.470 8192.000
-3.465 8186.000
-3.460 8181.000
-3.455 8175.000
-3.450 8170.000
-3.445 8164.000
-3.440 8159.000
-3.435 8153.000
-3.430 8148.000
-3.425 8142.000
-3.420 8137.000
-3.415 8131.000
-3.410 8126.000
-3.405 8120.000
-3.400 8115.000
-3.395 8109.000
-3.390 8104.000
-3.385 8098.000
-3.380 8093.000
-3.375 8087.000
-3.370 8082.000
-3.365 8076.000
-3.360 8071.000
-3.355 8065.000
-3.350 8059.000
-3.345 8054.000
-3.340 8048.000
-3.335 8043.000
-3.330 8037.000
-3.325 8032.000
-3.320 8026.000
-3.315 8020.000
-3.310 8015.000
-3.305 8009.000
-3.300 8004.000
-3.295 7998.000
-3.290 7992.000
-3.285 7987.000
-3.280 7981.000
-3.275 7976.000
-3.270 7970.000
-3.265 7964.000
-3.260 7959.000
-3.255 7953.000
-3.250 7948.000
-3.245 7943.000
-3.240 7938.000
-3.235 7932.000
-3.230 7927.000
-3.225 7922.000
-3.220 7916.000
-3.215 7911.000
-3.210 7905.000
-3.205 7900.000
-3.200 7895.000
-3.195 7889.000
-3.190 7884.000
-3.185 7879.000
-3.180 7873.000
-3.175 7868.000
-3.170 7862.000
-3.165 7857.000
-3.160 7852.000
-3.155 7846.000
-3.150 7841.000
-3.145 7835.000
-3.140 7830.000
-3.135 7825.000
-3.130 7819.000
-3.125 7814.000
-3.120 7808.000
-3.115 7803.000
-3.110 7797.000
-3.105 7792.000
-3.100 7786.000
-3.095 7781.000
-3.090 7776.000
-3.085 7770.000
-3.080 7765.000
-3.075 7759.000
-3.070 7754.000
-3.065 7748.000
-3.060 7743.000
-3.055 7737.000
-3.050 7732.000
-3.045 7726.000
-3.040 7721.000
-3.035 7715.000
-3.030 7709.000
-3.025 7704.000
-3.020 7698.000
-3.015 7693.000
-3.010 7687.000
-3.005 7682.000
-3.000 7676.000
-2.995 7671.000
-2.990 7665.000
-2.985 7659.000
-2.980 7654.000
-2.975 7648.000
-2.970 7643.000
-2.965 7637.000
-2.960 7632.000
-2.955 7626.000
-2.950 7620.000
-2.945 7615.000
-2.940 7609.000
-2.935 7603.000
-2.930 7598.000
-2.925 7592.000
-2.920 7587.000
-2.915 7581.000
-2.910 7575.000
-2.905 7570.000
-2.900 7564.000
-2.895 7558.000
-2.890 7553.000
-2.885 7547.000
-2.880 7541.000
-2.875 7535.000
-2.870 7530.000
-2.865 7524.000
-2.860 7518.000
-2.855 7513.000
-2.850 7507.000
-2.845 7501.000
-2.840 7495.000
-2.835 7490.000
-2.830 7484.000
-2.825 7478.000
-2.820 7472.000
-2.815 7467.000
-2.810 7461.000
-2.805 7455.000
-2.800 7449.000
-2.795 7444.000
-2.790 7438.000
-2.785 7432.000
-2.780 7426.000
-2.775 7420.000
-2.770 7415.000
-2.765 7409.000
-2.760 7403.000
-2.755 7397.000
-2.750 7391.000
-2.745 7386.000
-2.740 7380.000
-2.735 7374.000
-2.730 7368.000
-2.725 7362.000
-2.720 7356.000
-2.715 7350.000
-2.710 7345.000
-2.705 7339.000
-2.700 7333.000
-2.695 7327.000
-2.690 7321.000
-2.685 7315.000
-2.680 7309.000
-2.675 7303.000
-2.670 7297.000
-2.665 7291.000
-2.660 7285.000
-2.655 7279.000
-2.650 7274.000
-2.645 7268.000
-2.640 7262.000
-2.635 7256.000
-2.630 7250.000
-2.625 7244.000
-2.620 7238.000
-2.615 7232.000
-2.610 7226.000
-2.605 7220.000
-2.600 7214.000
-2.595 7208.000
-2.590 7202.000
-2.585 7196.000
-2.580 7190.000
-2.575 7184.000
-2.570 7178.000
-2.565 7172.000
-2.560 7165.000
-2.555 7159.000
-2.550 7153.000
-2.545 7147.000
-2.540 7141.000
-2.535 7135.000
-2.530 7129.000
-2.525 7123.000
-2.520 7117.000
-2.515 7111.000
-2.510 7105.000
-2.505 7098.000
-2.500 7092.000
-2.495 7086.000
-2.490 7080.000
-2.485 7074.000
-2.480 7068.000
-2.475 7062.000
-2.470 7055.000
-2.465 7049.000
-2.460 7043.000
-2.455 7037.000
-2.450 7031.000
-2.445 7025.000
-2.440 7018.000
-2.435 7012.000
-2.430 7006.000
-2.425 7000.000
-2.420 6993.000
-2.415 6987.000
-2.410 6981.000
-2.405 6975.000
-2.400 6968.000
-2.395 6962.000
-2.390 6956.000
-2.385 6950.000
-2.380 6943.000
-2.375 6937.000
-2.370 6931.000
-2.365 6924.000
-2.360 6918.000
-2.355 6912.000
-2.350 6906.000
-2.345 6899.000
-2.340 6893.000
-2.335 6887.000
-2.330 6880.000
-2.325 6874.000
-2.320 6867.000
-2.315 6861.000
-2.310 6855.000
-2.305 6848.000
-2.300 6842.000
-2.295 6836.000
-2.290 6829.000
-2.285 6823.000
-2.280 6816.000
-2.275 6810.000
-2.270 6803.000
-2.265 6797.000
-2.260 6791.000
-2.255 6784.000
-2.250 6778.000
-2.245 6771.000
-2.240 6765.000
-2.235 6758.000
-2.230 6752.000
-2.225 6745.000
-2.220 6739.000
-2.215 6732.000
-2.210 6726.000
-2.205 6719.000
-2.200 6713.000
-2.195 6706.000
-2.190 6700.000
-2.185 6693.000
-2.180 6686.000
-2.175 6680.000
-2.170 6673.000
-2.165 6667.000
-2.160 6660.000
-2.155 6654.000
-2.150 6647.000
-2.145 6640.000
-2.140 6634.000
-2.135 6627.000
-2.130 6620.000
-2.125 6614.000
-2.120 6607.000
-2.115 6601.000
-2.110 6594.000
-2.105 6587.000
-2.100 6580.000
-2.095 6574.000
-2.090 6567.000
-2.085 6560.000
-2.080 6554.000
-2.075 6547.000
-2.070 6540.000
-2.065 6534.000
-2.060 6527.000
-2.055 6520.000
-2.050 6513.000
-2.045 6507.000
-2.040 6500.000
-2.035 6493.000
-2.030 6486.000
-2.025 6479.000
-2.020 6473.000
-2.015 6466.000
-2.010 6459.000
-2.005 6452.000
-2.000 6445.000
-1.995 6438.000
-1.990 6432.000
-1.985 6425.000
-1.980 6418.000
-1.975 6411.000
-1.970 6404.000
-1.965 6397.000
-1.960 6390.000
-1.955 6383.000
-1.950 6376.000
-1.945 6370.000
-1.940 6363.000
-1.935 6356.000
-1.930 6349.000
-1.925 6342.000
-1.920 6335.000
-1.915 6328.000
-1.910 6321.000
-1.905 6314.000
-1.900 6307.000
-1.895 6300.000
-1.890 6293.000
-1.885 6286.000
-1.880 6279.000
-1.875 6272.000
-1.870 6265.000
-1.865 6258.000
-1.860 6251.000
-1.855 6243.000
-1.850 6236.000
-1.845 6229.000
-1.840 6222.000
-1.835 6215.000
-1.830 6208.000
-1.825 6201.000
-1.820 6194.000
-1.815 6186.000
-1.810 6179.000
-1.805 6172.000
-1.800 6165.000
-1.795 6158.000
-1.790 6151.000
-1.785 6143.000
-1.780 6136.000
-1.775 6129.000
-1.770 6122.000
-1.765 6114.000
-1.760 6107.000
-1.755 6100.000
-1.750 6093.000
-1.745 6085.000
-1.740 6078.000
-1.735 6071.000
-1.730 6063.000
-1.725 6056.000
-1.720 6049.000
-1.715 6042.000
-1.710 6034.000
-1.705 6027.000
-1.700 6019.000
-1.695 6012.000
-1.690 6005.000
-1.685 5997.000
-1.680 5990.000
-1.675 5982.000
-1.670 5975.000
-1.665 5968.000
-1.660 5960.000
-1.655 5953.000
-1.650 5945.000
-1.645 5938.000
-1.640 5930.000
-1.635 5923.000
-1.630 5915.000
-1.625 5908.000
-1.620 5900.000
-1.615 5893.000
-1.610 5885.000
-1.605 5878.000
-1.600 5870.000
-1.595 5862.000
-1.590 5855.000
-1.585 5847.000
-1.580 5840.000
-1.575 5832.000
-1.570 5824.000
-1.565 5817.000
-1.560 5809.000
-1.555 5801.000
-1.550 5794.000
-1.545 5786.000
-1.540 5778.000
-1.535 5771.000
-1.530 5763.000
-1.525 5755.000
-1.520 5747.000
-1.515 5740.000
-1.510 5732.000
-1.505 5724.000
-1.500 5716.000
-1.495 5708.000
-1.490 5701.000
-1.485 5693.000
-1.480 5685.000
-1.475 5677.000
-1.470 5669.000
-1.465 5661.000
-1.460 5653.500
-1.455 5646.000
-1.450 5638.000
-1.445 5630.000
-1.440 5622.000
-1.435 5614.000
-1.430 5606.000
-1.425 5598.000
-1.420 5590.000
-1.415 5582.000
-1.410 5574.000
-1.405 5566.000
-1.400 5558.000
-1.395 5550.000
-1.390 5542.000
-1.385 5534.000
-1.380 5526.000
-1.375 5517.500
-1.370 5509.000
-1.365 5501.000
-1.360 5493.000
-1.355 5485.000
-1.350 5477.000
-1.345 5469.000
-1.340 5460.500
-1.335 5452.000
-1.330 5444.000
-1.325 5436.000
-1.320 5427.500
-1.315 5419.000
-1.310 5411.000
-1.305 5403.000
-1.300 5394.500
-1.295 5386.000
-1.290 5378.000
-1.285 5369.500
-1.280 5361.000
-1.275 5353.000
-1.270 5344.000
-1.265 5336.000
-1.260 5327.500
-1.255 5319.000
-1.250 5310.500
-1.245 5302.000
-1.240 5294.000
-1.235 5285.000
-1.230 5277.000
-1.225 5268.000
-1.220 5259.500
-1.215 5251.000
-1.210 5242.500
-1.205 5234.000
-1.200 5225.000
-1.195 5216.500
-1.190 5208.000
-1.185 5199.000
-1.180 5191.000
-1.175 5182.000
-1.170 5173.000
-1.165 5164.500
-1.160 5156.000
-1.155 5147.000
-1.150 5138.000
-1.145 5129.500
-1.140 5121.000
-1.135 5112.000
-1.130 5103.000
-1.125 5094.000
-1.120 5085.000
-1.115 5076.500
-1.110 5067.500
-1.105 5058.500
-1.100 5050.000
-1.095 5041.000
-1.090 5032.000
-1.085 5023.000
-1.080 5014.000
-1.075 5004.500
-1.070 4995.500
-1.065 4986.500
-1.060 4977.500
-1.055 4968.000
-1.050 4959.000
-1.045 4950.000
-1.040 4941.000
-1.035 4931.500
-1.030 4922.500
-1.025 4913.000
-1.020 4904.000
-1.015 4895.000
-1.010 4885.500
-1.005 4876.000
-1.000 4867.000
-0.995 4857.500
-0.990 4848.000
-0.985 4838.500
-0.980 4829.000
-0.975 4820.000
-0.970 4810.000
-0.965 4801.000
-0.960 4791.000
-0.955 4781.500
-0.950 4772.000
-0.945 4762.500
-0.940 4753.000
-0.935 4743.000
-0.930 4733.500
-0.925 4724.000
-0.920 4714.000
-0.915 4704.500
-0.910 4695.000
-0.905 4685.000
-0.900 4675.000
-0.895 4665.500
-0.890 4655.500
-0.885 4645.500
-0.880 4635.500
-0.875 4626.000
-0.870 4616.000
-0.865 4606.000
-0.860 4596.000
-0.855 4586.000
-0.850 4575.500
-0.845 4565.500
-0.840 4555.500
-0.835 4545.000
-0.830 4535.000
-0.825 4525.000
-0.820 4514.500
-0.815 4504.500
-0.810 4494.000
-0.805 4483.500
-0.800 4473.500
-0.795 4463.000
-0.790 4452.500
-0.785 4442.000
-0.780 4431.500
-0.775 4421.000
-0.770 4410.500
-0.765 4400.000
-0.760 4389.000
-0.755 4378.500
-0.750 4368.000
-0.745 4357.000
-0.740 4346.500
-0.735 4335.500
-0.730 4324.500
-0.725 4314.000
-0.720 4303.000
-0.715 4292.000
-0.710 4281.000
-0.705 4270.000
-0.700 4259.000
-0.695 4247.500
-0.690 4236.500
-0.685 4225.500
-0.680 4214.000
-0.675 4203.000
-0.670 4191.500
-0.665 4180.000
-0.660 4168.500
-0.655 4157.000
-0.650 4145.500
-0.645 4134.000
-0.640 4122.500
-0.635 4111.000
-0.630 4099.000
-0.625 4087.500
-0.620 4075.500
-0.615 4064.000
-0.610 4052.000
-0.605 4040.000
-0.600 4028.000
-0.595 4016.000
-0.590 4004.000
-0.585 3991.500
-0.580 3979.500
-0.575 3967.000
-0.570 3955.000
-0.565 3942.500
-0.560 3930.000
-0.555 3917.500
-0.550 3905.000
-0.545 3892.500
-0.540 3879.500
-0.535 3867.000
-0.530 3854.000
-0.525 3841.000
-0.520 3828.000
-0.515 3815.000
-0.510 3802.000
-0.505 3788.500
-0.500 3775.500
-0.495 3762.000
-0.490 3748.500
-0.485 3735.000
-0.480 3721.500
-0.475 3708.000
-0.470 3694.000
-0.465 3680.500
-0.460 3666.500
-0.455 3652.500
-0.450 3638.500
-0.445 3624.000
-0.440 3610.000
-0.435 3595.500
-0.430 3581.000
-0.425 3566.500
-0.420 3552.000
-0.415 3537.000
-0.410 3522.000
-0.405 3507.000
-0.400 3492.000
-0.395 3476.500
-0.390 3461.500
-0.385 3446.000
-0.380 3430.500
-0.375 3414.500
-0.370 3398.500
-0.365 3382.500
-0.360 3366.500
-0.355 3350.000
-0.350 3333.500
-0.345 3317.000
-0.340 3300.500
-0.335 3283.500
-0.330 3266.500
-0.325 3249.000
-0.320 3231.500
-0.315 3214.000
-0.310 3196.500
-0.305 3178.500
-0.300 3160.000
-0.295 3142.000
-0.290 3123.000
-0.285 3104.500
-0.280 3085.500
-0.275 3066.000
-0.270 3046.500
-0.265 3027.000
-0.260 3007.000
-0.255 2986.500
-0.250 2966.000
-0.245 2945.000
-0.240 2924.000
-0.235 2902.333
-0.230 2880.500
-0.225 2858.333
-0.220 2836.000
-0.215 2813.000
-0.210 2789.667
-0.205 2766.000
-0.200 2742.000
-0.195 2717.333
-0.190 2692.333
-0.185 2666.667
-0.180 2640.667
-0.175 2614.000
-0.170 2587.000
-0.165 2559.000
-0.160 2530.667
-0.155 2501.667
-0.150 2472.000
-0.145 2441.333
-0.140 2410.000
-0.135 2377.667
-0.130 2344.667
-0.125 2310.333
-0.120 2275.333
-0.115 2239.000
-0.110 2201.500
-0.105 2162.667
-0.100 2122.333
-0.095 2080.500
-0.090 2037.000
-0.085 1991.750
-0.080 1944.250
-0.075 1894.750
-0.070 1842.750
-0.065 1788.000
-0.060 1730.000
-0.055 1668.800
-0.050 1603.400
-0.045 1533.600
-0.040 1458.400
-0.035 1377.000
-0.030 1288.000
-0.025 1189.714
-0.020 1079.571
-0.015 953.750
