-0.1580 2099.0000
-0.1570 2094.0000
-0.1560 2089.0000
-0.1550 2084.0000
-0.1540 2079.0000
-0.1530 2074.0000
-0.1520 2069.0000
-0.1510 2064.0000
-0.1500 2059.0000
-0.1490 2054.0000
-0.1480 2049.0000
-0.1470 2044.0000
-0.1460 2039.0000
-0.1440 2028.0000
-0.1430 2023.0000
-0.1420 2018.0000
-0.1400 2007.0000
-0.1390 2002.0000
-0.1370 1991.0000
-0.1350 1980.0000
-0.1330 1969.0000
-0.1310 1958.0000
-0.1300 1952.0000
-0.1280 1941.0000
-0.1270 1935.0000
-0.1260 1929.0000
-0.1240 1918.0000
-0.1230 1912.0000
-0.1220 1906.0000
-0.1210 1900.0000
-0.1200 1894.0000
-0.1190 1888.0000
-0.1180 1882.0000
-0.1170 1876.0000
-0.1160 1870.0000
-0.1140 1857.0000
-0.1130 1851.0000
-0.1120 1845.0000
-0.1110 1838.0000
-0.1100 1832.0000
-0.1080 1819.0000
-0.1060 1806.0000
-0.1050 1799.0000
-0.1040 1793.0000
-0.1030 1786.0000
-0.1020 1779.0000
-0.0990 1759.0000
-0.0980 1752.0000
-0.0970 1745.0000
-0.0940 1723.0000
-0.0930 1716.0000
-0.0920 1709.0000
-0.0900 1694.0000
-0.0880 1679.0000
-0.0870 1671.0000
-0.0860 1664.0000
-0.0850 1656.0000
-0.0840 1648.0000
-0.0830 1640.0000
-0.0820 1632.0000
-0.0810 1624.0000
-0.0800 1616.0000
-0.0790 1608.0000
-0.0780 1600.0000
-0.0760 1583.0000
-0.0750 1575.0000
-0.0740 1566.0000
-0.0720 1549.0000
-0.0710 1540.0000
-0.0700 1531.0000
-0.0690 1522.0000
-0.0680 1513.0000
-0.0670 1504.0000
-0.0650 1485.0000
-0.0640 1476.0000
-0.0630 1466.0000
-0.0620 1456.0000
-0.0610 1447.0000
-0.0600 1437.0000
-0.0590 1427.0000
-0.0570 1406.0000
-0.0560 1396.0000
-0.0550 1385.0000
-0.0540 1375.0000
-0.0530 1364.0000
-0.0520 1353.0000
-0.0510 1342.0000
-0.0500 1331.0000
-0.0490 1319.0000
-0.0480 1308.0000
-0.0470 1296.0000
-0.0460 1284.0000
-0.0450 1272.0000
-0.0440 1260.0000
-0.0430 1248.0000
-0.0420 1235.0000
-0.0410 1222.0000
-0.0390 1196.0000
-0.0370 1169.0000
-0.0360 1156.0000
-0.0340 1127.0000
-0.0330 1113.0000
-0.0320 1098.0000
-0.0310 1083.0000
-0.0300 1067.0000
-0.0290 1052.0000
-0.0280 1036.0000
-0.0270 1019.0000
-0.0230 950.0000
-0.0220 932.0000
-0.0210 913.0000
-0.0190 874.0000
-0.0170 833.0000
-0.0160 812.0000
-0.0150 790.0000
-0.0140 767.0000
-0.0130 743.0000
-0.0120 719.0000
-0.0110 693.0000
-0.0080 611.0000
-0.0070 580.0000
-0.0060 549.0000
-0.0050 515.0000
-0.0040 479.0000
-0.0030 441.0000
-0.0020 399.0000
-0.0010 352.0000
