-3.500 5595.000
-3.495 5592.000
-3.490 5588.000
-3.485 5584.000
-3.480 5581.000
-3.475 5577.000
-3.470 5573.000
-3.465 5569.000
-3.460 5566.000
-3.455 5562.000
-3.450 5558.000
-3.445 5555.000
-3.440 5551.000
-3.435 5547.000
-3.430 5544.000
-3.425 5540.000
-3.420 5536.000
-3.415 5532.000
-3.410 5529.000
-3.405 5525.000
-3.400 5521.000
-3.395 5517.000
-3.390 5514.000
-3.385 5510.000
-3.380 5506.000
-3.375 5502.000
-3.370 5499.000
-3.365 5495.000
-3.360 5491.000
-3.355 5487.000
-3.350 5484.000
-3.345 5480.000
-3.340 5476.000
-3.335 5472.000
-3.330 5469.000
-3.325 5465.000
-3.320 5461.000
-3.315 5457.000
-3.310 5454.000
-3.305 5450.000
-3.300 5446.000
-3.295 5442.000
-3.290 5438.000
-3.285 5435.000
-3.280 5431.000
-3.275 5427.000
-3.270 5423.000
-3.265 5419.000
-3.260 5416.000
-3.255 5412.000
-3.250 5408.000
-3.245 5404.000
-3.240 5400.000
-3.235 5397.000
-3.230 5393.000
-3.225 5389.000
-3.220 5385.000
-3.215 5381.000
-3.210 5378.000
-3.205 5374.000
-3.200 5370.000
-3.195 5366.000
-3.190 5362.000
-3.185 5358.000
-3.180 5354.000
-3.175 5351.000
-3.170 5347.000
-3.165 5343.000
-3.160 5339.000
-3.155 5335.000
-3.150 5331.000
-3.145 5327.000
-3.140 5324.000
-3.135 5320.000
-3.130 5316.000
-3.125 5312.000
-3.120 5308.000
-3.115 5304.000
-3.110 5300.000
-3.105 5296.000
-3.100 5293.000
-3.095 5289.000
-3.090 5285.000
-3.085 5281.000
-3.080 5277.000
-3.075 5273.000
-3.070 5269.000
-3.065 5265.000
-3.060 5261.000
-3.055 5257.000
-3.050 5253.000
-3.045 5250.000
-3.040 5246.000
-3.035 5242.000
-3.030 5238.000
-3.025 5234.000
-3.020 5230.000
-3.015 5226.000
-3.010 5222.000
-3.005 5218.000
-3.000 5214.000
-2.995 5210.000
-2.990 5206.000
-2.985 5202.000
-2.980 5198.000
-2.975 5194.000
-2.970 5190.000
-2.965 5186.000
-2.960 5182.000
-2.955 5178.000
-2.950 5174.000
-2.945 5170.000
-2.940 5166.000
-2.935 5162.000
-2.930 5158.000
-2.925 5154.000
-2.920 5150.000
-2.915 5146.000
-2.910 5142.000
-2.905 5138.000
-2.900 5134.000
-2.895 5130.000
-2.890 5126.000
-2.885 5122.000
-2.880 5118.000
-2.875 5114.000
-2.870 5110.000
-2.865 5106.000
-2.860 5102.000
-2.855 5098.000
-2.850 5094.000
-2.845 5090.000
-2.840 5086.000
-2.835 5082.000
-2.830 5078.000
-2.825 5074.000
-2.820 5070.000
-2.815 5066.000
-2.810 5062.000
-2.805 5058.000
-2.800 5053.000
-2.795 5049.000
-2.790 5045.000
-2.785 5041.000
-2.780 5037.000
-2.775 5033.000
-2.770 5029.000
-2.765 5025.000
-2.760 5021.000
-2.755 5017.000
-2.750 5012.000
-2.745 5008.000
-2.740 5004.000
-2.735 5000.000
-2.730 4996.000
-2.725 4992.000
-2.720 4988.000
-2.715 4984.000
-2.710 4979.000
-2.705 4975.000
-2.700 4971.000
-2.695 4967.000
-2.690 4963.000
-2.685 4959.000
-2.680 4955.000
-2.675 4950.000
-2.670 4946.000
-2.665 4942.000
-2.660 4938.000
-2.655 4934.000
-2.650 4930.000
-2.645 4925.000
-2.640 4921.000
-2.635 4917.000
-2.630 4913.000
-2.625 4909.000
-2.620 4904.000
-2.615 4900.000
-2.610 4896.000
-2.605 4892.000
-2.600 4888.000
-2.595 4883.000
-2.590 4879.000
-2.585 4875.000
-2.580 4871.000
-2.575 4866.000
-2.570 4862.000
-2.565 4858.000
-2.560 4854.000
-2.555 4850.000
-2.550 4845.000
-2.545 4841.000
-2.540 4837.000
-2.535 4833.000
-2.530 4828.000
-2.525 4824.000
-2.520 4820.000
-2.515 4815.000
-2.510 4811.000
-2.505 4807.000
-2.500 4803.000
-2.495 4798.000
-2.490 4794.000
-2.485 4790.000
-2.480 4785.000
-2.475 4781.000
-2.470 4777.000
-2.465 4772.000
-2.460 4768.000
-2.455 4764.000
-2.450 4760.000
-2.445 4755.000
-2.440 4751.000
-2.435 4747.000
-2.430 4742.000
-2.425 4738.000
-2.420 4733.000
-2.415 4729.000
-2.410 4725.000
-2.405 4720.000
-2.400 4716.000
-2.395 4712.000
-2.390 4707.000
-2.385 4703.000
-2.380 4699.000
-2.375 4694.000
-2.370 4690.000
-2.365 4685.000
-2.360 4681.000
-2.355 4677.000
-2.350 4672.000
-2.345 4668.000
-2.340 4663.000
-2.335 4659.000
-2.330 4655.000
-2.325 4650.000
-2.320 4646.000
-2.315 4641.000
-2.310 4637.000
-2.305 4632.000
-2.300 4628.000
-2.295 4623.000
-2.290 4619.000
-2.285 4615.000
-2.280 4610.000
-2.275 4606.000
-2.270 4601.000
-2.265 4597.000
-2.260 4592.000
-2.255 4588.000
-2.250 4583.000
-2.245 4579.000
-2.240 4574.000
-2.235 4570.000
-2.230 4565.000
-2.225 4561.000
-2.220 4556.000
-2.215 4552.000
-2.210 4547.000
-2.205 4543.000
-2.200 4538.000
-2.195 4534.000
-2.190 4529.000
-2.185 4525.000
-2.180 4520.000
-2.175 4515.000
-2.170 4511.000
-2.165 4506.000
-2.160 4502.000
-2.155 4497.000
-2.150 4493.000
-2.145 4488.000
-2.140 4483.000
-2.135 4479.000
-2.130 4474.000
-2.125 4470.000
-2.120 4465.000
-2.115 4460.000
-2.110 4456.000
-2.105 4451.000
-2.100 4447.000
-2.095 4442.000
-2.090 4437.000
-2.085 4433.000
-2.080 4428.000
-2.075 4423.000
-2.070 4419.000
-2.065 4414.000
-2.060 4409.000
-2.055 4405.000
-2.050 4400.000
-2.045 4395.000
-2.040 4391.000
-2.035 4386.000
-2.030 4381.000
-2.025 4377.000
-2.020 4372.000
-2.015 4367.000
-2.010 4363.000
-2.005 4358.000
-2.000 4353.000
-1.995 4348.000
-1.990 4344.000
-1.985 4339.000
-1.980 4334.000
-1.975 4329.000
-1.970 4325.000
-1.965 4320.000
-1.960 4315.000
-1.955 4310.000
-1.950 4306.000
-1.945 4301.000
-1.940 4296.000
-1.935 4291.000
-1.930 4287.000
-1.925 4282.000
-1.920 4277.000
-1.915 4272.000
-1.910 4267.000
-1.905 4263.000
-1.900 4258.000
-1.895 4253.000
-1.890 4248.000
-1.885 4243.000
-1.880 4238.000
-1.875 4234.000
-1.870 4229.000
-1.865 4224.000
-1.860 4219.000
-1.855 4214.000
-1.850 4209.000
-1.845 4204.000
-1.840 4199.000
-1.835 4195.000
-1.830 4190.000
-1.825 4185.000
-1.820 4180.000
-1.815 4175.000
-1.810 4170.000
-1.805 4165.000
-1.800 4160.000
-1.795 4155.000
-1.790 4150.000
-1.785 4145.000
-1.780 4140.000
-1.775 4135.000
-1.770 4130.000
-1.765 4125.000
-1.760 4120.500
-1.755 4116.000
-1.750 4111.000
-1.745 4106.000
-1.740 4101.000
-1.735 4096.000
-1.730 4090.500
-1.725 4085.500
-1.720 4080.000
-1.715 4075.000
-1.710 4070.000
-1.705 4065.000
-1.700 4060.000
-1.695 4055.000
-1.690 4050.000
-1.685 4045.000
-1.680 4040.000
-1.675 4035.000
-1.670 4030.000
-1.665 4025.000
-1.660 4020.000
-1.655 4015.000
-1.650 4009.000
-1.645 4004.000
-1.640 3999.000
-1.635 3994.000
-1.630 3989.000
-1.625 3984.000
-1.620 3979.000
-1.615 3973.000
-1.610 3968.000
-1.605 3963.000
-1.600 3958.000
-1.595 3953.000
-1.590 3947.500
-1.585 3942.000
-1.580 3937.000
-1.575 3932.000
-1.570 3927.000
-1.565 3921.500
-1.560 3916.000
-1.555 3911.000
-1.550 3906.000
-1.545 3900.500
-1.540 3895.000
-1.535 3890.000
-1.530 3885.000
-1.525 3879.000
-1.520 3874.000
-1.515 3869.000
-1.510 3863.500
-1.505 3858.000
-1.500 3853.000
-1.495 3847.500
-1.490 3842.000
-1.485 3837.000
-1.480 3831.500
-1.475 3826.000
-1.470 3821.000
-1.465 3815.000
-1.460 3810.000
-1.455 3805.000
-1.450 3799.000
-1.445 3794.000
-1.440 3788.000
-1.435 3783.000
-1.430 3777.500
-1.425 3772.000
-1.420 3767.000
-1.415 3761.000
-1.410 3756.000
-1.405 3750.000
-1.400 3745.000
-1.395 3739.000
-1.390 3734.000
-1.385 3728.000
-1.380 3723.000
-1.375 3717.000
-1.370 3712.000
-1.365 3706.000
-1.360 3701.000
-1.355 3695.000
-1.350 3689.500
-1.345 3684.000
-1.340 3678.000
-1.335 3673.000
-1.330 3667.000
-1.325 3661.500
-1.320 3656.000
-1.315 3650.000
-1.310 3645.000
-1.305 3639.000
-1.300 3633.500
-1.295 3628.000
-1.290 3622.000
-1.285 3616.500
-1.280 3611.000
-1.275 3605.000
-1.270 3599.000
-1.265 3593.500
-1.260 3588.000
-1.255 3582.000
-1.250 3576.000
-1.245 3570.500
-1.240 3565.000
-1.235 3559.000
-1.230 3553.000
-1.225 3547.500
-1.220 3542.000
-1.215 3536.000
-1.210 3530.000
-1.205 3524.000
-1.200 3518.000
-1.195 3512.500
-1.190 3506.500
-1.185 3501.000
-1.180 3495.000
-1.175 3489.000
-1.170 3483.000
-1.165 3477.000
-1.160 3471.000
-1.155 3465.000
-1.150 3459.000
-1.145 3453.000
-1.140 3447.000
-1.135 3441.000
-1.130 3435.000
-1.125 3429.000
-1.120 3423.000
-1.115 3417.000
-1.110 3411.000
-1.105 3405.000
-1.100 3399.000
-1.095 3393.000
-1.090 3387.000
-1.085 3381.000
-1.080 3374.500
-1.075 3368.500
-1.070 3362.500
-1.065 3356.000
-1.060 3350.000
-1.055 3344.000
-1.050 3337.500
-1.045 3331.500
-1.040 3325.000
-1.035 3319.000
-1.030 3313.000
-1.025 3306.500
-1.020 3300.000
-1.015 3294.000
-1.010 3287.500
-1.005 3281.000
-1.000 3275.000
-0.995 3268.500
-0.990 3262.000
-0.985 3256.000
-0.980 3249.500
-0.975 3243.000
-0.970 3236.500
-0.965 3230.000
-0.960 3223.500
-0.955 3217.000
-0.950 3211.000
-0.945 3204.000
-0.940 3198.000
-0.935 3191.000
-0.930 3184.500
-0.925 3178.000
-0.920 3171.500
-0.915 3165.000
-0.910 3158.000
-0.905 3151.500
-0.900 3145.000
-0.895 3138.500
-0.890 3131.500
-0.885 3125.000
-0.880 3118.000
-0.875 3111.500
-0.870 3105.000
-0.865 3098.000
-0.860 3091.000
-0.855 3084.500
-0.850 3077.500
-0.845 3071.000
-0.840 3064.000
-0.835 3057.000
-0.830 3050.000
-0.825 3043.000
-0.820 3036.000
-0.815 3029.000
-0.810 3022.000
-0.805 3015.000
-0.800 3008.000
-0.795 3001.000
-0.790 2994.000
-0.785 2987.000
-0.780 2980.000
-0.775 2973.000
-0.770 2965.500
-0.765 2958.500
-0.760 2951.000
-0.755 2944.000
-0.750 2937.000
-0.745 2929.500
-0.740 2922.000
-0.735 2915.000
-0.730 2907.500
-0.725 2900.000
-0.720 2893.000
-0.715 2885.500
-0.710 2878.000
-0.705 2870.500
-0.700 2863.000
-0.695 2855.500
-0.690 2848.000
-0.685 2840.500
-0.680 2832.500
-0.675 2825.000
-0.670 2817.500
-0.665 2809.500
-0.660 2802.000
-0.655 2794.000
-0.650 2786.500
-0.645 2778.500
-0.640 2770.500
-0.635 2763.000
-0.630 2755.000
-0.625 2747.000
-0.620 2739.000
-0.615 2731.000
-0.610 2723.000
-0.605 2715.000
-0.600 2706.500
-0.595 2698.500
-0.590 2690.500
-0.585 2682.000
-0.580 2674.000
-0.575 2665.500
-0.570 2657.000
-0.565 2649.000
-0.560 2640.500
-0.555 2632.000
-0.550 2623.500
-0.545 2615.000
-0.540 2606.500
-0.535 2597.500
-0.530 2589.000
-0.525 2580.000
-0.520 2571.500
-0.515 2562.500
-0.510 2554.000
-0.505 2545.000
-0.500 2536.000
-0.495 2527.000
-0.490 2518.000
-0.485 2508.500
-0.480 2499.500
-0.475 2490.000
-0.470 2481.000
-0.465 2471.500
-0.460 2462.000
-0.455 2452.500
-0.450 2443.000
-0.445 2433.500
-0.440 2424.000
-0.435 2414.000
-0.430 2404.500
-0.425 2394.500
-0.420 2384.500
-0.415 2374.500
-0.410 2364.500
-0.405 2354.000
-0.400 2344.000
-0.395 2333.500
-0.390 2323.500
-0.385 2313.000
-0.380 2302.000
-0.375 2291.500
-0.370 2281.000
-0.365 2270.000
-0.360 2259.000
-0.355 2248.000
-0.350 2237.000
-0.345 2225.500
-0.340 2214.500
-0.335 2203.000
-0.330 2191.500
-0.325 2179.500
-0.320 2168.000
-0.315 2156.000
-0.310 2144.000
-0.305 2131.500
-0.300 2119.500
-0.295 2107.000
-0.290 2094.500
-0.285 2081.500
-0.280 2068.500
-0.275 2055.500
-0.270 2042.500
-0.265 2029.000
-0.260 2015.500
-0.255 2002.000
-0.250 1988.000
-0.245 1973.667
-0.240 1959.333
-0.235 1945.000
-0.230 1930.000
-0.225 1915.000
-0.220 1899.667
-0.215 1884.000
-0.210 1868.333
-0.205 1852.333
-0.200 1836.000
-0.195 1819.333
-0.190 1802.333
-0.185 1785.000
-0.180 1767.667
-0.175 1749.667
-0.170 1731.000
-0.165 1712.333
-0.160 1693.000
-0.155 1673.333
-0.150 1653.000
-0.145 1632.333
-0.140 1611.333
-0.135 1589.333
-0.130 1567.000
-0.125 1543.667
-0.120 1520.000
-0.115 1495.333
-0.110 1470.000
-0.105 1443.750
-0.100 1416.500
-0.095 1388.333
-0.090 1358.750
-0.085 1328.000
-0.080 1296.000
-0.075 1262.750
-0.070 1227.500
-0.065 1190.500
-0.060 1151.500
-0.055 1110.200
-0.050 1066.200
-0.045 1019.400
-0.040 968.833
-0.035 914.200
-0.030 854.667
-0.025 789.000
-0.020 715.667
-0.015 632.000
