-3.500 7067.000
-3.495 7062.000
-3.490 7058.000
-3.485 7053.000
-3.480 7048.000
-3.475 7044.000
-3.470 7039.000
-3.465 7035.000
-3.460 7030.000
-3.455 7026.000
-3.450 7021.000
-3.445 7017.000
-3.440 7012.000
-3.435 7007.000
-3.430 7003.000
-3.425 6998.000
-3.420 6994.000
-3.415 6989.000
-3.410 6984.000
-3.405 6980.000
-3.400 6975.000
-3.395 6971.000
-3.390 6966.000
-3.385 6961.000
-3.380 6957.000
-3.375 6952.000
-3.370 6948.000
-3.365 6943.000
-3.360 6938.000
-3.355 6934.000
-3.350 6929.000
-3.345 6924.000
-3.340 6920.000
-3.335 6915.000
-3.330 6910.000
-3.325 6906.000
-3.320 6901.000
-3.315 6897.000
-3.310 6892.000
-3.305 6887.000
-3.300 6883.000
-3.295 6878.000
-3.290 6873.000
-3.285 6868.000
-3.280 6864.000
-3.275 6859.000
-3.270 6854.000
-3.265 6850.000
-3.260 6845.000
-3.255 6840.000
-3.250 6836.000
-3.245 6831.000
-3.240 6826.000
-3.235 6821.000
-3.230 6817.000
-3.225 6812.000
-3.220 6807.000
-3.215 6803.000
-3.210 6798.000
-3.205 6793.000
-3.200 6788.000
-3.195 6784.000
-3.190 6779.000
-3.185 6774.000
-3.180 6769.000
-3.175 6765.000
-3.170 6760.000
-3.165 6755.000
-3.160 6750.000
-3.155 6745.000
-3.150 6741.000
-3.145 6736.000
-3.140 6731.000
-3.135 6726.000
-3.130 6721.000
-3.125 6717.000
-3.120 6712.000
-3.115 6707.000
-3.110 6702.000
-3.105 6697.000
-3.100 6693.000
-3.095 6688.000
-3.090 6683.000
-3.085 6678.000
-3.080 6673.000
-3.075 6668.000
-3.070 6664.000
-3.065 6659.000
-3.060 6654.000
-3.055 6649.000
-3.050 6644.000
-3.045 6639.000
-3.040 6634.000
-3.035 6629.000
-3.030 6625.000
-3.025 6620.000
-3.020 6615.000
-3.015 6610.000
-3.010 6605.000
-3.005 6600.000
-3.000 6595.000
-2.995 6590.000
-2.990 6585.000
-2.985 6581.000
-2.980 6576.000
-2.975 6571.000
-2.970 6566.000
-2.965 6561.000
-2.960 6556.000
-2.955 6551.000
-2.950 6546.000
-2.945 6541.000
-2.940 6536.000
-2.935 6531.000
-2.930 6526.000
-2.925 6521.000
-2.920 6516.000
-2.915 6511.000
-2.910 6506.000
-2.905 6501.000
-2.900 6496.000
-2.895 6491.000
-2.890 6486.000
-2.885 6481.000
-2.880 6476.000
-2.875 6471.000
-2.870 6466.000
-2.865 6461.000
-2.860 6456.000
-2.855 6451.000
-2.850 6446.000
-2.845 6441.000
-2.840 6436.000
-2.835 6431.000
-2.830 6426.000
-2.825 6421.000
-2.820 6416.000
-2.815 6411.000
-2.810 6406.000
-2.805 6401.000
-2.800 6396.000
-2.795 6391.000
-2.790 6386.000
-2.785 6380.000
-2.780 6375.000
-2.775 6370.000
-2.770 6365.000
-2.765 6360.000
-2.760 6355.000
-2.755 6350.000
-2.750 6345.000
-2.745 6340.000
-2.740 6334.000
-2.735 6329.000
-2.730 6324.000
-2.725 6319.000
-2.720 6314.000
-2.715 6309.000
-2.710 6304.000
-2.705 6298.000
-2.700 6293.000
-2.695 6288.000
-2.690 6283.000
-2.685 6278.000
-2.680 6273.000
-2.675 6267.000
-2.670 6262.000
-2.665 6257.000
-2.660 6252.000
-2.655 6247.000
-2.650 6241.000
-2.645 6236.000
-2.640 6231.000
-2.635 6226.000
-2.630 6220.000
-2.625 6215.000
-2.620 6210.000
-2.615 6205.000
-2.610 6200.000
-2.605 6194.000
-2.600 6189.000
-2.595 6184.000
-2.590 6179.000
-2.585 6173.000
-2.580 6168.000
-2.575 6163.000
-2.570 6157.000
-2.565 6152.000
-2.560 6147.000
-2.555 6141.000
-2.550 6136.000
-2.545 6131.000
-2.540 6126.000
-2.535 6120.000
-2.530 6115.000
-2.525 6110.000
-2.520 6104.000
-2.515 6099.000
-2.510 6094.000
-2.505 6088.000
-2.500 6083.000
-2.495 6078.000
-2.490 6072.000
-2.485 6067.000
-2.480 6061.000
-2.475 6056.000
-2.470 6051.000
-2.465 6045.000
-2.460 6040.000
-2.455 6034.000
-2.450 6029.000
-2.445 6024.000
-2.440 6018.000
-2.435 6013.000
-2.430 6007.000
-2.425 6002.000
-2.420 5996.000
-2.415 5991.000
-2.410 5986.000
-2.405 5980.000
-2.400 5975.000
-2.395 5969.000
-2.390 5964.000
-2.385 5958.000
-2.380 5953.000
-2.375 5947.000
-2.370 5942.000
-2.365 5936.000
-2.360 5931.000
-2.355 5925.000
-2.350 5920.000
-2.345 5914.000
-2.340 5909.000
-2.335 5903.000
-2.330 5898.000
-2.325 5892.000
-2.320 5887.000
-2.315 5881.000
-2.310 5876.000
-2.305 5870.000
-2.300 5864.000
-2.295 5859.000
-2.290 5853.000
-2.285 5848.000
-2.280 5842.000
-2.275 5836.000
-2.270 5831.000
-2.265 5825.000
-2.260 5820.000
-2.255 5814.000
-2.250 5808.000
-2.245 5803.000
-2.240 5797.000
-2.235 5792.000
-2.230 5786.000
-2.225 5780.000
-2.220 5775.000
-2.215 5769.000
-2.210 5763.000
-2.205 5758.000
-2.200 5752.000
-2.195 5746.000
-2.190 5741.000
-2.185 5735.000
-2.180 5729.000
-2.175 5723.000
-2.170 5718.000
-2.165 5712.000
-2.160 5706.000
-2.155 5701.000
-2.150 5695.000
-2.145 5689.000
-2.140 5683.000
-2.135 5678.000
-2.130 5672.000
-2.125 5666.000
-2.120 5660.000
-2.115 5654.000
-2.110 5649.000
-2.105 5643.000
-2.100 5637.000
-2.095 5631.000
-2.090 5625.000
-2.085 5620.000
-2.080 5614.000
-2.075 5608.000
-2.070 5602.000
-2.065 5596.000
-2.060 5590.000
-2.055 5585.000
-2.050 5579.000
-2.045 5573.000
-2.040 5567.000
-2.035 5561.000
-2.030 5555.000
-2.025 5549.000
-2.020 5543.000
-2.015 5537.000
-2.010 5532.000
-2.005 5526.000
-2.000 5520.000
-1.995 5514.000
-1.990 5508.000
-1.985 5502.000
-1.980 5496.000
-1.975 5490.000
-1.970 5484.000
-1.965 5478.000
-1.960 5472.000
-1.955 5466.000
-1.950 5460.000
-1.945 5454.000
-1.940 5448.000
-1.935 5442.000
-1.930 5436.000
-1.925 5430.000
-1.920 5424.000
-1.915 5418.000
-1.910 5412.000
-1.905 5406.000
-1.900 5400.000
-1.895 5394.000
-1.890 5388.000
-1.885 5382.000
-1.880 5375.000
-1.875 5369.000
-1.870 5363.000
-1.865 5357.000
-1.860 5351.000
-1.855 5345.000
-1.850 5339.000
-1.845 5333.000
-1.840 5326.000
-1.835 5320.000
-1.830 5314.000
-1.825 5308.000
-1.820 5302.000
-1.815 5296.000
-1.810 5289.000
-1.805 5283.000
-1.800 5277.000
-1.795 5271.000
-1.790 5265.000
-1.785 5258.000
-1.780 5252.000
-1.775 5246.000
-1.770 5240.000
-1.765 5233.000
-1.760 5227.000
-1.755 5221.000
-1.750 5215.000
-1.745 5208.000
-1.740 5202.000
-1.735 5196.000
-1.730 5189.000
-1.725 5183.000
-1.720 5177.000
-1.715 5170.000
-1.710 5164.000
-1.705 5158.000
-1.700 5151.000
-1.695 5145.000
-1.690 5138.500
-1.685 5132.000
-1.680 5126.000
-1.675 5119.000
-1.670 5113.000
-1.665 5106.000
-1.660 5100.000
-1.655 5094.000
-1.650 5087.000
-1.645 5081.000
-1.640 5074.000
-1.635 5068.000
-1.630 5061.000
-1.625 5055.000
-1.620 5048.000
-1.615 5042.000
-1.610 5035.000
-1.605 5029.000
-1.600 5022.000
-1.595 5016.000
-1.590 5009.000
-1.585 5003.000
-1.580 4996.000
-1.575 4989.000
-1.570 4983.000
-1.565 4976.000
-1.560 4970.000
-1.555 4963.000
-1.550 4956.000
-1.545 4950.000
-1.540 4943.000
-1.535 4936.500
-1.530 4930.000
-1.525 4923.000
-1.520 4916.500
-1.515 4910.000
-1.510 4903.000
-1.505 4896.000
-1.500 4890.000
-1.495 4883.000
-1.490 4876.000
-1.485 4869.500
-1.480 4863.000
-1.475 4856.000
-1.470 4849.000
-1.465 4842.000
-1.460 4836.000
-1.455 4829.000
-1.450 4822.000
-1.445 4815.000
-1.440 4808.000
-1.435 4801.500
-1.430 4795.000
-1.425 4788.000
-1.420 4781.000
-1.415 4774.000
-1.410 4767.000
-1.405 4760.000
-1.400 4753.000
-1.395 4746.000
-1.390 4739.000
-1.385 4732.500
-1.380 4725.500
-1.375 4718.500
-1.370 4711.500
-1.365 4704.500
-1.360 4697.500
-1.355 4690.500
-1.350 4683.500
-1.345 4676.500
-1.340 4669.000
-1.335 4662.000
-1.330 4655.000
-1.325 4648.000
-1.320 4641.000
-1.315 4634.000
-1.310 4627.000
-1.305 4620.000
-1.300 4612.500
-1.295 4605.500
-1.290 4598.000
-1.285 4591.000
-1.280 4584.000
-1.275 4577.000
-1.270 4569.500
-1.265 4562.000
-1.260 4555.000
-1.255 4548.000
-1.250 4540.500
-1.245 4533.000
-1.240 4526.000
-1.235 4518.500
-1.230 4511.000
-1.225 4504.000
-1.220 4496.500
-1.215 4489.000
-1.210 4482.000
-1.205 4474.500
-1.200 4467.000
-1.195 4460.000
-1.190 4452.000
-1.185 4445.000
-1.180 4437.000
-1.175 4430.000
-1.170 4422.500
-1.165 4415.000
-1.160 4407.500
-1.155 4400.000
-1.150 4392.500
-1.145 4385.000
-1.140 4377.000
-1.135 4370.000
-1.130 4362.000
-1.125 4354.500
-1.120 4347.000
-1.115 4339.000
-1.110 4331.500
-1.105 4324.000
-1.100 4316.000
-1.095 4308.500
-1.090 4301.000
-1.085 4293.000
-1.080 4285.000
-1.075 4277.500
-1.070 4270.000
-1.065 4262.000
-1.060 4254.000
-1.055 4246.000
-1.050 4238.500
-1.045 4230.500
-1.040 4223.000
-1.035 4215.000
-1.030 4207.000
-1.025 4199.000
-1.020 4191.000
-1.015 4183.000
-1.010 4175.000
-1.005 4167.000
-1.000 4159.000
-0.995 4151.000
-0.990 4143.000
-0.985 4135.000
-0.980 4127.000
-0.975 4119.000
-0.970 4110.500
-0.965 4102.500
-0.960 4094.000
-0.955 4086.000
-0.950 4078.000
-0.945 4069.500
-0.940 4061.500
-0.935 4053.000
-0.930 4045.000
-0.925 4036.500
-0.920 4028.000
-0.915 4020.000
-0.910 4011.500
-0.905 4003.000
-0.900 3994.500
-0.895 3986.000
-0.890 3978.000
-0.885 3969.500
-0.880 3961.000
-0.875 3952.000
-0.870 3944.000
-0.865 3935.000
-0.860 3926.500
-0.855 3918.000
-0.850 3909.500
-0.845 3900.500
-0.840 3892.000
-0.835 3883.000
-0.830 3874.500
-0.825 3866.000
-0.820 3857.000
-0.815 3848.000
-0.810 3839.000
-0.805 3830.500
-0.800 3821.500
-0.795 3812.500
-0.790 3803.500
-0.785 3794.500
-0.780 3785.500
-0.775 3776.500
-0.770 3767.500
-0.765 3758.500
-0.760 3749.500
-0.755 3740.000
-0.750 3731.000
-0.745 3722.000
-0.740 3712.500
-0.735 3703.500
-0.730 3694.000
-0.725 3684.500
-0.720 3675.500
-0.715 3666.000
-0.710 3656.500
-0.705 3647.000
-0.700 3637.500
-0.695 3628.000
-0.690 3618.500
-0.685 3609.000
-0.680 3599.000
-0.675 3589.500
-0.670 3579.500
-0.665 3570.000
-0.660 3560.000
-0.655 3550.500
-0.650 3540.500
-0.645 3530.500
-0.640 3520.500
-0.635 3510.500
-0.630 3500.500
-0.625 3490.500
-0.620 3480.500
-0.615 3470.500
-0.610 3460.000
-0.605 3450.000
-0.600 3439.500
-0.595 3429.500
-0.590 3419.000
-0.585 3408.500
-0.580 3398.000
-0.575 3387.500
-0.570 3377.000
-0.565 3366.000
-0.560 3355.500
-0.555 3345.000
-0.550 3334.000
-0.545 3323.000
-0.540 3312.500
-0.535 3301.500
-0.530 3290.500
-0.525 3279.500
-0.520 3268.000
-0.515 3257.000
-0.510 3246.000
-0.505 3234.500
-0.500 3223.000
-0.495 3211.500
-0.490 3200.000
-0.485 3188.500
-0.480 3177.000
-0.475 3165.000
-0.470 3153.500
-0.465 3141.500
-0.460 3129.500
-0.455 3117.500
-0.450 3105.500
-0.445 3093.500
-0.440 3081.000
-0.435 3069.000
-0.430 3056.500
-0.425 3044.000
-0.420 3031.500
-0.415 3018.500
-0.410 3006.000
-0.405 2993.000
-0.400 2980.000
-0.395 2967.000
-0.390 2953.500
-0.385 2940.500
-0.380 2927.000
-0.375 2913.500
-0.370 2900.000
-0.365 2886.000
-0.360 2872.500
-0.355 2858.500
-0.350 2844.500
-0.345 2830.000
-0.340 2815.500
-0.335 2801.000
-0.330 2786.500
-0.325 2772.000
-0.320 2757.000
-0.315 2741.500
-0.310 2726.500
-0.305 2711.000
-0.300 2695.500
-0.295 2679.500
-0.290 2663.500
-0.285 2647.500
-0.280 2631.000
-0.275 2614.500
-0.270 2598.000
-0.265 2581.000
-0.260 2564.000
-0.255 2546.333
-0.250 2528.500
-0.245 2511.000
-0.240 2492.667
-0.235 2474.000
-0.230 2455.500
-0.225 2436.333
-0.220 2417.000
-0.215 2397.667
-0.210 2377.667
-0.205 2357.000
-0.200 2336.667
-0.195 2315.333
-0.190 2294.000
-0.185 2272.000
-0.180 2249.667
-0.175 2227.000
-0.170 2203.667
-0.165 2179.667
-0.160 2155.333
-0.155 2130.333
-0.150 2105.000
-0.145 2078.667
-0.140 2051.667
-0.135 2024.000
-0.130 1995.667
-0.125 1966.333
-0.120 1936.333
-0.115 1905.000
-0.110 1873.000
-0.105 1839.500
-0.100 1805.000
-0.095 1769.000
-0.090 1732.000
-0.085 1693.000
-0.080 1652.500
-0.075 1610.000
-0.070 1565.500
-0.065 1518.500
-0.060 1469.000
-0.055 1416.500
-0.050 1360.800
-0.045 1301.000
-0.040 1236.800
-0.035 1167.400
-0.030 1091.600
-0.025 1008.000
-0.020 914.429
-0.015 807.625
