-0.126 2099.500
-0.126 2099.000
-0.126 2098.500
-0.126 2097.500
-0.125 2097.000
-0.125 2096.500
-0.125 2096.000
-0.125 2095.000
-0.125 2094.500
-0.125 2094.000
-0.125 2093.500
-0.125 2092.500
-0.125 2092.000
-0.125 2091.500
-0.124 2091.000
-0.124 2090.000
-0.124 2089.500
-0.124 2089.000
-0.124 2088.500
-0.124 2087.500
-0.124 2087.000
-0.124 2086.500
-0.124 2085.500
-0.124 2085.000
-0.123 2084.500
-0.123 2084.000
-0.123 2083.000
-0.123 2082.500
-0.123 2082.000
-0.123 2081.000
-0.123 2080.500
-0.123 2080.000
-0.123 2079.500
-0.123 2078.500
-0.122 2078.000
-0.122 2077.500
-0.122 2077.000
-0.122 2076.000
-0.122 2075.500
-0.122 2075.000
-0.122 2074.000
-0.122 2073.500
-0.122 2073.000
-0.122 2072.000
-0.121 2071.500
-0.121 2071.000
-0.121 2070.500
-0.121 2069.500
-0.121 2069.000
-0.121 2068.500
-0.121 2067.500
-0.121 2067.000
-0.121 2066.500
-0.121 2066.000
-0.120 2065.000
-0.120 2064.500
-0.120 2064.000
-0.120 2063.000
-0.120 2062.500
-0.120 2062.000
-0.120 2061.000
-0.120 2060.500
-0.120 2060.000
-0.120 2059.500
-0.119 2058.500
-0.119 2058.000
-0.119 2057.500
-0.119 2056.500
-0.119 2056.000
-0.119 2055.500
-0.119 2054.500
-0.119 2054.000
-0.119 2053.500
-0.119 2052.500
-0.118 2052.000
-0.118 2051.500
-0.118 2050.500
-0.118 2050.000
-0.118 2049.500
-0.118 2049.000
-0.118 2048.000
-0.118 2047.500
-0.118 2047.000
-0.118 2046.000
-0.117 2045.500
-0.117 2045.000
-0.117 2044.000
-0.117 2043.500
-0.117 2043.000
-0.117 2042.000
-0.117 2041.500
-0.117 2041.000
-0.117 2040.000
-0.117 2039.500
-0.116 2039.000
-0.116 2038.000
-0.116 2037.500
-0.116 2037.000
-0.116 2036.000
-0.116 2035.500
-0.116 2035.000
-0.116 2034.000
-0.116 2033.500
-0.116 2033.000
-0.115 2032.000
-0.115 2031.500
-0.115 2031.000
-0.115 2030.000
-0.115 2029.500
-0.115 2029.000
-0.115 2028.000
-0.115 2027.500
-0.115 2026.500
-0.115 2026.000
-0.114 2025.500
-0.114 2024.500
-0.114 2024.000
-0.114 2023.500
-0.114 2022.500
-0.114 2022.000
-0.114 2021.500
-0.114 2020.500
-0.114 2020.000
-0.114 2019.500
-0.113 2018.500
-0.113 2018.000
-0.113 2017.000
-0.113 2016.500
-0.113 2016.000
-0.113 2015.000
-0.113 2014.500
-0.113 2014.000
-0.113 2013.000
-0.113 2012.500
-0.112 2012.000
-0.112 2011.000
-0.112 2010.500
-0.112 2009.500
-0.112 2009.000
-0.112 2008.500
-0.112 2007.500
-0.112 2007.000
-0.112 2006.500
-0.112 2005.667
-0.111 2005.000
-0.111 2004.000
-0.111 2003.500
-0.111 2003.000
-0.111 2002.000
-0.111 2001.500
-0.111 2001.000
-0.111 2000.000
-0.111 1999.333
-0.111 1998.500
-0.110 1998.000
-0.110 1997.500
-0.110 1996.667
-0.110 1996.000
-0.110 1995.000
-0.110 1994.500
-0.110 1994.000
-0.110 1993.000
-0.110 1992.500
-0.110 1991.500
-0.109 1991.000
-0.109 1990.333
-0.109 1989.667
-0.109 1989.000
-0.109 1988.000
-0.109 1987.500
-0.109 1987.000
-0.109 1986.000
-0.109 1985.500
-0.109 1984.500
-0.108 1984.000
-0.108 1983.500
-0.108 1982.667
-0.108 1982.000
-0.108 1981.000
-0.108 1980.500
-0.108 1980.000
-0.108 1979.000
-0.108 1978.333
-0.108 1977.667
-0.107 1977.000
-0.107 1976.500
-0.107 1975.500
-0.107 1975.000
-0.107 1974.000
-0.107 1973.500
-0.107 1972.500
-0.107 1972.000
-0.107 1971.500
-0.107 1970.500
-0.106 1970.000
-0.106 1969.000
-0.106 1968.500
-0.106 1967.500
-0.106 1967.000
-0.106 1966.500
-0.106 1965.500
-0.106 1965.000
-0.106 1964.000
-0.106 1963.333
-0.105 1962.500
-0.105 1962.000
-0.105 1961.500
-0.105 1960.500
-0.105 1960.000
-0.105 1959.000
-0.105 1958.333
-0.105 1957.667
-0.105 1957.000
-0.105 1956.000
-0.104 1955.500
-0.104 1955.000
-0.104 1954.000
-0.104 1953.333
-0.104 1952.500
-0.104 1952.000
-0.104 1951.000
-0.104 1950.333
-0.104 1949.667
-0.104 1949.000
-0.103 1948.000
-0.103 1947.500
-0.103 1947.000
-0.103 1946.000
-0.103 1945.333
-0.103 1944.500
-0.103 1944.000
-0.103 1943.000
-0.103 1942.333
-0.103 1941.667
-0.102 1941.000
-0.102 1940.000
-0.102 1939.500
-0.102 1938.667
-0.102 1938.000
-0.102 1937.000
-0.102 1936.500
-0.102 1935.500
-0.102 1935.000
-0.102 1934.500
-0.101 1933.500
-0.101 1933.000
-0.101 1932.000
-0.101 1931.333
-0.101 1930.500
-0.101 1930.000
-0.101 1929.000
-0.101 1928.333
-0.101 1927.667
-0.101 1927.000
-0.100 1926.000
-0.100 1925.333
-0.100 1924.667
-0.100 1924.000
-0.100 1923.000
-0.100 1922.333
-0.100 1921.667
-0.100 1921.000
-0.100 1920.000
-0.100 1919.333
-0.099 1918.667
-0.099 1918.000
-0.099 1917.000
-0.099 1916.333
-0.099 1915.667
-0.099 1915.000
-0.099 1914.000
-0.099 1913.333
-0.099 1912.667
-0.099 1912.000
-0.098 1911.000
-0.098 1910.333
-0.098 1909.500
-0.098 1909.000
-0.098 1908.000
-0.098 1907.333
-0.098 1906.500
-0.098 1906.000
-0.098 1905.000
-0.098 1904.500
-0.097 1903.500
-0.097 1902.500
-0.097 1902.000
-0.097 1901.000
-0.097 1900.500
-0.097 1899.667
-0.097 1899.000
-0.097 1898.000
-0.097 1897.333
-0.097 1896.667
-0.096 1896.000
-0.096 1895.000
-0.096 1894.333
-0.096 1893.500
-0.096 1893.000
-0.096 1892.000
-0.096 1891.000
-0.096 1890.500
-0.096 1889.667
-0.096 1889.000
-0.095 1888.000
-0.095 1887.333
-0.095 1886.667
-0.095 1886.000
-0.095 1885.000
-0.095 1884.000
-0.095 1883.500
-0.095 1882.667
-0.095 1882.000
-0.095 1881.000
-0.094 1880.333
-0.094 1879.500
-0.094 1879.000
-0.094 1878.000
-0.094 1877.000
-0.094 1876.500
-0.094 1875.667
-0.094 1875.000
-0.094 1874.000
-0.094 1873.333
-0.093 1872.500
-0.093 1871.667
-0.093 1871.000
-0.093 1870.000
-0.093 1869.333
-0.093 1868.667
-0.093 1868.000
-0.093 1867.000
-0.093 1866.000
-0.093 1865.333
-0.092 1864.667
-0.092 1864.000
-0.092 1863.000
-0.092 1862.000
-0.092 1861.500
-0.092 1860.667
-0.092 1860.000
-0.092 1859.000
-0.092 1858.500
-0.092 1857.500
-0.091 1856.667
-0.091 1856.000
-0.091 1855.000
-0.091 1854.500
-0.091 1853.500
-0.091 1852.667
-0.091 1852.000
-0.091 1851.000
-0.091 1850.000
-0.091 1849.333
-0.090 1848.667
-0.090 1848.000
-0.090 1847.000
-0.090 1846.000
-0.090 1845.333
-0.090 1844.667
-0.090 1844.000
-0.090 1843.000
-0.090 1842.000
-0.090 1841.333
-0.089 1840.500
-0.089 1839.667
-0.089 1839.000
-0.089 1838.000
-0.089 1837.333
-0.089 1836.500
-0.089 1835.667
-0.089 1835.000
-0.089 1834.000
-0.089 1833.000
-0.088 1832.333
-0.088 1831.500
-0.088 1830.667
-0.088 1830.000
-0.088 1829.000
-0.088 1828.333
-0.088 1827.500
-0.088 1826.667
-0.088 1826.000
-0.088 1825.000
-0.087 1824.000
-0.087 1823.333
-0.087 1822.500
-0.087 1821.667
-0.087 1821.000
-0.087 1820.000
-0.087 1819.000
-0.087 1818.333
-0.087 1817.500
-0.087 1816.667
-0.086 1816.000
-0.086 1815.000
-0.086 1814.000
-0.086 1813.333
-0.086 1812.500
-0.086 1811.667
-0.086 1811.000
-0.086 1810.000
-0.086 1809.000
-0.086 1808.333
-0.085 1807.500
-0.085 1806.667
-0.085 1806.000
-0.085 1805.000
-0.085 1804.000
-0.085 1803.333
-0.085 1802.333
-0.085 1801.667
-0.085 1800.667
-0.085 1800.000
-0.084 1799.000
-0.084 1798.000
-0.084 1797.333
-0.084 1796.500
-0.084 1795.667
-0.084 1795.000
-0.084 1794.000
-0.084 1793.000
-0.084 1792.000
-0.084 1791.333
-0.083 1790.500
-0.083 1789.667
-0.083 1789.000
-0.083 1788.000
-0.083 1787.000
-0.083 1786.000
-0.083 1785.333
-0.083 1784.500
-0.083 1783.667
-0.083 1783.000
-0.082 1782.000
-0.082 1781.000
-0.082 1780.000
-0.082 1779.333
-0.082 1778.500
-0.082 1777.667
-0.082 1776.667
-0.082 1776.000
-0.082 1775.000
-0.082 1774.000
-0.081 1773.333
-0.081 1772.333
-0.081 1771.500
-0.081 1770.667
-0.081 1769.667
-0.081 1769.000
-0.081 1768.000
-0.081 1767.000
-0.081 1766.333
-0.081 1765.333
-0.080 1764.500
-0.080 1763.667
-0.080 1762.667
-0.080 1762.000
-0.080 1761.000
-0.080 1760.000
-0.080 1759.000
-0.080 1758.333
-0.080 1757.333
-0.080 1756.667
-0.079 1755.667
-0.079 1755.000
-0.079 1754.000
-0.079 1753.000
-0.079 1752.000
-0.079 1751.333
-0.079 1750.333
-0.079 1749.333
-0.079 1748.500
-0.079 1747.667
-0.078 1746.667
-0.078 1746.000
-0.078 1745.000
-0.078 1744.000
-0.078 1743.000
-0.078 1742.333
-0.078 1741.333
-0.078 1740.500
-0.078 1739.667
-0.078 1738.667
-0.077 1737.667
-0.077 1737.000
-0.077 1736.000
-0.077 1735.000
-0.077 1734.000
-0.077 1733.333
-0.077 1732.333
-0.077 1731.333
-0.077 1730.500
-0.077 1729.667
-0.076 1728.667
-0.076 1727.667
-0.076 1727.000
-0.076 1726.000
-0.076 1725.000
-0.076 1724.000
-0.076 1723.000
-0.076 1722.333
-0.076 1721.333
-0.076 1720.333
-0.075 1719.500
-0.075 1718.667
-0.075 1717.667
-0.075 1716.667
-0.075 1716.000
-0.075 1715.000
-0.075 1714.000
-0.075 1713.000
-0.075 1712.000
-0.075 1711.000
-0.074 1710.333
-0.074 1709.333
-0.074 1708.333
-0.074 1707.500
-0.074 1706.667
-0.074 1705.667
-0.074 1704.667
-0.074 1703.667
-0.074 1703.000
-0.074 1702.000
-0.073 1701.000
-0.073 1700.000
-0.073 1699.000
-0.073 1698.000
-0.073 1697.000
-0.073 1696.000
-0.073 1695.333
-0.073 1694.333
-0.073 1693.333
-0.073 1692.333
-0.072 1691.500
-0.072 1690.667
-0.072 1689.667
-0.072 1688.667
-0.072 1687.667
-0.072 1686.667
-0.072 1685.667
-0.072 1685.000
-0.072 1684.000
-0.072 1683.000
-0.071 1682.000
-0.071 1681.000
-0.071 1680.000
-0.071 1679.000
-0.071 1678.000
-0.071 1677.000
-0.071 1676.000
-0.071 1675.333
-0.071 1674.333
-0.071 1673.333
-0.070 1672.333
-0.070 1671.333
-0.070 1670.333
-0.070 1669.333
-0.070 1668.333
-0.070 1667.500
-0.070 1666.500
-0.070 1665.500
-0.070 1664.667
-0.070 1663.667
-0.069 1662.667
-0.069 1661.667
-0.069 1660.667
-0.069 1659.667
-0.069 1658.667
-0.069 1657.667
-0.069 1656.667
-0.069 1655.667
-0.069 1654.667
-0.069 1653.667
-0.068 1652.667
-0.068 1651.667
-0.068 1651.000
-0.068 1650.000
-0.068 1649.000
-0.068 1648.000
-0.068 1647.000
-0.068 1646.000
-0.068 1645.000
-0.068 1644.000
-0.067 1643.000
-0.067 1642.000
-0.067 1641.000
-0.067 1640.000
-0.067 1639.000
-0.067 1638.000
-0.067 1637.000
-0.067 1636.000
-0.067 1635.000
-0.067 1634.000
-0.066 1633.000
-0.066 1632.000
-0.066 1630.667
-0.066 1629.667
-0.066 1628.667
-0.066 1627.667
-0.066 1626.667
-0.066 1625.667
-0.066 1624.667
-0.066 1623.667
-0.065 1622.667
-0.065 1621.667
-0.065 1620.667
-0.065 1619.667
-0.065 1618.667
-0.065 1617.667
-0.065 1616.667
-0.065 1615.500
-0.065 1614.500
-0.065 1613.333
-0.064 1612.333
-0.064 1611.333
-0.064 1610.333
-0.064 1609.333
-0.064 1608.333
-0.064 1607.333
-0.064 1606.333
-0.064 1605.000
-0.064 1604.000
-0.064 1603.000
-0.063 1602.000
-0.063 1601.000
-0.063 1600.000
-0.063 1599.000
-0.063 1598.000
-0.063 1597.000
-0.063 1595.667
-0.063 1594.667
-0.063 1593.667
-0.063 1592.667
-0.062 1591.667
-0.062 1590.500
-0.062 1589.500
-0.062 1588.333
-0.062 1587.333
-0.062 1586.333
-0.062 1585.333
-0.062 1584.000
-0.062 1583.000
-0.062 1582.000
-0.061 1581.000
-0.061 1580.000
-0.061 1579.000
-0.061 1577.667
-0.061 1576.667
-0.061 1575.667
-0.061 1574.667
-0.061 1573.500
-0.061 1572.333
-0.061 1571.333
-0.060 1570.333
-0.060 1569.333
-0.060 1568.000
-0.060 1567.000
-0.060 1566.000
-0.060 1565.000
-0.060 1563.667
-0.060 1562.667
-0.060 1561.667
-0.060 1560.500
-0.059 1559.333
-0.059 1558.333
-0.059 1557.333
-0.059 1556.000
-0.059 1555.000
-0.059 1554.000
-0.059 1553.000
-0.059 1551.667
-0.059 1550.667
-0.059 1549.667
-0.058 1548.333
-0.058 1547.333
-0.058 1546.333
-0.058 1545.000
-0.058 1544.000
-0.058 1543.000
-0.058 1541.667
-0.058 1540.667
-0.058 1539.667
-0.058 1538.333
-0.057 1537.333
-0.057 1536.333
-0.057 1535.000
-0.057 1534.000
-0.057 1533.000
-0.057 1531.667
-0.057 1530.667
-0.057 1529.500
-0.057 1528.333
-0.057 1527.333
-0.056 1526.000
-0.056 1525.000
-0.056 1524.000
-0.056 1522.667
-0.056 1521.667
-0.056 1520.333
-0.056 1519.333
-0.056 1518.000
-0.056 1517.000
-0.056 1516.000
-0.055 1514.667
-0.055 1513.667
-0.055 1512.333
-0.055 1511.333
-0.055 1510.000
-0.055 1509.000
-0.055 1508.000
-0.055 1506.667
-0.055 1505.667
-0.055 1504.333
-0.054 1503.333
-0.054 1502.000
-0.054 1501.000
-0.054 1499.667
-0.054 1498.667
-0.054 1497.333
-0.054 1496.333
-0.054 1495.000
-0.054 1494.000
-0.054 1492.667
-0.053 1491.667
-0.053 1490.333
-0.053 1489.333
-0.053 1488.000
-0.053 1487.000
-0.053 1485.667
-0.053 1484.500
-0.053 1483.333
-0.053 1482.000
-0.053 1481.000
-0.052 1479.750
-0.052 1478.667
-0.052 1477.333
-0.052 1476.333
-0.052 1475.000
-0.052 1473.667
-0.052 1472.667
-0.052 1471.333
-0.052 1470.333
-0.052 1469.000
-0.051 1467.667
-0.051 1466.667
-0.051 1465.333
-0.051 1464.000
-0.051 1463.000
-0.051 1461.750
-0.051 1460.667
-0.051 1459.250
-0.051 1458.000
-0.051 1457.000
-0.050 1455.667
-0.050 1454.333
-0.050 1453.250
-0.050 1452.000
-0.050 1450.750
-0.050 1449.667
-0.050 1448.250
-0.050 1447.000
-0.050 1446.000
-0.050 1444.667
-0.049 1443.333
-0.049 1442.000
-0.049 1441.000
-0.049 1439.667
-0.049 1438.333
-0.049 1437.333
-0.049 1436.000
-0.049 1434.667
-0.049 1433.333
-0.049 1432.333
-0.048 1431.000
-0.048 1429.667
-0.048 1428.333
-0.048 1427.000
-0.048 1426.000
-0.048 1424.667
-0.048 1423.333
-0.048 1422.000
-0.048 1421.000
-0.048 1419.667
-0.047 1418.250
-0.047 1417.000
-0.047 1415.750
-0.047 1414.333
-0.047 1413.250
-0.047 1412.000
-0.047 1410.667
-0.047 1409.333
-0.047 1408.000
-0.047 1406.750
-0.046 1405.500
-0.046 1404.250
-0.046 1403.000
-0.046 1401.667
-0.046 1400.250
-0.046 1399.000
-0.046 1397.750
-0.046 1396.333
-0.046 1395.000
-0.046 1393.667
-0.045 1392.667
-0.045 1391.250
-0.045 1390.000
-0.045 1388.667
-0.045 1387.250
-0.045 1386.000
-0.045 1384.667
-0.045 1383.250
-0.045 1382.000
-0.045 1380.667
-0.044 1379.333
-0.044 1378.000
-0.044 1376.750
-0.044 1375.333
-0.044 1374.000
-0.044 1372.750
-0.044 1371.333
-0.044 1370.000
-0.044 1368.667
-0.044 1367.250
-0.043 1366.000
-0.043 1364.667
-0.043 1363.250
-0.043 1362.000
-0.043 1360.667
-0.043 1359.250
-0.043 1358.000
-0.043 1356.500
-0.043 1355.000
-0.043 1353.750
-0.042 1352.333
-0.042 1351.000
-0.042 1349.750
-0.042 1348.250
-0.042 1347.000
-0.042 1345.667
-0.042 1344.000
-0.042 1342.750
-0.042 1341.333
-0.042 1340.000
-0.041 1338.667
-0.041 1337.250
-0.041 1336.000
-0.041 1334.333
-0.041 1333.000
-0.041 1331.667
-0.041 1330.250
-0.041 1329.000
-0.041 1327.333
-0.041 1326.000
-0.040 1324.667
-0.040 1323.250
-0.040 1321.750
-0.040 1320.333
-0.040 1319.000
-0.040 1317.667
-0.040 1316.000
-0.040 1314.750
-0.040 1313.250
-0.040 1312.000
-0.039 1310.333
-0.039 1309.000
-0.039 1307.500
-0.039 1306.000
-0.039 1304.750
-0.039 1303.250
-0.039 1301.750
-0.039 1300.250
-0.039 1299.000
-0.039 1297.333
-0.038 1296.000
-0.038 1294.500
-0.038 1293.000
-0.038 1291.667
-0.038 1290.000
-0.038 1288.750
-0.038 1287.250
-0.038 1285.750
-0.038 1284.250
-0.038 1282.750
-0.037 1281.250
-0.037 1279.750
-0.037 1278.250
-0.037 1276.750
-0.037 1275.333
-0.037 1274.000
-0.037 1272.333
-0.037 1271.000
-0.037 1269.333
-0.037 1268.000
-0.036 1266.333
-0.036 1265.000
-0.036 1263.333
-0.036 1261.750
-0.036 1260.250
-0.036 1258.750
-0.036 1257.250
-0.036 1255.750
-0.036 1254.250
-0.036 1252.750
-0.035 1251.250
-0.035 1249.750
-0.035 1248.000
-0.035 1246.500
-0.035 1245.000
-0.035 1243.500
-0.035 1242.000
-0.035 1240.333
-0.035 1238.750
-0.035 1237.250
-0.034 1235.750
-0.034 1234.250
-0.034 1232.667
-0.034 1231.000
-0.034 1229.500
-0.034 1228.000
-0.034 1226.250
-0.034 1224.750
-0.034 1223.250
-0.034 1221.500
-0.033 1220.000
-0.033 1218.500
-0.033 1216.750
-0.033 1215.250
-0.033 1213.667
-0.033 1212.000
-0.033 1210.500
-0.033 1208.750
-0.033 1207.200
-0.033 1205.667
-0.032 1204.000
-0.032 1202.333
-0.032 1200.750
-0.032 1199.000
-0.032 1197.500
-0.032 1196.000
-0.032 1194.200
-0.032 1192.500
-0.032 1191.000
-0.032 1189.250
-0.031 1187.750
-0.031 1186.000
-0.031 1184.333
-0.031 1182.750
-0.031 1181.000
-0.031 1179.333
-0.031 1177.750
-0.031 1176.000
-0.031 1174.333
-0.031 1172.750
-0.030 1171.000
-0.030 1169.250
-0.030 1167.750
-0.030 1166.000
-0.030 1164.250
-0.030 1162.500
-0.030 1161.000
-0.030 1159.200
-0.030 1157.500
-0.030 1155.800
-0.029 1154.000
-0.029 1152.250
-0.029 1150.750
-0.029 1149.000
-0.029 1147.200
-0.029 1145.500
-0.029 1143.750
-0.029 1142.000
-0.029 1140.250
-0.029 1138.500
-0.028 1136.800
-0.028 1135.000
-0.028 1133.250
-0.028 1131.500
-0.028 1129.800
-0.028 1128.000
-0.028 1126.200
-0.028 1124.500
-0.028 1122.750
-0.028 1121.000
-0.027 1119.000
-0.027 1117.250
-0.027 1115.500
-0.027 1113.800
-0.027 1112.000
-0.027 1110.250
-0.027 1108.250
-0.027 1106.500
-0.027 1104.750
-0.027 1103.000
-0.026 1101.000
-0.026 1099.250
-0.026 1097.500
-0.026 1095.600
-0.026 1093.800
-0.026 1092.000
-0.026 1090.000
-0.026 1088.200
-0.026 1086.400
-0.026 1084.500
-0.025 1082.750
-0.025 1080.800
-0.025 1079.000
-0.025 1077.000
-0.025 1075.200
-0.025 1073.250
-0.025 1071.400
-0.025 1069.500
-0.025 1067.600
-0.025 1065.750
-0.024 1063.800
-0.024 1062.000
-0.024 1060.000
-0.024 1058.000
-0.024 1056.200
-0.024 1054.200
-0.024 1052.250
-0.024 1050.400
-0.024 1048.400
-0.024 1395.333
-0.023 1044.500
-0.023 1042.600
-0.023 1040.600
-0.023 1038.750
-0.023 1036.750
-0.023 1034.800
-0.023 1032.800
-0.023 1030.800
-0.023 1028.800
-0.023 1026.800
-0.022 1024.800
-0.022 1022.800
-0.022 1020.800
-0.022 1018.800
-0.022 1016.800
-0.022 1014.800
-0.022 1012.800
-0.022 1010.750
-0.022 1008.750
-0.022 1006.600
-0.021 1004.600
-0.021 1002.600
-0.021 1334.000
-0.021 998.400
-0.021 996.400
-0.021 994.250
-0.021 992.200
-0.021 990.200
-0.021 988.000
-0.021 986.000
-0.020 984.000
-0.020 981.800
-0.020 979.750
-0.020 977.600
-0.020 975.400
-0.020 973.250
-0.020 971.167
-0.020 969.000
-0.020 967.000
-0.020 964.800
-0.019 962.600
-0.019 960.400
-0.019 958.250
-0.019 956.200
-0.019 954.000
-0.019 951.800
-0.019 949.600
-0.019 947.400
-0.019 945.167
-0.019 943.000
-0.018 940.800
-0.018 938.600
-0.018 936.400
-0.018 934.000
-0.018 931.833
-0.018 929.600
-0.018 927.400
-0.018 925.200
-0.018 922.833
-0.018 920.600
-0.017 918.250
-0.017 916.000
-0.017 913.800
-0.017 911.400
-0.017 909.167
-0.017 906.833
-0.017 1130.750
-0.017 902.167
-0.017 899.833
-0.017 1122.000
-0.016 895.167
-0.016 892.833
-0.016 1068.600
-0.016 888.167
-0.016 885.800
-0.016 883.400
-0.016 881.000
-0.016 878.600
-0.016 876.167
-0.016 873.833
-0.015 871.333
-0.015 869.000
-0.015 1039.800
-0.015 864.000
-0.015 861.667
-0.015 859.167
-0.015 856.800
-0.015 854.200
-0.015 851.800
-0.015 849.200
-0.014 846.833
-0.014 844.333
-0.014 841.833
-0.014 839.200
-0.014 836.800
-0.014 834.167
-0.014 831.667
-0.014 829.000
-0.014 991.800
-0.014 824.000
-0.013 821.333
-0.013 818.833
-0.013 816.167
-0.013 813.600
-0.013 811.000
-0.013 808.333
-0.013 805.667
-0.013 803.000
-0.013 933.833
-0.013 797.800
-0.012 795.000
-0.012 792.400
-0.012 789.667
-0.012 787.000
-0.012 784.333
-0.012 911.833
-0.012 778.857
-0.012 776.143
-0.012 773.333
-0.012 770.571
-0.011 767.857
-0.011 765.000
-0.011 762.200
-0.011 886.000
-0.011 908.000
-0.011 753.833
-0.011 751.000
-0.011 748.143
-0.011 745.200
-0.011 890.800
-0.010 887.400
-0.010 859.333
-0.010 733.714
-0.010 730.833
-0.010 727.857
-0.010 724.875
-0.010 722.000
-0.010 719.000
-0.010 716.000
-0.010 713.000
-0.009 710.000
-0.009 707.000
-0.009 704.000
-0.009 700.875
-0.009 697.857
-0.009 694.714
-0.009 830.000
-0.009 803.333
-0.009 799.667
-0.009 796.000
-0.008 679.125
-0.008 676.000
-0.008 672.857
-0.008 892.833
-0.008 777.500
-0.008 663.167
-0.008 660.000
-0.008 656.714
-0.008 762.333
-0.008 650.125
-0.007 646.889
-0.007 750.833
-0.007 640.167
-0.007 636.875
-0.007 724.000
-0.007 630.111
-0.007 731.167
-0.007 712.286
-0.007 619.875
-0.007 704.429
-0.006 612.889
-0.006 696.429
-0.006 605.889
-0.006 677.625
-0.006 673.625
-0.006 595.222
-0.006 676.143
-0.006 588.000
-0.006 657.375
-0.006 746.571
-0.005 577.000
-0.005 655.143
-0.005 640.750
-0.005 636.500
-0.005 632.250
-0.005 628.000
-0.005 633.571
-0.005 619.375
-0.005 615.000
-0.005 610.625
-0.004 615.857
-0.004 534.900
-0.004 530.909
-0.004 526.900
-0.004 597.571
-0.004 583.625
-0.004 579.000
-0.004 574.375
-0.004 562.667
-0.004 558.000
-0.003 560.250
-0.003 548.556
-0.003 543.778
-0.003 485.083
-0.003 528.800
-0.003 529.222
-0.003 519.100
-0.003 519.333
-0.003 509.200
-0.003 509.222
-0.002 554.556
-0.002 449.083
-0.002 533.300
-0.002 488.556
-0.002 471.167
-0.002 465.917
-0.002 531.500
-0.002 496.727
-0.002 453.091
-0.002 444.500
-0.001 526.800
-0.001 430.846
-0.001 430.818
-0.001 460.455
-0.001 454.182
-0.001 408.077
-0.001 404.583
-0.001 394.214
-0.001 428.182
-0.001 384.077
-0.000 375.929
-0.000 369.643
-0.000 360.250
-0.000 358.615
