-0.046 2097.000
-0.044 2052.000
-0.043 2032.000
-0.041 1998.000
-0.040 1974.000
-0.038 1928.000
-0.037 1917.000
-0.035 1865.000
-0.034 1837.000
-0.033 1823.000
-0.032 1797.000
-0.031 1765.000
-0.030 1751.000
-0.029 1723.000
-0.028 1696.000
-0.026 1642.000
-0.025 1621.000
-0.024 1588.000
-0.021 1503.000
-0.020 1470.000
-0.019 1438.000
-0.018 1407.000
-0.017 1378.000
-0.016 1336.000
-0.015 1297.000
-0.014 1260.000
-0.013 1225.000
-0.012 1192.000
-0.011 1145.000
-0.010 1102.000
-0.009 1050.000
-0.008 1002.000
-0.007 958.000
-0.006 900.000
-0.005 848.000
-0.004 787.000
-0.003 723.000
-0.002 658.000
-0.001 580.000
