-3.500 4847.000
-3.495 4844.000
-3.490 4841.000
-3.485 4838.000
-3.480 4835.000
-3.475 4831.000
-3.470 4828.000
-3.465 4825.000
-3.460 4822.000
-3.455 4818.000
-3.450 4815.000
-3.445 4812.000
-3.440 4809.000
-3.435 4806.000
-3.430 4802.000
-3.425 4799.000
-3.420 4796.000
-3.415 4793.000
-3.410 4789.000
-3.405 4786.000
-3.400 4783.000
-3.395 4780.000
-3.390 4776.000
-3.385 4773.000
-3.380 4770.000
-3.375 4766.000
-3.370 4763.000
-3.365 4760.000
-3.360 4757.000
-3.355 4753.000
-3.350 4750.000
-3.345 4747.000
-3.340 4744.000
-3.335 4740.000
-3.330 4737.000
-3.325 4734.000
-3.320 4730.000
-3.315 4727.000
-3.310 4724.000
-3.305 4721.000
-3.300 4717.000
-3.295 4714.000
-3.290 4711.000
-3.285 4707.000
-3.280 4704.000
-3.275 4701.000
-3.270 4697.000
-3.265 4694.000
-3.260 4691.000
-3.255 4687.000
-3.250 4684.000
-3.245 4681.000
-3.240 4678.000
-3.235 4674.000
-3.230 4671.000
-3.225 4668.000
-3.220 4664.000
-3.215 4661.000
-3.210 4658.000
-3.205 4654.000
-3.200 4651.000
-3.195 4647.000
-3.190 4644.000
-3.185 4641.000
-3.180 4637.000
-3.175 4634.000
-3.170 4631.000
-3.165 4627.000
-3.160 4624.000
-3.155 4621.000
-3.150 4617.000
-3.145 4614.000
-3.140 4611.000
-3.135 4607.000
-3.130 4604.000
-3.125 4600.000
-3.120 4597.000
-3.115 4594.000
-3.110 4590.000
-3.105 4587.000
-3.100 4583.000
-3.095 4580.000
-3.090 4577.000
-3.085 4573.000
-3.080 4570.000
-3.075 4566.000
-3.070 4563.000
-3.065 4560.000
-3.060 4556.000
-3.055 4553.000
-3.050 4549.000
-3.045 4546.000
-3.040 4543.000
-3.035 4539.000
-3.030 4536.000
-3.025 4532.000
-3.020 4529.000
-3.015 4525.000
-3.010 4522.000
-3.005 4519.000
-3.000 4515.000
-2.995 4512.000
-2.990 4508.000
-2.985 4505.000
-2.980 4501.000
-2.975 4498.000
-2.970 4494.000
-2.965 4491.000
-2.960 4488.000
-2.955 4484.000
-2.950 4481.000
-2.945 4477.000
-2.940 4474.000
-2.935 4470.000
-2.930 4467.000
-2.925 4463.000
-2.920 4460.000
-2.915 4456.000
-2.910 4453.000
-2.905 4449.000
-2.900 4446.000
-2.895 4442.000
-2.890 4439.000
-2.885 4435.000
-2.880 4432.000
-2.875 4428.000
-2.870 4425.000
-2.865 4421.000
-2.860 4418.000
-2.855 4414.000
-2.850 4411.000
-2.845 4407.000
-2.840 4404.000
-2.835 4400.000
-2.830 4397.000
-2.825 4393.000
-2.820 4390.000
-2.815 4386.000
-2.810 4382.000
-2.805 4379.000
-2.800 4375.000
-2.795 4372.000
-2.790 4368.000
-2.785 4365.000
-2.780 4361.000
-2.775 4358.000
-2.770 4354.000
-2.765 4350.000
-2.760 4347.000
-2.755 4343.000
-2.750 4340.000
-2.745 4336.000
-2.740 4333.000
-2.735 4329.000
-2.730 4325.000
-2.725 4322.000
-2.720 4318.000
-2.715 4315.000
-2.710 4311.000
-2.705 4307.000
-2.700 4304.000
-2.695 4300.000
-2.690 4297.000
-2.685 4293.000
-2.680 4289.000
-2.675 4286.000
-2.670 4282.000
-2.665 4279.000
-2.660 4275.000
-2.655 4271.000
-2.650 4268.000
-2.645 4264.000
-2.640 4260.000
-2.635 4257.000
-2.630 4253.000
-2.625 4249.000
-2.620 4246.000
-2.615 4242.000
-2.610 4238.000
-2.605 4235.000
-2.600 4231.000
-2.595 4227.000
-2.590 4224.000
-2.585 4220.000
-2.580 4216.000
-2.575 4213.000
-2.570 4209.000
-2.565 4205.000
-2.560 4202.000
-2.555 4198.000
-2.550 4194.000
-2.545 4191.000
-2.540 4187.000
-2.535 4183.000
-2.530 4180.000
-2.525 4176.000
-2.520 4172.000
-2.515 4168.000
-2.510 4165.000
-2.505 4161.000
-2.500 4157.000
-2.495 4153.000
-2.490 4150.000
-2.485 4146.000
-2.480 4142.000
-2.475 4139.000
-2.470 4135.000
-2.465 4131.000
-2.460 4127.000
-2.455 4124.000
-2.450 4120.000
-2.445 4116.000
-2.440 4112.000
-2.435 4108.000
-2.430 4105.000
-2.425 4101.000
-2.420 4097.000
-2.415 4093.000
-2.410 4090.000
-2.405 4086.000
-2.400 4082.000
-2.395 4078.000
-2.390 4074.000
-2.385 4071.000
-2.380 4067.000
-2.375 4063.000
-2.370 4059.000
-2.365 4055.000
-2.360 4052.000
-2.355 4048.000
-2.350 4044.000
-2.345 4040.000
-2.340 4036.000
-2.335 4032.000
-2.330 4029.000
-2.325 4025.000
-2.320 4021.000
-2.315 4017.000
-2.310 4013.000
-2.305 4009.000
-2.300 4005.000
-2.295 4002.000
-2.290 3998.000
-2.285 3994.000
-2.280 3990.000
-2.275 3986.000
-2.270 3982.000
-2.265 3978.000
-2.260 3974.000
-2.255 3971.000
-2.250 3967.000
-2.245 3963.000
-2.240 3959.000
-2.235 3955.000
-2.230 3951.000
-2.225 3947.000
-2.220 3943.000
-2.215 3939.000
-2.210 3935.000
-2.205 3931.000
-2.200 3928.000
-2.195 3924.000
-2.190 3920.000
-2.185 3916.000
-2.180 3912.000
-2.175 3908.000
-2.170 3904.000
-2.165 3900.000
-2.160 3896.000
-2.155 3892.000
-2.150 3888.000
-2.145 3884.000
-2.140 3880.000
-2.135 3876.000
-2.130 3872.000
-2.125 3868.000
-2.120 3864.000
-2.115 3860.000
-2.110 3856.000
-2.105 3852.000
-2.100 3848.000
-2.095 3844.000
-2.090 3840.000
-2.085 3836.000
-2.080 3832.000
-2.075 3828.000
-2.070 3824.000
-2.065 3820.000
-2.060 3816.000
-2.055 3812.000
-2.050 3808.000
-2.045 3804.000
-2.040 3800.000
-2.035 3796.000
-2.030 3791.000
-2.025 3787.000
-2.020 3783.000
-2.015 3779.000
-2.010 3775.000
-2.005 3771.000
-2.000 3767.000
-1.995 3763.000
-1.990 3759.000
-1.985 3755.000
-1.980 3751.000
-1.975 3746.000
-1.970 3742.000
-1.965 3738.000
-1.960 3734.000
-1.955 3730.000
-1.950 3726.000
-1.945 3722.000
-1.940 3718.000
-1.935 3713.000
-1.930 3709.000
-1.925 3705.000
-1.920 3701.000
-1.915 3697.000
-1.910 3693.000
-1.905 3688.000
-1.900 3684.000
-1.895 3680.000
-1.890 3676.000
-1.885 3672.000
-1.880 3667.000
-1.875 3663.000
-1.870 3659.000
-1.865 3655.000
-1.860 3651.000
-1.855 3646.000
-1.850 3642.000
-1.845 3638.000
-1.840 3634.000
-1.835 3629.000
-1.830 3625.000
-1.825 3621.000
-1.820 3617.000
-1.815 3612.000
-1.810 3608.000
-1.805 3604.000
-1.800 3600.000
-1.795 3595.000
-1.790 3591.000
-1.785 3587.000
-1.780 3582.000
-1.775 3578.000
-1.770 3574.000
-1.765 3570.000
-1.760 3565.000
-1.755 3561.000
-1.750 3557.000
-1.745 3552.000
-1.740 3548.000
-1.735 3544.000
-1.730 3539.000
-1.725 3535.000
-1.720 3530.500
-1.715 3526.000
-1.710 3522.000
-1.705 3517.000
-1.700 3513.000
-1.695 3509.000
-1.690 3504.000
-1.685 3500.000
-1.680 3495.000
-1.675 3491.000
-1.670 3487.000
-1.665 3482.000
-1.660 3478.000
-1.655 3473.000
-1.650 3469.000
-1.645 3464.500
-1.640 3460.000
-1.635 3456.000
-1.630 3451.000
-1.625 3447.000
-1.620 3442.000
-1.615 3438.000
-1.610 3433.000
-1.605 3429.000
-1.600 3424.000
-1.595 3420.000
-1.590 3415.000
-1.585 3411.000
-1.580 3406.000
-1.575 3402.000
-1.570 3397.000
-1.565 3393.000
-1.560 3388.000
-1.555 3384.000
-1.550 3379.000
-1.545 3374.500
-1.540 3370.000
-1.535 3365.000
-1.530 3361.000
-1.525 3356.000
-1.520 3352.000
-1.515 3347.000
-1.510 3342.000
-1.505 3338.000
-1.500 3333.000
-1.495 3329.000
-1.490 3324.000
-1.485 3319.000
-1.480 3315.000
-1.475 3310.000
-1.470 3305.000
-1.465 3301.000
-1.460 3296.000
-1.455 3291.000
-1.450 3287.000
-1.445 3282.000
-1.440 3277.000
-1.435 3273.000
-1.430 3268.000
-1.425 3263.000
-1.420 3258.500
-1.415 3254.000
-1.410 3249.000
-1.405 3244.000
-1.400 3239.500
-1.395 3235.000
-1.390 3230.000
-1.385 3225.000
-1.380 3220.500
-1.375 3216.000
-1.370 3211.000
-1.365 3206.000
-1.360 3201.000
-1.355 3196.500
-1.350 3192.000
-1.345 3187.000
-1.340 3182.000
-1.335 3177.000
-1.330 3172.000
-1.325 3167.500
-1.320 3163.000
-1.315 3158.000
-1.310 3153.000
-1.305 3148.000
-1.300 3143.000
-1.295 3138.000
-1.290 3133.000
-1.285 3128.000
-1.280 3123.500
-1.275 3118.500
-1.270 3113.500
-1.265 3108.500
-1.260 3104.000
-1.255 3099.000
-1.250 3094.000
-1.245 3089.000
-1.240 3084.000
-1.235 3079.000
-1.230 3074.000
-1.225 3069.000
-1.220 3063.500
-1.215 3058.500
-1.210 3053.500
-1.205 3048.500
-1.200 3043.500
-1.195 3038.000
-1.190 3033.000
-1.185 3028.000
-1.180 3023.000
-1.175 3018.000
-1.170 3013.000
-1.165 3008.000
-1.160 3002.500
-1.155 2997.500
-1.150 2992.000
-1.145 2987.000
-1.140 2982.000
-1.135 2977.000
-1.130 2971.500
-1.125 2966.000
-1.120 2961.000
-1.115 2956.000
-1.110 2950.500
-1.105 2945.500
-1.100 2940.000
-1.095 2935.000
-1.090 2929.500
-1.085 2924.000
-1.080 2919.000
-1.075 2913.500
-1.070 2908.500
-1.065 2903.000
-1.060 2897.500
-1.055 2892.000
-1.050 2887.000
-1.045 2881.500
-1.040 2876.000
-1.035 2871.000
-1.030 2865.500
-1.025 2860.000
-1.020 2854.500
-1.015 2849.000
-1.010 2843.500
-1.005 2838.000
-1.000 2832.500
-0.995 2827.000
-0.990 2821.500
-0.985 2816.000
-0.980 2810.500
-0.975 2805.000
-0.970 2799.500
-0.965 2794.000
-0.960 2788.000
-0.955 2782.500
-0.950 2777.000
-0.945 2771.500
-0.940 2766.000
-0.935 2760.000
-0.930 2754.500
-0.925 2749.000
-0.920 2743.000
-0.915 2737.500
-0.910 2731.500
-0.905 2726.000
-0.900 2720.000
-0.895 2714.500
-0.890 2708.500
-0.885 2703.000
-0.880 2697.000
-0.875 2691.000
-0.870 2685.500
-0.865 2679.500
-0.860 2673.500
-0.855 2667.500
-0.850 2662.000
-0.845 2656.000
-0.840 2650.000
-0.835 2644.000
-0.830 2638.000
-0.825 2632.000
-0.820 2626.000
-0.815 2620.000
-0.810 2614.000
-0.805 2608.000
-0.800 2602.000
-0.795 2595.500
-0.790 2589.500
-0.785 2583.500
-0.780 2577.500
-0.775 2571.000
-0.770 2565.000
-0.765 2558.500
-0.760 2552.500
-0.755 2546.000
-0.750 2540.000
-0.745 2533.500
-0.740 2527.500
-0.735 2521.000
-0.730 2514.500
-0.725 2508.000
-0.720 2502.000
-0.715 2495.500
-0.710 2489.000
-0.705 2482.500
-0.700 2476.000
-0.695 2469.500
-0.690 2463.000
-0.685 2456.500
-0.680 2450.000
-0.675 2443.000
-0.670 2436.500
-0.665 2430.000
-0.660 2423.000
-0.655 2416.500
-0.650 2410.000
-0.645 2403.000
-0.640 2396.000
-0.635 2389.500
-0.630 2382.500
-0.625 2375.500
-0.620 2369.000
-0.615 2362.000
-0.610 2355.000
-0.605 2348.000
-0.600 2341.000
-0.595 2334.000
-0.590 2326.500
-0.585 2319.500
-0.580 2312.500
-0.575 2305.000
-0.570 2298.000
-0.565 2290.500
-0.560 2283.500
-0.555 2276.000
-0.550 2268.500
-0.545 2261.500
-0.540 2254.000
-0.535 2246.500
-0.530 2239.000
-0.525 2231.500
-0.520 2223.500
-0.515 2216.000
-0.510 2208.500
-0.505 2200.500
-0.500 2193.000
-0.495 2185.000
-0.490 2177.000
-0.485 2169.500
-0.480 2161.500
-0.475 2153.500
-0.470 2145.500
-0.465 2137.000
-0.460 2129.000
-0.455 2121.000
-0.450 2112.500
-0.445 2104.500
-0.440 2096.000
-0.435 2087.500
-0.430 2079.000
-0.425 2070.500
-0.420 2062.000
-0.415 2053.500
-0.410 2044.500
-0.405 2035.500
-0.400 2027.000
-0.395 2018.000
-0.390 2009.000
-0.385 2000.000
-0.380 1990.500
-0.375 1981.500
-0.370 1972.000
-0.365 1963.000
-0.360 1953.500
-0.355 1944.000
-0.350 1934.000
-0.345 1924.500
-0.340 1914.500
-0.335 1904.500
-0.330 1894.500
-0.325 1884.500
-0.320 1874.500
-0.315 1864.000
-0.310 1853.500
-0.305 1843.000
-0.300 1832.500
-0.295 1821.500
-0.290 1811.000
-0.285 1800.000
-0.280 1788.500
-0.275 1777.500
-0.270 1766.000
-0.265 1754.500
-0.260 1742.500
-0.255 1730.667
-0.250 1718.667
-0.245 1706.333
-0.240 1694.000
-0.235 1681.333
-0.230 1668.667
-0.225 1655.667
-0.220 1642.333
-0.215 1629.000
-0.210 1615.333
-0.205 1601.333
-0.200 1587.333
-0.195 1573.000
-0.190 1558.000
-0.185 1543.000
-0.180 1528.000
-0.175 1512.333
-0.170 1496.333
-0.165 1480.000
-0.160 1463.333
-0.155 1446.333
-0.150 1429.000
-0.145 1411.000
-0.140 1392.667
-0.135 1373.667
-0.130 1354.333
-0.125 1334.333
-0.120 1313.667
-0.115 1292.333
-0.110 1270.333
-0.105 1247.667
-0.100 1224.000
-0.095 1199.500
-0.090 1174.000
-0.085 1147.500
-0.080 1120.000
-0.075 1091.000
-0.070 1060.500
-0.065 1028.500
-0.060 994.750
-0.055 959.000
-0.050 921.000
-0.045 880.500
-0.040 836.833
-0.035 789.667
-0.030 738.167
-0.025 681.429
-0.020 618.000
-0.015 545.778
