-3.500 4245.000
-3.495 4243.000
-3.490 4240.000
-3.485 4237.000
-3.480 4234.000
-3.475 4231.000
-3.470 4228.000
-3.465 4226.000
-3.460 4223.000
-3.455 4220.000
-3.450 4217.000
-3.445 4214.000
-3.440 4211.000
-3.435 4209.000
-3.430 4206.000
-3.425 4203.000
-3.420 4200.000
-3.415 4197.000
-3.410 4194.000
-3.405 4191.000
-3.400 4189.000
-3.395 4186.000
-3.390 4183.000
-3.385 4180.000
-3.380 4177.000
-3.375 4174.000
-3.370 4171.000
-3.365 4169.000
-3.360 4166.000
-3.355 4163.000
-3.350 4160.000
-3.345 4157.000
-3.340 4154.000
-3.335 4151.000
-3.330 4148.000
-3.325 4145.000
-3.320 4143.000
-3.315 4140.000
-3.310 4137.000
-3.305 4134.000
-3.300 4131.000
-3.295 4128.000
-3.290 4125.000
-3.285 4122.000
-3.280 4119.000
-3.275 4117.000
-3.270 4114.000
-3.265 4111.000
-3.260 4108.000
-3.255 4105.000
-3.250 4102.000
-3.245 4099.000
-3.240 4096.000
-3.235 4093.000
-3.230 4090.000
-3.225 4087.000
-3.220 4084.000
-3.215 4081.000
-3.210 4079.000
-3.205 4076.000
-3.200 4073.000
-3.195 4070.000
-3.190 4067.000
-3.185 4064.000
-3.180 4061.000
-3.175 4058.000
-3.170 4055.000
-3.165 4052.000
-3.160 4049.000
-3.155 4046.000
-3.150 4043.000
-3.145 4040.000
-3.140 4037.000
-3.135 4034.000
-3.130 4031.000
-3.125 4028.000
-3.120 4025.000
-3.115 4022.000
-3.110 4019.000
-3.105 4016.000
-3.100 4013.000
-3.095 4010.000
-3.090 4008.000
-3.085 4005.000
-3.080 4002.000
-3.075 3999.000
-3.070 3996.000
-3.065 3993.000
-3.060 3990.000
-3.055 3987.000
-3.050 3984.000
-3.045 3981.000
-3.040 3978.000
-3.035 3975.000
-3.030 3972.000
-3.025 3969.000
-3.020 3966.000
-3.015 3963.000
-3.010 3959.000
-3.005 3956.000
-3.000 3953.000
-2.995 3950.000
-2.990 3947.000
-2.985 3944.000
-2.980 3941.000
-2.975 3938.000
-2.970 3935.000
-2.965 3932.000
-2.960 3929.000
-2.955 3926.000
-2.950 3923.000
-2.945 3920.000
-2.940 3917.000
-2.935 3914.000
-2.930 3911.000
-2.925 3908.000
-2.920 3905.000
-2.915 3902.000
-2.910 3899.000
-2.905 3896.000
-2.900 3893.000
-2.895 3889.000
-2.890 3886.000
-2.885 3883.000
-2.880 3880.000
-2.875 3877.000
-2.870 3874.000
-2.865 3871.000
-2.860 3868.000
-2.855 3865.000
-2.850 3862.000
-2.845 3859.000
-2.840 3856.000
-2.835 3852.000
-2.830 3849.000
-2.825 3846.000
-2.820 3843.000
-2.815 3840.000
-2.810 3837.000
-2.805 3834.000
-2.800 3831.000
-2.795 3828.000
-2.790 3824.000
-2.785 3821.000
-2.780 3818.000
-2.775 3815.000
-2.770 3812.000
-2.765 3809.000
-2.760 3806.000
-2.755 3803.000
-2.750 3799.000
-2.745 3796.000
-2.740 3793.000
-2.735 3790.000
-2.730 3787.000
-2.725 3784.000
-2.720 3781.000
-2.715 3777.000
-2.710 3774.000
-2.705 3771.000
-2.700 3768.000
-2.695 3765.000
-2.690 3762.000
-2.685 3758.000
-2.680 3755.000
-2.675 3752.000
-2.670 3749.000
-2.665 3746.000
-2.660 3743.000
-2.655 3739.000
-2.650 3736.000
-2.645 3733.000
-2.640 3730.000
-2.635 3727.000
-2.630 3723.000
-2.625 3720.000
-2.620 3717.000
-2.615 3714.000
-2.610 3711.000
-2.605 3707.000
-2.600 3704.000
-2.595 3701.000
-2.590 3698.000
-2.585 3694.000
-2.580 3691.000
-2.575 3688.000
-2.570 3685.000
-2.565 3682.000
-2.560 3678.000
-2.555 3675.000
-2.550 3672.000
-2.545 3669.000
-2.540 3665.000
-2.535 3662.000
-2.530 3659.000
-2.525 3656.000
-2.520 3652.000
-2.515 3649.000
-2.510 3646.000
-2.505 3643.000
-2.500 3639.000
-2.495 3636.000
-2.490 3633.000
-2.485 3629.000
-2.480 3626.000
-2.475 3623.000
-2.470 3620.000
-2.465 3616.000
-2.460 3613.000
-2.455 3610.000
-2.450 3606.000
-2.445 3603.000
-2.440 3600.000
-2.435 3597.000
-2.430 3593.000
-2.425 3590.000
-2.420 3587.000
-2.415 3583.000
-2.410 3580.000
-2.405 3577.000
-2.400 3573.000
-2.395 3570.000
-2.390 3567.000
-2.385 3563.000
-2.380 3560.000
-2.375 3557.000
-2.370 3553.000
-2.365 3550.000
-2.360 3547.000
-2.355 3543.000
-2.350 3540.000
-2.345 3537.000
-2.340 3533.000
-2.335 3530.000
-2.330 3526.000
-2.325 3523.000
-2.320 3520.000
-2.315 3516.000
-2.310 3513.000
-2.305 3510.000
-2.300 3506.000
-2.295 3503.000
-2.290 3499.000
-2.285 3496.000
-2.280 3493.000
-2.275 3489.000
-2.270 3486.000
-2.265 3482.000
-2.260 3479.000
-2.255 3476.000
-2.250 3472.000
-2.245 3469.000
-2.240 3465.000
-2.235 3462.000
-2.230 3459.000
-2.225 3455.000
-2.220 3452.000
-2.215 3448.000
-2.210 3445.000
-2.205 3441.000
-2.200 3438.000
-2.195 3434.000
-2.190 3431.000
-2.185 3427.000
-2.180 3424.000
-2.175 3421.000
-2.170 3417.000
-2.165 3414.000
-2.160 3410.000
-2.155 3407.000
-2.150 3403.000
-2.145 3400.000
-2.140 3396.000
-2.135 3393.000
-2.130 3389.000
-2.125 3386.000
-2.120 3382.000
-2.115 3379.000
-2.110 3375.000
-2.105 3372.000
-2.100 3368.000
-2.095 3365.000
-2.090 3361.000
-2.085 3358.000
-2.080 3354.000
-2.075 3351.000
-2.070 3347.000
-2.065 3343.000
-2.060 3340.000
-2.055 3336.000
-2.050 3333.000
-2.045 3329.000
-2.040 3326.000
-2.035 3322.000
-2.030 3319.000
-2.025 3315.000
-2.020 3311.000
-2.015 3308.000
-2.010 3304.000
-2.005 3301.000
-2.000 3297.000
-1.995 3294.000
-1.990 3290.000
-1.985 3286.000
-1.980 3283.000
-1.975 3279.000
-1.970 3276.000
-1.965 3272.000
-1.960 3268.000
-1.955 3265.000
-1.950 3261.000
-1.945 3257.000
-1.940 3254.000
-1.935 3250.000
-1.930 3247.000
-1.925 3243.000
-1.920 3239.000
-1.915 3236.000
-1.910 3232.000
-1.905 3228.000
-1.900 3225.000
-1.895 3221.000
-1.890 3217.000
-1.885 3214.000
-1.880 3210.000
-1.875 3206.000
-1.870 3203.000
-1.865 3199.000
-1.860 3195.000
-1.855 3191.000
-1.850 3188.000
-1.845 3184.000
-1.840 3180.000
-1.835 3177.000
-1.830 3173.000
-1.825 3169.000
-1.820 3165.000
-1.815 3162.000
-1.810 3158.000
-1.805 3154.000
-1.800 3150.000
-1.795 3147.000
-1.790 3143.000
-1.785 3139.000
-1.780 3135.000
-1.775 3132.000
-1.770 3128.000
-1.765 3124.000
-1.760 3120.000
-1.755 3116.500
-1.750 3113.000
-1.745 3109.000
-1.740 3105.000
-1.735 3101.000
-1.730 3097.500
-1.725 3094.000
-1.720 3090.000
-1.715 3086.000
-1.710 3082.000
-1.705 3078.000
-1.700 3075.000
-1.695 3071.000
-1.690 3067.000
-1.685 3063.000
-1.680 3059.000
-1.675 3055.000
-1.670 3051.000
-1.665 3048.000
-1.660 3044.000
-1.655 3040.000
-1.650 3036.000
-1.645 3032.000
-1.640 3028.000
-1.635 3024.000
-1.630 3020.000
-1.625 3016.000
-1.620 3012.500
-1.615 3009.000
-1.610 3005.000
-1.605 3001.000
-1.600 2997.000
-1.595 2993.000
-1.590 2989.000
-1.585 2985.000
-1.580 2981.000
-1.575 2977.000
-1.570 2973.000
-1.565 2969.000
-1.560 2965.000
-1.555 2961.000
-1.550 2957.000
-1.545 2953.000
-1.540 2949.000
-1.535 2945.000
-1.530 2941.000
-1.525 2937.000
-1.520 2933.000
-1.515 2929.000
-1.510 2925.000
-1.505 2921.000
-1.500 2917.000
-1.495 2913.000
-1.490 2909.000
-1.485 2905.000
-1.480 2901.000
-1.475 2897.000
-1.470 2893.000
-1.465 2889.000
-1.460 2884.500
-1.455 2880.500
-1.450 2876.000
-1.445 2872.000
-1.440 2868.000
-1.435 2864.000
-1.430 2860.000
-1.425 2856.000
-1.420 2852.000
-1.415 2847.500
-1.410 2843.000
-1.405 2839.000
-1.400 2835.000
-1.395 2831.000
-1.390 2827.000
-1.385 2822.500
-1.380 2818.000
-1.375 2814.000
-1.370 2810.000
-1.365 2806.000
-1.360 2801.500
-1.355 2797.000
-1.350 2793.000
-1.345 2789.000
-1.340 2785.000
-1.335 2780.500
-1.330 2776.000
-1.325 2772.000
-1.320 2768.000
-1.315 2763.500
-1.310 2759.000
-1.305 2755.000
-1.300 2750.500
-1.295 2746.000
-1.290 2742.000
-1.285 2738.000
-1.280 2733.000
-1.275 2729.000
-1.270 2725.000
-1.265 2720.000
-1.260 2716.000
-1.255 2712.000
-1.250 2707.000
-1.245 2703.000
-1.240 2698.500
-1.235 2694.000
-1.230 2690.000
-1.225 2685.500
-1.220 2681.000
-1.215 2676.500
-1.210 2672.000
-1.205 2668.000
-1.200 2663.000
-1.195 2659.000
-1.190 2654.500
-1.185 2650.000
-1.180 2645.500
-1.175 2641.000
-1.170 2636.500
-1.165 2632.000
-1.160 2627.500
-1.155 2623.000
-1.150 2618.500
-1.145 2614.000
-1.140 2609.500
-1.135 2605.000
-1.130 2600.000
-1.125 2596.000
-1.120 2591.000
-1.115 2586.500
-1.110 2582.000
-1.105 2577.500
-1.100 2573.000
-1.095 2568.000
-1.090 2563.500
-1.085 2559.000
-1.080 2554.000
-1.075 2549.500
-1.070 2545.000
-1.065 2540.000
-1.060 2535.500
-1.055 2531.000
-1.050 2526.000
-1.045 2521.500
-1.040 2517.000
-1.035 2512.000
-1.030 2507.500
-1.025 2502.500
-1.020 2498.000
-1.015 2493.000
-1.010 2488.000
-1.005 2483.500
-1.000 2479.000
-0.995 2474.000
-0.990 2469.000
-0.985 2464.000
-0.980 2459.500
-0.975 2454.500
-0.970 2449.500
-0.965 2445.000
-0.960 2440.000
-0.955 2435.000
-0.950 2430.000
-0.945 2425.000
-0.940 2420.000
-0.935 2415.000
-0.930 2410.000
-0.925 2405.500
-0.920 2400.500
-0.915 2395.500
-0.910 2390.500
-0.905 2385.000
-0.900 2380.000
-0.895 2375.000
-0.890 2370.000
-0.885 2365.000
-0.880 2360.000
-0.875 2355.000
-0.870 2350.000
-0.865 2344.500
-0.860 2339.500
-0.855 2334.500
-0.850 2329.000
-0.845 2324.000
-0.840 2319.000
-0.835 2313.500
-0.830 2308.500
-0.825 2303.000
-0.820 2298.000
-0.815 2292.500
-0.810 2287.000
-0.805 2282.000
-0.800 2276.500
-0.795 2271.500
-0.790 2266.000
-0.785 2260.500
-0.780 2255.000
-0.775 2250.000
-0.770 2244.500
-0.765 2239.000
-0.760 2233.500
-0.755 2228.000
-0.750 2222.500
-0.745 2217.000
-0.740 2211.500
-0.735 2206.000
-0.730 2200.500
-0.725 2194.500
-0.720 2189.000
-0.715 2183.500
-0.710 2178.000
-0.705 2172.000
-0.700 2166.500
-0.695 2161.000
-0.690 2155.000
-0.685 2149.500
-0.680 2143.500
-0.675 2138.000
-0.670 2132.000
-0.665 2126.000
-0.660 2120.500
-0.655 2114.500
-0.650 2108.500
-0.645 2102.500
-0.640 2096.500
-0.635 2090.500
-0.630 2084.500
-0.625 2078.500
-0.620 2072.500
-0.615 2066.500
-0.610 2060.500
-0.605 2054.500
-0.600 2048.000
-0.595 2042.000
-0.590 2036.000
-0.585 2029.500
-0.580 2023.500
-0.575 2017.000
-0.570 2010.500
-0.565 2004.500
-0.560 1998.000
-0.555 1991.500
-0.550 1985.000
-0.545 1978.500
-0.540 1972.000
-0.535 1965.500
-0.530 1959.000
-0.525 1952.500
-0.520 1945.500
-0.515 1939.000
-0.510 1932.500
-0.505 1925.500
-0.500 1918.500
-0.495 1912.000
-0.490 1905.000
-0.485 1898.000
-0.480 1891.000
-0.475 1884.000
-0.470 1877.000
-0.465 1870.000
-0.460 1863.000
-0.455 1855.500
-0.450 1848.500
-0.445 1841.000
-0.440 1834.000
-0.435 1826.500
-0.430 1819.000
-0.425 1811.500
-0.420 1804.000
-0.415 1796.500
-0.410 1789.000
-0.405 1781.000
-0.400 1773.500
-0.395 1765.500
-0.390 1757.500
-0.385 1749.500
-0.380 1741.500
-0.375 1733.500
-0.370 1725.500
-0.365 1717.500
-0.360 1709.000
-0.355 1700.500
-0.350 1692.000
-0.345 1683.500
-0.340 1675.000
-0.335 1666.500
-0.330 1657.500
-0.325 1649.000
-0.320 1640.000
-0.315 1631.000
-0.310 1622.000
-0.305 1612.500
-0.300 1603.000
-0.295 1594.000
-0.290 1584.000
-0.285 1574.500
-0.280 1565.000
-0.275 1555.000
-0.270 1545.000
-0.265 1535.000
-0.260 1524.500
-0.255 1514.000
-0.250 1503.500
-0.245 1493.000
-0.240 1482.000
-0.235 1471.000
-0.230 1459.667
-0.225 1448.333
-0.220 1437.000
-0.215 1425.000
-0.210 1413.000
-0.205 1401.000
-0.200 1388.667
-0.195 1376.000
-0.190 1363.000
-0.185 1350.000
-0.180 1336.667
-0.175 1323.000
-0.170 1309.000
-0.165 1294.667
-0.160 1280.333
-0.155 1265.333
-0.150 1250.000
-0.145 1234.333
-0.140 1218.333
-0.135 1201.667
-0.130 1184.667
-0.125 1167.000
-0.120 1149.000
-0.115 1130.333
-0.110 1111.333
-0.105 1091.250
-0.100 1070.667
-0.095 1049.250
-0.090 1027.000
-0.085 1003.750
-0.080 979.500
-0.075 954.250
-0.070 927.500
-0.065 899.500
-0.060 870.000
-0.055 838.800
-0.050 805.500
-0.045 770.000
-0.040 731.833
-0.035 690.500
-0.030 645.500
-0.025 595.857
-0.020 540.375
-0.015 477.222
