-3.500 6921.000
-3.495 6917.000
-3.490 6912.000
-3.485 6908.000
-3.480 6904.000
-3.475 6899.000
-3.470 6895.000
-3.465 6890.000
-3.460 6886.000
-3.455 6881.000
-3.450 6877.000
-3.445 6872.000
-3.440 6868.000
-3.435 6863.000
-3.430 6859.000
-3.425 6854.000
-3.420 6850.000
-3.415 6845.000
-3.410 6841.000
-3.405 6836.000
-3.400 6832.000
-3.395 6827.000
-3.390 6823.000
-3.385 6818.000
-3.380 6814.000
-3.375 6809.000
-3.370 6804.000
-3.365 6800.000
-3.360 6795.000
-3.355 6791.000
-3.350 6786.000
-3.345 6782.000
-3.340 6777.000
-3.335 6773.000
-3.330 6768.000
-3.325 6763.000
-3.320 6759.000
-3.315 6754.000
-3.310 6750.000
-3.305 6745.000
-3.300 6741.000
-3.295 6736.000
-3.290 6731.000
-3.285 6727.000
-3.280 6722.000
-3.275 6718.000
-3.270 6713.000
-3.265 6708.000
-3.260 6704.000
-3.255 6699.000
-3.250 6694.000
-3.245 6690.000
-3.240 6685.000
-3.235 6681.000
-3.230 6676.000
-3.225 6671.000
-3.220 6667.000
-3.215 6662.000
-3.210 6657.000
-3.205 6653.000
-3.200 6648.000
-3.195 6643.000
-3.190 6639.000
-3.185 6634.000
-3.180 6629.000
-3.175 6625.000
-3.170 6620.000
-3.165 6615.000
-3.160 6611.000
-3.155 6606.000
-3.150 6601.000
-3.145 6596.000
-3.140 6592.000
-3.135 6587.000
-3.130 6582.000
-3.125 6578.000
-3.120 6573.000
-3.115 6568.000
-3.110 6563.000
-3.105 6559.000
-3.100 6554.000
-3.095 6549.000
-3.090 6544.000
-3.085 6540.000
-3.080 6535.000
-3.075 6530.000
-3.070 6525.000
-3.065 6521.000
-3.060 6516.000
-3.055 6511.000
-3.050 6506.000
-3.045 6502.000
-3.040 6497.000
-3.035 6492.000
-3.030 6487.000
-3.025 6482.000
-3.020 6478.000
-3.015 6473.000
-3.010 6468.000
-3.005 6463.000
-3.000 6458.000
-2.995 6454.000
-2.990 6449.000
-2.985 6444.000
-2.980 6439.000
-2.975 6434.000
-2.970 6429.000
-2.965 6425.000
-2.960 6420.000
-2.955 6415.000
-2.950 6410.000
-2.945 6405.000
-2.940 6400.000
-2.935 6395.000
-2.930 6391.000
-2.925 6386.000
-2.920 6381.000
-2.915 6376.000
-2.910 6371.000
-2.905 6366.000
-2.900 6361.000
-2.895 6356.000
-2.890 6351.000
-2.885 6347.000
-2.880 6342.000
-2.875 6337.000
-2.870 6332.000
-2.865 6327.000
-2.860 6322.000
-2.855 6317.000
-2.850 6312.000
-2.845 6307.000
-2.840 6302.000
-2.835 6297.000
-2.830 6292.000
-2.825 6287.000
-2.820 6282.000
-2.815 6277.000
-2.810 6272.000
-2.805 6268.000
-2.800 6263.000
-2.795 6258.000
-2.790 6253.000
-2.785 6248.000
-2.780 6243.000
-2.775 6238.000
-2.770 6233.000
-2.765 6228.000
-2.760 6223.000
-2.755 6218.000
-2.750 6213.000
-2.745 6207.000
-2.740 6202.000
-2.735 6197.000
-2.730 6192.000
-2.725 6187.000
-2.720 6182.000
-2.715 6177.000
-2.710 6172.000
-2.705 6167.000
-2.700 6162.000
-2.695 6157.000
-2.690 6152.000
-2.685 6147.000
-2.680 6142.000
-2.675 6137.000
-2.670 6132.000
-2.665 6126.000
-2.660 6121.000
-2.655 6116.000
-2.650 6111.000
-2.645 6106.000
-2.640 6101.000
-2.635 6096.000
-2.630 6091.000
-2.625 6086.000
-2.620 6080.000
-2.615 6075.000
-2.610 6070.000
-2.605 6065.000
-2.600 6060.000
-2.595 6055.000
-2.590 6049.000
-2.585 6044.000
-2.580 6039.000
-2.575 6034.000
-2.570 6029.000
-2.565 6024.000
-2.560 6018.000
-2.555 6013.000
-2.550 6008.000
-2.545 6003.000
-2.540 5998.000
-2.535 5992.000
-2.530 5987.000
-2.525 5982.000
-2.520 5977.000
-2.515 5971.000
-2.510 5966.000
-2.505 5961.000
-2.500 5956.000
-2.495 5950.000
-2.490 5945.000
-2.485 5940.000
-2.480 5935.000
-2.475 5929.000
-2.470 5924.000
-2.465 5919.000
-2.460 5913.000
-2.455 5908.000
-2.450 5903.000
-2.445 5898.000
-2.440 5892.000
-2.435 5887.000
-2.430 5882.000
-2.425 5876.000
-2.420 5871.000
-2.415 5866.000
-2.410 5860.000
-2.405 5855.000
-2.400 5850.000
-2.395 5844.000
-2.390 5839.000
-2.385 5833.000
-2.380 5828.000
-2.375 5823.000
-2.370 5817.000
-2.365 5812.000
-2.360 5807.000
-2.355 5801.000
-2.350 5796.000
-2.345 5790.000
-2.340 5785.000
-2.335 5779.000
-2.330 5774.000
-2.325 5769.000
-2.320 5763.000
-2.315 5758.000
-2.310 5752.000
-2.305 5747.000
-2.300 5741.000
-2.295 5736.000
-2.290 5730.000
-2.285 5725.000
-2.280 5720.000
-2.275 5714.000
-2.270 5709.000
-2.265 5703.000
-2.260 5698.000
-2.255 5692.000
-2.250 5687.000
-2.245 5681.000
-2.240 5675.000
-2.235 5670.000
-2.230 5664.000
-2.225 5659.000
-2.220 5653.000
-2.215 5648.000
-2.210 5642.000
-2.205 5637.000
-2.200 5631.000
-2.195 5626.000
-2.190 5620.000
-2.185 5614.000
-2.180 5609.000
-2.175 5603.000
-2.170 5598.000
-2.165 5592.000
-2.160 5586.000
-2.155 5581.000
-2.150 5575.000
-2.145 5569.000
-2.140 5564.000
-2.135 5558.000
-2.130 5553.000
-2.125 5547.000
-2.120 5541.000
-2.115 5536.000
-2.110 5530.000
-2.105 5524.000
-2.100 5519.000
-2.095 5513.000
-2.090 5507.000
-2.085 5501.000
-2.080 5496.000
-2.075 5490.000
-2.070 5484.000
-2.065 5479.000
-2.060 5473.000
-2.055 5467.000
-2.050 5461.000
-2.045 5456.000
-2.040 5450.000
-2.035 5444.000
-2.030 5438.000
-2.025 5432.000
-2.020 5427.000
-2.015 5421.000
-2.010 5415.000
-2.005 5409.000
-2.000 5404.000
-1.995 5398.000
-1.990 5392.000
-1.985 5386.000
-1.980 5380.000
-1.975 5374.000
-1.970 5369.000
-1.965 5363.000
-1.960 5357.000
-1.955 5351.000
-1.950 5345.000
-1.945 5339.000
-1.940 5333.000
-1.935 5327.000
-1.930 5321.000
-1.925 5316.000
-1.920 5310.000
-1.915 5304.000
-1.910 5298.000
-1.905 5292.000
-1.900 5286.000
-1.895 5280.000
-1.890 5274.000
-1.885 5268.000
-1.880 5262.000
-1.875 5256.000
-1.870 5250.000
-1.865 5244.000
-1.860 5238.000
-1.855 5232.000
-1.850 5226.000
-1.845 5220.000
-1.840 5214.000
-1.835 5208.000
-1.830 5202.000
-1.825 5196.000
-1.820 5190.000
-1.815 5184.000
-1.810 5178.000
-1.805 5172.000
-1.800 5166.000
-1.795 5160.000
-1.790 5153.000
-1.785 5147.000
-1.780 5141.000
-1.775 5135.000
-1.770 5129.000
-1.765 5123.000
-1.760 5117.000
-1.755 5111.000
-1.750 5104.000
-1.745 5098.000
-1.740 5092.000
-1.735 5086.000
-1.730 5080.000
-1.725 5074.000
-1.720 5067.000
-1.715 5061.000
-1.710 5055.000
-1.705 5049.000
-1.700 5042.000
-1.695 5036.000
-1.690 5030.000
-1.685 5024.000
-1.680 5017.000
-1.675 5011.000
-1.670 5005.000
-1.665 4999.000
-1.660 4992.000
-1.655 4986.000
-1.650 4980.000
-1.645 4973.000
-1.640 4967.000
-1.635 4961.000
-1.630 4954.000
-1.625 4948.000
-1.620 4942.000
-1.615 4935.000
-1.610 4929.000
-1.605 4922.000
-1.600 4916.000
-1.595 4910.000
-1.590 4903.000
-1.585 4897.000
-1.580 4890.000
-1.575 4884.000
-1.570 4877.000
-1.565 4871.000
-1.560 4864.500
-1.555 4858.000
-1.550 4851.500
-1.545 4845.000
-1.540 4838.500
-1.535 4832.000
-1.530 4825.500
-1.525 4819.000
-1.520 4812.000
-1.515 4806.000
-1.510 4799.000
-1.505 4793.000
-1.500 4786.000
-1.495 4779.500
-1.490 4773.000
-1.485 4766.000
-1.480 4760.000
-1.475 4753.000
-1.470 4746.500
-1.465 4740.000
-1.460 4733.000
-1.455 4726.500
-1.450 4720.000
-1.445 4713.000
-1.440 4706.500
-1.435 4700.000
-1.430 4693.000
-1.425 4686.000
-1.420 4679.500
-1.415 4673.000
-1.410 4666.000
-1.405 4659.000
-1.400 4652.500
-1.395 4646.000
-1.390 4639.000
-1.385 4632.000
-1.380 4625.000
-1.375 4618.500
-1.370 4612.000
-1.365 4605.000
-1.360 4598.000
-1.355 4591.000
-1.350 4584.000
-1.345 4577.000
-1.340 4570.000
-1.335 4563.500
-1.330 4556.500
-1.325 4549.500
-1.320 4543.000
-1.315 4536.000
-1.310 4529.000
-1.305 4522.000
-1.300 4515.000
-1.295 4508.000
-1.290 4501.000
-1.285 4494.000
-1.280 4487.000
-1.275 4479.500
-1.270 4472.500
-1.265 4465.500
-1.260 4458.000
-1.255 4451.000
-1.250 4444.000
-1.245 4437.000
-1.240 4430.000
-1.235 4423.000
-1.230 4415.500
-1.225 4408.000
-1.220 4401.000
-1.215 4394.000
-1.210 4387.000
-1.205 4379.500
-1.200 4372.000
-1.195 4365.000
-1.190 4358.000
-1.185 4350.500
-1.180 4343.000
-1.175 4336.000
-1.170 4328.500
-1.165 4321.000
-1.160 4314.000
-1.155 4306.500
-1.150 4299.000
-1.145 4292.000
-1.140 4284.000
-1.135 4277.000
-1.130 4269.500
-1.125 4262.000
-1.120 4254.500
-1.115 4247.000
-1.110 4239.500
-1.105 4232.000
-1.100 4224.500
-1.095 4217.000
-1.090 4209.500
-1.085 4202.000
-1.080 4194.000
-1.075 4186.500
-1.070 4179.000
-1.065 4171.500
-1.060 4164.000
-1.055 4156.000
-1.050 4148.500
-1.045 4141.000
-1.040 4133.000
-1.035 4125.000
-1.030 4117.500
-1.025 4110.000
-1.020 4102.000
-1.015 4094.000
-1.010 4086.500
-1.005 4078.500
-1.000 4070.500
-0.995 4063.000
-0.990 4055.000
-0.985 4047.000
-0.980 4039.000
-0.975 4031.000
-0.970 4023.000
-0.965 4015.000
-0.960 4007.000
-0.955 3999.000
-0.950 3991.000
-0.945 3983.000
-0.940 3975.000
-0.935 3967.000
-0.930 3959.000
-0.925 3950.500
-0.920 3942.500
-0.915 3934.500
-0.910 3926.000
-0.905 3918.000
-0.900 3909.500
-0.895 3901.500
-0.890 3893.000
-0.885 3885.000
-0.880 3876.500
-0.875 3868.000
-0.870 3860.000
-0.865 3851.500
-0.860 3843.000
-0.855 3834.500
-0.850 3826.000
-0.845 3817.500
-0.840 3809.000
-0.835 3800.500
-0.830 3792.000
-0.825 3783.500
-0.820 3775.000
-0.815 3766.000
-0.810 3757.500
-0.805 3749.000
-0.800 3740.000
-0.795 3731.500
-0.790 3722.500
-0.785 3714.000
-0.780 3705.000
-0.775 3696.000
-0.770 3687.500
-0.765 3678.500
-0.760 3669.500
-0.755 3660.500
-0.750 3651.500
-0.745 3642.500
-0.740 3633.500
-0.735 3624.500
-0.730 3615.500
-0.725 3606.000
-0.720 3597.000
-0.715 3588.000
-0.710 3578.500
-0.705 3569.500
-0.700 3560.000
-0.695 3550.500
-0.690 3541.500
-0.685 3532.000
-0.680 3522.500
-0.675 3513.000
-0.670 3503.500
-0.665 3494.000
-0.660 3484.500
-0.655 3474.500
-0.650 3465.000
-0.645 3455.500
-0.640 3445.500
-0.635 3436.000
-0.630 3426.000
-0.625 3416.000
-0.620 3406.000
-0.615 3396.500
-0.610 3386.500
-0.605 3376.500
-0.600 3366.000
-0.595 3356.000
-0.590 3346.000
-0.585 3335.500
-0.580 3325.500
-0.575 3315.000
-0.570 3305.000
-0.565 3294.500
-0.560 3284.000
-0.555 3273.500
-0.550 3263.000
-0.545 3252.500
-0.540 3241.500
-0.535 3231.000
-0.530 3220.000
-0.525 3209.500
-0.520 3198.500
-0.515 3187.500
-0.510 3176.500
-0.505 3165.500
-0.500 3154.000
-0.495 3143.000
-0.490 3132.000
-0.485 3120.500
-0.480 3109.000
-0.475 3097.500
-0.470 3086.000
-0.465 3074.500
-0.460 3063.000
-0.455 3051.000
-0.450 3039.000
-0.445 3027.500
-0.440 3015.500
-0.435 3003.000
-0.430 2991.000
-0.425 2979.000
-0.420 2966.500
-0.415 2954.000
-0.410 2941.500
-0.405 2929.000
-0.400 2916.000
-0.395 2903.500
-0.390 2890.500
-0.385 2877.500
-0.380 2864.500
-0.375 2851.000
-0.370 2838.000
-0.365 2824.500
-0.360 2811.000
-0.355 2797.000
-0.350 2783.500
-0.345 2769.500
-0.340 2755.500
-0.335 2741.000
-0.330 2727.000
-0.325 2712.500
-0.320 2697.500
-0.315 2683.000
-0.310 2668.000
-0.305 2653.000
-0.300 2637.500
-0.295 2622.000
-0.290 2606.500
-0.285 2591.000
-0.280 2575.000
-0.275 2558.500
-0.270 2542.000
-0.265 2525.500
-0.260 2509.000
-0.255 2491.500
-0.250 2474.333
-0.245 2457.000
-0.240 2439.000
-0.235 2421.000
-0.230 2402.667
-0.225 2384.000
-0.220 2365.000
-0.215 2346.000
-0.210 2326.333
-0.205 2306.333
-0.200 2286.333
-0.195 2265.667
-0.190 2244.667
-0.185 2223.000
-0.180 2201.333
-0.175 2179.000
-0.170 2156.000
-0.165 2132.667
-0.160 2109.000
-0.155 2084.333
-0.150 2059.333
-0.145 2033.667
-0.140 2007.333
-0.135 1980.333
-0.130 1952.333
-0.125 1923.667
-0.120 1894.333
-0.115 1863.667
-0.110 1832.333
-0.105 1799.667
-0.100 1765.667
-0.095 1730.750
-0.090 1694.250
-0.085 1656.250
-0.080 1616.500
-0.075 1575.000
-0.070 1531.250
-0.065 1485.250
-0.060 1437.000
-0.055 1385.600
-0.050 1331.000
-0.045 1272.600
-0.040 1209.800
-0.035 1141.800
-0.030 1067.500
-0.025 985.714
-0.020 894.143
-0.015 789.778
