-3.500 6629.000
-3.495 6625.000
-3.490 6621.000
-3.485 6617.000
-3.480 6612.000
-3.475 6608.000
-3.470 6604.000
-3.465 6599.000
-3.460 6595.000
-3.455 6591.000
-3.450 6586.000
-3.445 6582.000
-3.440 6578.000
-3.435 6573.000
-3.430 6569.000
-3.425 6565.000
-3.420 6560.000
-3.415 6556.000
-3.410 6552.000
-3.405 6547.000
-3.400 6543.000
-3.395 6539.000
-3.390 6534.000
-3.385 6530.000
-3.380 6526.000
-3.375 6521.000
-3.370 6517.000
-3.365 6512.000
-3.360 6508.000
-3.355 6504.000
-3.350 6499.000
-3.345 6495.000
-3.340 6491.000
-3.335 6486.000
-3.330 6482.000
-3.325 6477.000
-3.320 6473.000
-3.315 6469.000
-3.310 6464.000
-3.305 6460.000
-3.300 6455.000
-3.295 6451.000
-3.290 6446.000
-3.285 6442.000
-3.280 6438.000
-3.275 6433.000
-3.270 6429.000
-3.265 6424.000
-3.260 6420.000
-3.255 6415.000
-3.250 6411.000
-3.245 6406.000
-3.240 6402.000
-3.235 6398.000
-3.230 6393.000
-3.225 6389.000
-3.220 6384.000
-3.215 6380.000
-3.210 6375.000
-3.205 6371.000
-3.200 6366.000
-3.195 6362.000
-3.190 6357.000
-3.185 6353.000
-3.180 6348.000
-3.175 6344.000
-3.170 6339.000
-3.165 6335.000
-3.160 6330.000
-3.155 6326.000
-3.150 6321.000
-3.145 6317.000
-3.140 6312.000
-3.135 6308.000
-3.130 6303.000
-3.125 6298.000
-3.120 6294.000
-3.115 6289.000
-3.110 6285.000
-3.105 6280.000
-3.100 6276.000
-3.095 6271.000
-3.090 6267.000
-3.085 6262.000
-3.080 6257.000
-3.075 6253.000
-3.070 6248.000
-3.065 6244.000
-3.060 6239.000
-3.055 6235.000
-3.050 6230.000
-3.045 6225.000
-3.040 6221.000
-3.035 6216.000
-3.030 6212.000
-3.025 6207.000
-3.020 6202.000
-3.015 6198.000
-3.010 6193.000
-3.005 6188.000
-3.000 6184.000
-2.995 6179.000
-2.990 6175.000
-2.985 6170.000
-2.980 6165.000
-2.975 6161.000
-2.970 6156.000
-2.965 6151.000
-2.960 6147.000
-2.955 6142.000
-2.950 6137.000
-2.945 6133.000
-2.940 6128.000
-2.935 6123.000
-2.930 6119.000
-2.925 6114.000
-2.920 6109.000
-2.915 6104.000
-2.910 6100.000
-2.905 6095.000
-2.900 6090.000
-2.895 6086.000
-2.890 6081.000
-2.885 6076.000
-2.880 6072.000
-2.875 6067.000
-2.870 6062.000
-2.865 6057.000
-2.860 6053.000
-2.855 6048.000
-2.850 6043.000
-2.845 6038.000
-2.840 6034.000
-2.835 6029.000
-2.830 6024.000
-2.825 6019.000
-2.820 6015.000
-2.815 6010.000
-2.810 6005.000
-2.805 6000.000
-2.800 5995.000
-2.795 5991.000
-2.790 5986.000
-2.785 5981.000
-2.780 5976.000
-2.775 5971.000
-2.770 5967.000
-2.765 5962.000
-2.760 5957.000
-2.755 5952.000
-2.750 5947.000
-2.745 5943.000
-2.740 5938.000
-2.735 5933.000
-2.730 5928.000
-2.725 5923.000
-2.720 5918.000
-2.715 5913.000
-2.710 5909.000
-2.705 5904.000
-2.700 5899.000
-2.695 5894.000
-2.690 5889.000
-2.685 5884.000
-2.680 5879.000
-2.675 5874.000
-2.670 5870.000
-2.665 5865.000
-2.660 5860.000
-2.655 5855.000
-2.650 5850.000
-2.645 5845.000
-2.640 5840.000
-2.635 5835.000
-2.630 5830.000
-2.625 5825.000
-2.620 5820.000
-2.615 5815.000
-2.610 5811.000
-2.605 5806.000
-2.600 5801.000
-2.595 5796.000
-2.590 5791.000
-2.585 5786.000
-2.580 5781.000
-2.575 5776.000
-2.570 5771.000
-2.565 5766.000
-2.560 5761.000
-2.555 5756.000
-2.550 5751.000
-2.545 5746.000
-2.540 5741.000
-2.535 5736.000
-2.530 5731.000
-2.525 5726.000
-2.520 5721.000
-2.515 5716.000
-2.510 5711.000
-2.505 5706.000
-2.500 5701.000
-2.495 5696.000
-2.490 5690.000
-2.485 5685.000
-2.480 5680.000
-2.475 5675.000
-2.470 5670.000
-2.465 5665.000
-2.460 5660.000
-2.455 5655.000
-2.450 5650.000
-2.445 5645.000
-2.440 5640.000
-2.435 5635.000
-2.430 5629.000
-2.425 5624.000
-2.420 5619.000
-2.415 5614.000
-2.410 5609.000
-2.405 5604.000
-2.400 5599.000
-2.395 5594.000
-2.390 5588.000
-2.385 5583.000
-2.380 5578.000
-2.375 5573.000
-2.370 5568.000
-2.365 5563.000
-2.360 5557.000
-2.355 5552.000
-2.350 5547.000
-2.345 5542.000
-2.340 5537.000
-2.335 5531.000
-2.330 5526.000
-2.325 5521.000
-2.320 5516.000
-2.315 5511.000
-2.310 5505.000
-2.305 5500.000
-2.300 5495.000
-2.295 5490.000
-2.290 5484.000
-2.285 5479.000
-2.280 5474.000
-2.275 5469.000
-2.270 5463.000
-2.265 5458.000
-2.260 5453.000
-2.255 5448.000
-2.250 5442.000
-2.245 5437.000
-2.240 5432.000
-2.235 5426.000
-2.230 5421.000
-2.225 5416.000
-2.220 5410.000
-2.215 5405.000
-2.210 5400.000
-2.205 5394.000
-2.200 5389.000
-2.195 5384.000
-2.190 5378.000
-2.185 5373.000
-2.180 5368.000
-2.175 5362.000
-2.170 5357.000
-2.165 5352.000
-2.160 5346.000
-2.155 5341.000
-2.150 5335.000
-2.145 5330.000
-2.140 5325.000
-2.135 5319.000
-2.130 5314.000
-2.125 5308.000
-2.120 5303.000
-2.115 5297.000
-2.110 5292.000
-2.105 5286.000
-2.100 5281.000
-2.095 5276.000
-2.090 5270.000
-2.085 5265.000
-2.080 5259.000
-2.075 5254.000
-2.070 5248.000
-2.065 5243.000
-2.060 5237.000
-2.055 5232.000
-2.050 5226.000
-2.045 5221.000
-2.040 5215.000
-2.035 5210.000
-2.030 5204.000
-2.025 5199.000
-2.020 5193.000
-2.015 5187.000
-2.010 5182.000
-2.005 5176.000
-2.000 5171.000
-1.995 5165.000
-1.990 5160.000
-1.985 5154.000
-1.980 5148.000
-1.975 5143.000
-1.970 5137.000
-1.965 5132.000
-1.960 5126.000
-1.955 5120.000
-1.950 5115.000
-1.945 5109.000
-1.940 5103.000
-1.935 5098.000
-1.930 5092.000
-1.925 5086.000
-1.920 5081.000
-1.915 5075.000
-1.910 5069.000
-1.905 5064.000
-1.900 5058.000
-1.895 5052.000
-1.890 5047.000
-1.885 5041.000
-1.880 5035.000
-1.875 5029.000
-1.870 5024.000
-1.865 5018.000
-1.860 5012.000
-1.855 5006.000
-1.850 5001.000
-1.845 4995.000
-1.840 4989.000
-1.835 4983.000
-1.830 4978.000
-1.825 4972.000
-1.820 4966.000
-1.815 4960.000
-1.810 4954.000
-1.805 4949.000
-1.800 4943.000
-1.795 4937.000
-1.790 4931.000
-1.785 4925.000
-1.780 4919.000
-1.775 4913.000
-1.770 4908.000
-1.765 4902.000
-1.760 4896.000
-1.755 4890.000
-1.750 4884.000
-1.745 4878.000
-1.740 4872.000
-1.735 4866.000
-1.730 4860.000
-1.725 4854.000
-1.720 4848.000
-1.715 4842.000
-1.710 4836.500
-1.705 4831.000
-1.700 4825.000
-1.695 4819.000
-1.690 4813.000
-1.685 4807.000
-1.680 4801.000
-1.675 4795.000
-1.670 4789.000
-1.665 4782.500
-1.660 4776.500
-1.655 4770.000
-1.650 4764.000
-1.645 4758.000
-1.640 4752.000
-1.635 4746.000
-1.630 4740.000
-1.625 4734.000
-1.620 4728.000
-1.615 4722.000
-1.610 4716.000
-1.605 4710.000
-1.600 4703.000
-1.595 4697.000
-1.590 4691.000
-1.585 4685.000
-1.580 4679.000
-1.575 4673.000
-1.570 4666.500
-1.565 4660.000
-1.560 4654.000
-1.555 4648.000
-1.550 4642.000
-1.545 4635.000
-1.540 4629.000
-1.535 4623.000
-1.530 4617.000
-1.525 4610.500
-1.520 4604.000
-1.515 4598.000
-1.510 4592.000
-1.505 4585.000
-1.500 4579.000
-1.495 4573.000
-1.490 4566.000
-1.485 4560.000
-1.480 4554.000
-1.475 4547.000
-1.470 4541.000
-1.465 4535.000
-1.460 4528.000
-1.455 4522.000
-1.450 4515.500
-1.445 4509.000
-1.440 4503.000
-1.435 4496.000
-1.430 4490.000
-1.425 4483.000
-1.420 4477.000
-1.415 4470.500
-1.410 4464.000
-1.405 4457.500
-1.400 4451.000
-1.395 4444.500
-1.390 4438.000
-1.385 4431.500
-1.380 4425.000
-1.375 4418.500
-1.370 4412.000
-1.365 4405.000
-1.360 4399.000
-1.355 4392.000
-1.350 4385.500
-1.345 4379.000
-1.340 4372.000
-1.335 4366.000
-1.330 4359.000
-1.325 4352.500
-1.320 4346.000
-1.315 4339.000
-1.310 4332.500
-1.305 4326.000
-1.300 4319.000
-1.295 4312.000
-1.290 4305.500
-1.285 4299.000
-1.280 4292.000
-1.275 4285.000
-1.270 4278.500
-1.265 4272.000
-1.260 4265.000
-1.255 4258.000
-1.250 4251.500
-1.245 4244.500
-1.240 4238.000
-1.235 4231.000
-1.230 4224.000
-1.225 4217.000
-1.220 4210.000
-1.215 4203.500
-1.210 4196.500
-1.205 4189.500
-1.200 4182.500
-1.195 4176.000
-1.190 4169.000
-1.185 4162.000
-1.180 4155.000
-1.175 4148.000
-1.170 4141.000
-1.165 4134.000
-1.160 4127.000
-1.155 4119.500
-1.150 4112.500
-1.145 4105.500
-1.140 4098.500
-1.135 4091.000
-1.130 4084.000
-1.125 4077.000
-1.120 4070.000
-1.115 4063.000
-1.110 4055.500
-1.105 4048.000
-1.100 4041.000
-1.095 4034.000
-1.090 4027.000
-1.085 4019.500
-1.080 4012.000
-1.075 4005.000
-1.070 3997.500
-1.065 3990.000
-1.060 3983.000
-1.055 3975.500
-1.050 3968.000
-1.045 3961.000
-1.040 3953.500
-1.035 3946.000
-1.030 3939.000
-1.025 3931.000
-1.020 3924.000
-1.015 3916.500
-1.010 3909.000
-1.005 3901.500
-1.000 3894.000
-0.995 3886.000
-0.990 3879.000
-0.985 3871.000
-0.980 3863.500
-0.975 3856.000
-0.970 3848.500
-0.965 3841.000
-0.960 3833.000
-0.955 3825.500
-0.950 3818.000
-0.945 3810.000
-0.940 3802.000
-0.935 3794.500
-0.930 3787.000
-0.925 3779.000
-0.920 3771.000
-0.915 3763.500
-0.910 3755.500
-0.905 3747.500
-0.900 3740.000
-0.895 3732.000
-0.890 3724.000
-0.885 3716.000
-0.880 3708.000
-0.875 3700.000
-0.870 3692.000
-0.865 3684.000
-0.860 3676.000
-0.855 3668.000
-0.850 3659.500
-0.845 3651.500
-0.840 3643.500
-0.835 3635.000
-0.830 3627.000
-0.825 3619.000
-0.820 3610.500
-0.815 3602.500
-0.810 3594.000
-0.805 3586.000
-0.800 3577.500
-0.795 3569.000
-0.790 3560.500
-0.785 3552.000
-0.780 3544.000
-0.775 3535.500
-0.770 3527.000
-0.765 3518.500
-0.760 3510.000
-0.755 3501.000
-0.750 3492.500
-0.745 3484.000
-0.740 3475.500
-0.735 3466.500
-0.730 3458.000
-0.725 3449.000
-0.720 3440.500
-0.715 3431.500
-0.710 3423.000
-0.705 3414.000
-0.700 3405.000
-0.695 3396.000
-0.690 3387.000
-0.685 3378.000
-0.680 3369.000
-0.675 3360.000
-0.670 3351.000
-0.665 3341.500
-0.660 3332.500
-0.655 3323.500
-0.650 3314.000
-0.645 3305.000
-0.640 3295.500
-0.635 3286.000
-0.630 3276.500
-0.625 3267.500
-0.620 3258.000
-0.615 3248.500
-0.610 3239.000
-0.605 3229.000
-0.600 3219.500
-0.595 3210.000
-0.590 3200.000
-0.585 3190.500
-0.580 3180.500
-0.575 3170.500
-0.570 3161.000
-0.565 3151.000
-0.560 3141.000
-0.555 3130.500
-0.550 3120.500
-0.545 3110.500
-0.540 3100.500
-0.535 3090.000
-0.530 3079.500
-0.525 3069.500
-0.520 3059.000
-0.515 3048.500
-0.510 3038.000
-0.505 3027.500
-0.500 3016.500
-0.495 3006.000
-0.490 2995.000
-0.485 2984.500
-0.480 2973.500
-0.475 2962.500
-0.470 2951.500
-0.465 2940.500
-0.460 2929.000
-0.455 2918.000
-0.450 2906.500
-0.445 2895.000
-0.440 2883.500
-0.435 2872.000
-0.430 2860.500
-0.425 2848.500
-0.420 2837.000
-0.415 2825.000
-0.410 2813.000
-0.405 2801.000
-0.400 2789.000
-0.395 2776.500
-0.390 2764.500
-0.385 2752.000
-0.380 2739.500
-0.375 2726.500
-0.370 2714.000
-0.365 2701.000
-0.360 2688.000
-0.355 2675.000
-0.350 2661.500
-0.345 2648.500
-0.340 2635.000
-0.335 2621.500
-0.330 2607.500
-0.325 2593.500
-0.320 2579.500
-0.315 2565.500
-0.310 2551.500
-0.305 2537.000
-0.300 2522.000
-0.295 2507.500
-0.290 2492.500
-0.285 2477.500
-0.280 2462.000
-0.275 2446.500
-0.270 2431.000
-0.265 2415.000
-0.260 2399.000
-0.255 2382.500
-0.250 2366.000
-0.245 2349.000
-0.240 2332.000
-0.235 2315.000
-0.230 2297.333
-0.225 2279.667
-0.220 2261.333
-0.215 2243.000
-0.210 2224.333
-0.205 2205.333
-0.200 2186.000
-0.195 2166.000
-0.190 2146.000
-0.185 2125.333
-0.180 2104.333
-0.175 2083.000
-0.170 2061.333
-0.165 2039.000
-0.160 2016.000
-0.155 1992.667
-0.150 1968.667
-0.145 1944.333
-0.140 1919.000
-0.135 1893.000
-0.130 1866.333
-0.125 1839.000
-0.120 1810.667
-0.115 1781.500
-0.110 1751.333
-0.105 1720.000
-0.100 1687.750
-0.095 1654.000
-0.090 1619.250
-0.085 1582.750
-0.080 1544.750
-0.075 1505.000
-0.070 1463.250
-0.065 1419.250
-0.060 1373.000
-0.055 1323.800
-0.050 1271.600
-0.045 1215.800
-0.040 1155.667
-0.035 1090.667
-0.030 1019.833
-0.025 941.571
-0.020 854.143
-0.015 754.375
