-3.500 6776.000
-3.495 6771.000
-3.490 6767.000
-3.485 6763.000
-3.480 6758.000
-3.475 6754.000
-3.470 6749.000
-3.465 6745.000
-3.460 6741.000
-3.455 6736.000
-3.450 6732.000
-3.445 6727.000
-3.440 6723.000
-3.435 6719.000
-3.430 6714.000
-3.425 6710.000
-3.420 6705.000
-3.415 6701.000
-3.410 6696.000
-3.405 6692.000
-3.400 6688.000
-3.395 6683.000
-3.390 6679.000
-3.385 6674.000
-3.380 6670.000
-3.375 6665.000
-3.370 6661.000
-3.365 6656.000
-3.360 6652.000
-3.355 6647.000
-3.350 6643.000
-3.345 6638.000
-3.340 6634.000
-3.335 6630.000
-3.330 6625.000
-3.325 6621.000
-3.320 6616.000
-3.315 6612.000
-3.310 6607.000
-3.305 6603.000
-3.300 6598.000
-3.295 6594.000
-3.290 6589.000
-3.285 6585.000
-3.280 6580.000
-3.275 6576.000
-3.270 6571.000
-3.265 6566.000
-3.260 6562.000
-3.255 6557.000
-3.250 6553.000
-3.245 6548.000
-3.240 6544.000
-3.235 6539.000
-3.230 6535.000
-3.225 6530.000
-3.220 6526.000
-3.215 6521.000
-3.210 6516.000
-3.205 6512.000
-3.200 6507.000
-3.195 6503.000
-3.190 6498.000
-3.185 6494.000
-3.180 6489.000
-3.175 6484.000
-3.170 6480.000
-3.165 6475.000
-3.160 6471.000
-3.155 6466.000
-3.150 6461.000
-3.145 6457.000
-3.140 6452.000
-3.135 6447.000
-3.130 6443.000
-3.125 6438.000
-3.120 6434.000
-3.115 6429.000
-3.110 6424.000
-3.105 6420.000
-3.100 6415.000
-3.095 6410.000
-3.090 6406.000
-3.085 6401.000
-3.080 6396.000
-3.075 6392.000
-3.070 6387.000
-3.065 6382.000
-3.060 6378.000
-3.055 6373.000
-3.050 6368.000
-3.045 6364.000
-3.040 6359.000
-3.035 6354.000
-3.030 6350.000
-3.025 6345.000
-3.020 6340.000
-3.015 6335.000
-3.010 6331.000
-3.005 6326.000
-3.000 6321.000
-2.995 6317.000
-2.990 6312.000
-2.985 6307.000
-2.980 6302.000
-2.975 6298.000
-2.970 6293.000
-2.965 6288.000
-2.960 6283.000
-2.955 6279.000
-2.950 6274.000
-2.945 6269.000
-2.940 6264.000
-2.935 6260.000
-2.930 6255.000
-2.925 6250.000
-2.920 6245.000
-2.915 6240.000
-2.910 6236.000
-2.905 6231.000
-2.900 6226.000
-2.895 6221.000
-2.890 6216.000
-2.885 6212.000
-2.880 6207.000
-2.875 6202.000
-2.870 6197.000
-2.865 6192.000
-2.860 6187.000
-2.855 6183.000
-2.850 6178.000
-2.845 6173.000
-2.840 6168.000
-2.835 6163.000
-2.830 6158.000
-2.825 6153.000
-2.820 6149.000
-2.815 6144.000
-2.810 6139.000
-2.805 6134.000
-2.800 6129.000
-2.795 6124.000
-2.790 6119.000
-2.785 6114.000
-2.780 6110.000
-2.775 6105.000
-2.770 6100.000
-2.765 6095.000
-2.760 6090.000
-2.755 6085.000
-2.750 6080.000
-2.745 6075.000
-2.740 6070.000
-2.735 6065.000
-2.730 6060.000
-2.725 6055.000
-2.720 6050.000
-2.715 6045.000
-2.710 6041.000
-2.705 6036.000
-2.700 6031.000
-2.695 6026.000
-2.690 6021.000
-2.685 6016.000
-2.680 6011.000
-2.675 6006.000
-2.670 6001.000
-2.665 5996.000
-2.660 5991.000
-2.655 5986.000
-2.650 5981.000
-2.645 5976.000
-2.640 5971.000
-2.635 5966.000
-2.630 5961.000
-2.625 5956.000
-2.620 5950.000
-2.615 5945.000
-2.610 5940.000
-2.605 5935.000
-2.600 5930.000
-2.595 5925.000
-2.590 5920.000
-2.585 5915.000
-2.580 5910.000
-2.575 5905.000
-2.570 5900.000
-2.565 5895.000
-2.560 5890.000
-2.555 5885.000
-2.550 5879.000
-2.545 5874.000
-2.540 5869.000
-2.535 5864.000
-2.530 5859.000
-2.525 5854.000
-2.520 5849.000
-2.515 5844.000
-2.510 5839.000
-2.505 5833.000
-2.500 5828.000
-2.495 5823.000
-2.490 5818.000
-2.485 5813.000
-2.480 5808.000
-2.475 5802.000
-2.470 5797.000
-2.465 5792.000
-2.460 5787.000
-2.455 5782.000
-2.450 5776.000
-2.445 5771.000
-2.440 5766.000
-2.435 5761.000
-2.430 5756.000
-2.425 5750.000
-2.420 5745.000
-2.415 5740.000
-2.410 5735.000
-2.405 5729.000
-2.400 5724.000
-2.395 5719.000
-2.390 5714.000
-2.385 5708.000
-2.380 5703.000
-2.375 5698.000
-2.370 5693.000
-2.365 5687.000
-2.360 5682.000
-2.355 5677.000
-2.350 5671.000
-2.345 5666.000
-2.340 5661.000
-2.335 5656.000
-2.330 5650.000
-2.325 5645.000
-2.320 5640.000
-2.315 5634.000
-2.310 5629.000
-2.305 5624.000
-2.300 5618.000
-2.295 5613.000
-2.290 5608.000
-2.285 5602.000
-2.280 5597.000
-2.275 5591.000
-2.270 5586.000
-2.265 5581.000
-2.260 5575.000
-2.255 5570.000
-2.250 5564.000
-2.245 5559.000
-2.240 5554.000
-2.235 5548.000
-2.230 5543.000
-2.225 5537.000
-2.220 5532.000
-2.215 5526.000
-2.210 5521.000
-2.205 5516.000
-2.200 5510.000
-2.195 5505.000
-2.190 5499.000
-2.185 5494.000
-2.180 5488.000
-2.175 5483.000
-2.170 5477.000
-2.165 5472.000
-2.160 5466.000
-2.155 5461.000
-2.150 5455.000
-2.145 5450.000
-2.140 5444.000
-2.135 5439.000
-2.130 5433.000
-2.125 5428.000
-2.120 5422.000
-2.115 5417.000
-2.110 5411.000
-2.105 5405.000
-2.100 5400.000
-2.095 5394.000
-2.090 5389.000
-2.085 5383.000
-2.080 5377.000
-2.075 5372.000
-2.070 5366.000
-2.065 5361.000
-2.060 5355.000
-2.055 5349.000
-2.050 5344.000
-2.045 5338.000
-2.040 5333.000
-2.035 5327.000
-2.030 5321.000
-2.025 5316.000
-2.020 5310.000
-2.015 5304.000
-2.010 5299.000
-2.005 5293.000
-2.000 5287.000
-1.995 5281.000
-1.990 5276.000
-1.985 5270.000
-1.980 5264.000
-1.975 5259.000
-1.970 5253.000
-1.965 5247.000
-1.960 5241.000
-1.955 5236.000
-1.950 5230.000
-1.945 5224.000
-1.940 5218.000
-1.935 5213.000
-1.930 5207.000
-1.925 5201.000
-1.920 5195.000
-1.915 5189.000
-1.910 5184.000
-1.905 5178.000
-1.900 5172.000
-1.895 5166.000
-1.890 5160.000
-1.885 5155.000
-1.880 5149.000
-1.875 5143.000
-1.870 5137.000
-1.865 5131.000
-1.860 5125.000
-1.855 5119.000
-1.850 5113.000
-1.845 5108.000
-1.840 5102.000
-1.835 5096.000
-1.830 5090.000
-1.825 5084.000
-1.820 5078.000
-1.815 5072.000
-1.810 5066.000
-1.805 5060.000
-1.800 5054.000
-1.795 5048.000
-1.790 5042.000
-1.785 5036.000
-1.780 5030.000
-1.775 5024.000
-1.770 5018.000
-1.765 5012.000
-1.760 5006.000
-1.755 5000.000
-1.750 4994.000
-1.745 4988.000
-1.740 4982.000
-1.735 4976.000
-1.730 4970.000
-1.725 4964.000
-1.720 4958.000
-1.715 4952.000
-1.710 4946.000
-1.705 4940.000
-1.700 4934.000
-1.695 4927.000
-1.690 4921.000
-1.685 4915.000
-1.680 4909.000
-1.675 4903.000
-1.670 4897.000
-1.665 4891.000
-1.660 4884.000
-1.655 4878.000
-1.650 4872.000
-1.645 4866.000
-1.640 4860.000
-1.635 4853.000
-1.630 4847.000
-1.625 4841.000
-1.620 4835.000
-1.615 4828.500
-1.610 4822.000
-1.605 4816.000
-1.600 4810.000
-1.595 4803.500
-1.590 4797.000
-1.585 4791.000
-1.580 4785.000
-1.575 4778.000
-1.570 4772.000
-1.565 4766.000
-1.560 4759.000
-1.555 4753.000
-1.550 4747.000
-1.545 4740.000
-1.540 4734.000
-1.535 4727.500
-1.530 4721.000
-1.525 4715.000
-1.520 4708.000
-1.515 4702.000
-1.510 4695.500
-1.505 4689.000
-1.500 4683.000
-1.495 4676.000
-1.490 4670.000
-1.485 4663.000
-1.480 4657.000
-1.475 4650.000
-1.470 4644.000
-1.465 4637.000
-1.460 4631.000
-1.455 4624.000
-1.450 4618.000
-1.445 4611.000
-1.440 4604.500
-1.435 4598.000
-1.430 4591.500
-1.425 4585.000
-1.420 4578.000
-1.415 4572.000
-1.410 4565.000
-1.405 4558.500
-1.400 4552.000
-1.395 4545.000
-1.390 4538.500
-1.385 4532.000
-1.380 4525.000
-1.375 4518.500
-1.370 4512.000
-1.365 4505.000
-1.360 4498.000
-1.355 4492.000
-1.350 4485.000
-1.345 4478.000
-1.340 4471.000
-1.335 4464.500
-1.330 4458.000
-1.325 4451.000
-1.320 4444.000
-1.315 4437.500
-1.310 4430.500
-1.305 4424.000
-1.300 4417.000
-1.295 4410.000
-1.290 4403.000
-1.285 4396.000
-1.280 4389.500
-1.275 4382.500
-1.270 4375.500
-1.265 4369.000
-1.260 4362.000
-1.255 4355.000
-1.250 4348.000
-1.245 4341.000
-1.240 4334.000
-1.235 4327.000
-1.230 4320.000
-1.225 4313.000
-1.220 4306.000
-1.215 4299.000
-1.210 4291.500
-1.205 4284.500
-1.200 4277.500
-1.195 4270.000
-1.190 4263.000
-1.185 4256.000
-1.180 4249.000
-1.175 4242.000
-1.170 4234.500
-1.165 4227.500
-1.160 4220.000
-1.155 4213.000
-1.150 4206.000
-1.145 4198.500
-1.140 4191.000
-1.135 4184.000
-1.130 4177.000
-1.125 4169.500
-1.120 4162.000
-1.115 4155.000
-1.110 4147.500
-1.105 4140.000
-1.100 4133.000
-1.095 4125.500
-1.090 4118.000
-1.085 4110.500
-1.080 4103.000
-1.075 4096.000
-1.070 4088.000
-1.065 4081.000
-1.060 4073.500
-1.055 4066.000
-1.050 4058.500
-1.045 4051.000
-1.040 4043.000
-1.035 4036.000
-1.030 4028.000
-1.025 4020.500
-1.020 4013.000
-1.015 4005.000
-1.010 3997.500
-1.005 3990.000
-1.000 3982.000
-0.995 3974.500
-0.990 3967.000
-0.985 3959.000
-0.980 3951.500
-0.975 3943.500
-0.970 3936.000
-0.965 3928.000
-0.960 3920.000
-0.955 3912.000
-0.950 3904.500
-0.945 3896.500
-0.940 3888.500
-0.935 3881.000
-0.930 3873.000
-0.925 3865.000
-0.920 3857.000
-0.915 3849.000
-0.910 3841.000
-0.905 3833.000
-0.900 3825.000
-0.895 3816.500
-0.890 3808.500
-0.885 3800.500
-0.880 3792.000
-0.875 3784.000
-0.870 3776.000
-0.865 3767.500
-0.860 3759.500
-0.855 3751.000
-0.850 3743.000
-0.845 3734.500
-0.840 3726.000
-0.835 3718.000
-0.830 3709.500
-0.825 3701.000
-0.820 3692.500
-0.815 3684.000
-0.810 3676.000
-0.805 3667.500
-0.800 3659.000
-0.795 3650.000
-0.790 3641.500
-0.785 3633.000
-0.780 3624.500
-0.775 3616.000
-0.770 3607.000
-0.765 3598.500
-0.760 3589.500
-0.755 3581.000
-0.750 3572.000
-0.745 3563.000
-0.740 3554.500
-0.735 3545.500
-0.730 3536.500
-0.725 3527.500
-0.720 3518.500
-0.715 3509.500
-0.710 3500.500
-0.705 3491.500
-0.700 3482.500
-0.695 3473.500
-0.690 3464.000
-0.685 3455.000
-0.680 3445.500
-0.675 3436.500
-0.670 3427.000
-0.665 3418.000
-0.660 3408.500
-0.655 3399.000
-0.650 3389.500
-0.645 3380.000
-0.640 3370.500
-0.635 3361.000
-0.630 3351.500
-0.625 3341.500
-0.620 3332.000
-0.615 3322.500
-0.610 3312.500
-0.605 3302.500
-0.600 3293.000
-0.595 3283.000
-0.590 3273.000
-0.585 3263.000
-0.580 3253.000
-0.575 3243.000
-0.570 3233.000
-0.565 3222.500
-0.560 3212.500
-0.555 3202.000
-0.550 3191.500
-0.545 3181.500
-0.540 3171.000
-0.535 3160.500
-0.530 3150.000
-0.525 3139.500
-0.520 3128.500
-0.515 3118.000
-0.510 3107.000
-0.505 3096.500
-0.500 3085.500
-0.495 3074.500
-0.490 3063.500
-0.485 3052.500
-0.480 3041.000
-0.475 3030.000
-0.470 3018.500
-0.465 3007.500
-0.460 2996.000
-0.455 2984.500
-0.450 2973.000
-0.445 2961.000
-0.440 2949.500
-0.435 2937.500
-0.430 2925.500
-0.425 2913.500
-0.420 2901.500
-0.415 2889.500
-0.410 2877.500
-0.405 2865.000
-0.400 2852.500
-0.395 2840.000
-0.390 2827.500
-0.385 2814.500
-0.380 2802.000
-0.375 2789.000
-0.370 2776.000
-0.365 2762.500
-0.360 2749.500
-0.355 2736.000
-0.350 2722.500
-0.345 2709.000
-0.340 2695.000
-0.335 2681.000
-0.330 2667.000
-0.325 2653.000
-0.320 2638.500
-0.315 2624.000
-0.310 2609.500
-0.305 2595.000
-0.300 2580.000
-0.295 2565.000
-0.290 2549.500
-0.285 2534.000
-0.280 2518.500
-0.275 2502.500
-0.270 2486.500
-0.265 2470.500
-0.260 2454.000
-0.255 2437.000
-0.250 2420.000
-0.245 2403.000
-0.240 2385.667
-0.235 2368.000
-0.230 2350.000
-0.225 2332.000
-0.220 2313.333
-0.215 2294.333
-0.210 2275.333
-0.205 2256.000
-0.200 2236.000
-0.195 2216.000
-0.190 2195.333
-0.185 2174.333
-0.180 2153.000
-0.175 2131.000
-0.170 2108.667
-0.165 2085.667
-0.160 2062.333
-0.155 2038.667
-0.150 2014.000
-0.145 1989.000
-0.140 1963.000
-0.135 1936.667
-0.130 1909.333
-0.125 1881.333
-0.120 1852.333
-0.115 1822.667
-0.110 1791.667
-0.105 1759.667
-0.100 1726.750
-0.095 1692.333
-0.090 1656.750
-0.085 1619.500
-0.080 1580.500
-0.075 1540.000
-0.070 1497.250
-0.065 1452.250
-0.060 1405.000
-0.055 1354.600
-0.050 1301.200
-0.045 1244.000
-0.040 1182.667
-0.035 1116.167
-0.030 1043.667
-0.025 963.571
-0.020 874.143
-0.015 772.000
