-3.500 5297.000
-3.495 5293.000
-3.490 5290.000
-3.485 5286.000
-3.480 5283.000
-3.475 5279.000
-3.470 5276.000
-3.465 5272.000
-3.460 5269.000
-3.455 5265.000
-3.450 5262.000
-3.445 5258.000
-3.440 5255.000
-3.435 5251.000
-3.430 5248.000
-3.425 5244.000
-3.420 5241.000
-3.415 5237.000
-3.410 5234.000
-3.405 5230.000
-3.400 5227.000
-3.395 5223.000
-3.390 5219.000
-3.385 5216.000
-3.380 5212.000
-3.375 5209.000
-3.370 5205.000
-3.365 5202.000
-3.360 5198.000
-3.355 5195.000
-3.350 5191.000
-3.345 5187.000
-3.340 5184.000
-3.335 5180.000
-3.330 5177.000
-3.325 5173.000
-3.320 5170.000
-3.315 5166.000
-3.310 5162.000
-3.305 5159.000
-3.300 5155.000
-3.295 5152.000
-3.290 5148.000
-3.285 5144.000
-3.280 5141.000
-3.275 5137.000
-3.270 5134.000
-3.265 5130.000
-3.260 5126.000
-3.255 5123.000
-3.250 5119.000
-3.245 5116.000
-3.240 5112.000
-3.235 5108.000
-3.230 5105.000
-3.225 5101.000
-3.220 5097.000
-3.215 5094.000
-3.210 5090.000
-3.205 5086.000
-3.200 5083.000
-3.195 5079.000
-3.190 5076.000
-3.185 5072.000
-3.180 5068.000
-3.175 5065.000
-3.170 5061.000
-3.165 5057.000
-3.160 5054.000
-3.155 5050.000
-3.150 5046.000
-3.145 5043.000
-3.140 5039.000
-3.135 5035.000
-3.130 5032.000
-3.125 5028.000
-3.120 5024.000
-3.115 5021.000
-3.110 5017.000
-3.105 5013.000
-3.100 5009.000
-3.095 5006.000
-3.090 5002.000
-3.085 4998.000
-3.080 4995.000
-3.075 4991.000
-3.070 4987.000
-3.065 4984.000
-3.060 4980.000
-3.055 4976.000
-3.050 4972.000
-3.045 4969.000
-3.040 4965.000
-3.035 4961.000
-3.030 4957.000
-3.025 4954.000
-3.020 4950.000
-3.015 4946.000
-3.010 4942.000
-3.005 4939.000
-3.000 4935.000
-2.995 4931.000
-2.990 4927.000
-2.985 4924.000
-2.980 4920.000
-2.975 4916.000
-2.970 4912.000
-2.965 4909.000
-2.960 4905.000
-2.955 4901.000
-2.950 4897.000
-2.945 4894.000
-2.940 4890.000
-2.935 4886.000
-2.930 4882.000
-2.925 4878.000
-2.920 4875.000
-2.915 4871.000
-2.910 4867.000
-2.905 4863.000
-2.900 4859.000
-2.895 4856.000
-2.890 4852.000
-2.885 4848.000
-2.880 4844.000
-2.875 4840.000
-2.870 4836.000
-2.865 4833.000
-2.860 4829.000
-2.855 4825.000
-2.850 4821.000
-2.845 4817.000
-2.840 4813.000
-2.835 4810.000
-2.830 4806.000
-2.825 4802.000
-2.820 4798.000
-2.815 4794.000
-2.810 4790.000
-2.805 4787.000
-2.800 4783.000
-2.795 4779.000
-2.790 4775.000
-2.785 4771.000
-2.780 4767.000
-2.775 4763.000
-2.770 4759.000
-2.765 4755.000
-2.760 4752.000
-2.755 4748.000
-2.750 4744.000
-2.745 4740.000
-2.740 4736.000
-2.735 4732.000
-2.730 4728.000
-2.725 4724.000
-2.720 4720.000
-2.715 4716.000
-2.710 4712.000
-2.705 4709.000
-2.700 4705.000
-2.695 4701.000
-2.690 4697.000
-2.685 4693.000
-2.680 4689.000
-2.675 4685.000
-2.670 4681.000
-2.665 4677.000
-2.660 4673.000
-2.655 4669.000
-2.650 4665.000
-2.645 4661.000
-2.640 4657.000
-2.635 4653.000
-2.630 4649.000
-2.625 4645.000
-2.620 4641.000
-2.615 4637.000
-2.610 4633.000
-2.605 4629.000
-2.600 4625.000
-2.595 4621.000
-2.590 4617.000
-2.585 4613.000
-2.580 4609.000
-2.575 4605.000
-2.570 4601.000
-2.565 4597.000
-2.560 4593.000
-2.555 4589.000
-2.550 4585.000
-2.545 4581.000
-2.540 4577.000
-2.535 4573.000
-2.530 4569.000
-2.525 4565.000
-2.520 4561.000
-2.515 4557.000
-2.510 4553.000
-2.505 4549.000
-2.500 4545.000
-2.495 4541.000
-2.490 4537.000
-2.485 4533.000
-2.480 4528.000
-2.475 4524.000
-2.470 4520.000
-2.465 4516.000
-2.460 4512.000
-2.455 4508.000
-2.450 4504.000
-2.445 4500.000
-2.440 4496.000
-2.435 4492.000
-2.430 4487.000
-2.425 4483.000
-2.420 4479.000
-2.415 4475.000
-2.410 4471.000
-2.405 4467.000
-2.400 4463.000
-2.395 4459.000
-2.390 4454.000
-2.385 4450.000
-2.380 4446.000
-2.375 4442.000
-2.370 4438.000
-2.365 4434.000
-2.360 4429.000
-2.355 4425.000
-2.350 4421.000
-2.345 4417.000
-2.340 4413.000
-2.335 4409.000
-2.330 4404.000
-2.325 4400.000
-2.320 4396.000
-2.315 4392.000
-2.310 4388.000
-2.305 4383.000
-2.300 4379.000
-2.295 4375.000
-2.290 4371.000
-2.285 4367.000
-2.280 4362.000
-2.275 4358.000
-2.270 4354.000
-2.265 4350.000
-2.260 4345.000
-2.255 4341.000
-2.250 4337.000
-2.245 4333.000
-2.240 4328.000
-2.235 4324.000
-2.230 4320.000
-2.225 4316.000
-2.220 4311.000
-2.215 4307.000
-2.210 4303.000
-2.205 4298.000
-2.200 4294.000
-2.195 4290.000
-2.190 4286.000
-2.185 4281.000
-2.180 4277.000
-2.175 4273.000
-2.170 4268.000
-2.165 4264.000
-2.160 4260.000
-2.155 4255.000
-2.150 4251.000
-2.145 4247.000
-2.140 4242.000
-2.135 4238.000
-2.130 4234.000
-2.125 4229.000
-2.120 4225.000
-2.115 4220.000
-2.110 4216.000
-2.105 4212.000
-2.100 4207.000
-2.095 4203.000
-2.090 4199.000
-2.085 4194.000
-2.080 4190.000
-2.075 4185.000
-2.070 4181.000
-2.065 4177.000
-2.060 4172.000
-2.055 4168.000
-2.050 4163.000
-2.045 4159.000
-2.040 4154.000
-2.035 4150.000
-2.030 4146.000
-2.025 4141.000
-2.020 4137.000
-2.015 4132.000
-2.010 4128.000
-2.005 4123.000
-2.000 4119.000
-1.995 4114.000
-1.990 4110.000
-1.985 4105.000
-1.980 4101.000
-1.975 4096.000
-1.970 4092.000
-1.965 4087.000
-1.960 4083.000
-1.955 4078.000
-1.950 4074.000
-1.945 4069.000
-1.940 4065.000
-1.935 4060.000
-1.930 4056.000
-1.925 4051.000
-1.920 4047.000
-1.915 4042.000
-1.910 4038.000
-1.905 4033.000
-1.900 4028.000
-1.895 4024.000
-1.890 4019.000
-1.885 4015.000
-1.880 4010.000
-1.875 4006.000
-1.870 4001.000
-1.865 3996.000
-1.860 3992.000
-1.855 3987.000
-1.850 3983.000
-1.845 3978.000
-1.840 3973.000
-1.835 3969.000
-1.830 3964.000
-1.825 3959.000
-1.820 3955.000
-1.815 3950.000
-1.810 3945.000
-1.805 3941.000
-1.800 3936.000
-1.795 3931.000
-1.790 3927.000
-1.785 3922.000
-1.780 3917.000
-1.775 3913.000
-1.770 3908.000
-1.765 3903.000
-1.760 3898.500
-1.755 3894.000
-1.750 3889.000
-1.745 3884.000
-1.740 3880.000
-1.735 3875.000
-1.730 3870.000
-1.725 3865.000
-1.720 3861.000
-1.715 3856.000
-1.710 3851.000
-1.705 3846.000
-1.700 3841.500
-1.695 3837.000
-1.690 3832.000
-1.685 3827.000
-1.680 3822.000
-1.675 3817.500
-1.670 3813.000
-1.665 3808.000
-1.660 3803.000
-1.655 3798.000
-1.650 3793.000
-1.645 3788.500
-1.640 3784.000
-1.635 3779.000
-1.630 3774.000
-1.625 3769.000
-1.620 3764.000
-1.615 3759.000
-1.610 3754.000
-1.605 3749.500
-1.600 3745.000
-1.595 3740.000
-1.590 3735.000
-1.585 3730.000
-1.580 3725.000
-1.575 3720.000
-1.570 3715.000
-1.565 3710.000
-1.560 3705.000
-1.555 3700.000
-1.550 3695.000
-1.545 3690.000
-1.540 3685.000
-1.535 3680.000
-1.530 3675.000
-1.525 3670.000
-1.520 3665.000
-1.515 3660.000
-1.510 3655.000
-1.505 3650.000
-1.500 3645.000
-1.495 3640.000
-1.490 3635.000
-1.485 3630.000
-1.480 3625.000
-1.475 3620.000
-1.470 3615.000
-1.465 3610.000
-1.460 3604.500
-1.455 3599.000
-1.450 3594.000
-1.445 3589.000
-1.440 3584.000
-1.435 3579.000
-1.430 3574.000
-1.425 3569.000
-1.420 3563.500
-1.415 3558.000
-1.410 3553.000
-1.405 3548.000
-1.400 3543.000
-1.395 3537.500
-1.390 3532.000
-1.385 3527.000
-1.380 3522.000
-1.375 3517.000
-1.370 3511.500
-1.365 3506.000
-1.360 3501.000
-1.355 3496.000
-1.350 3490.500
-1.345 3485.000
-1.340 3480.000
-1.335 3475.000
-1.330 3469.000
-1.325 3464.000
-1.320 3459.000
-1.315 3453.000
-1.310 3448.000
-1.305 3443.000
-1.300 3437.000
-1.295 3432.000
-1.290 3426.500
-1.285 3421.000
-1.280 3416.000
-1.275 3410.500
-1.270 3405.000
-1.265 3400.000
-1.260 3394.000
-1.255 3389.000
-1.250 3383.000
-1.245 3378.000
-1.240 3372.500
-1.235 3367.000
-1.230 3361.500
-1.225 3356.000
-1.220 3350.500
-1.215 3345.000
-1.210 3339.500
-1.205 3334.000
-1.200 3328.500
-1.195 3323.000
-1.190 3317.000
-1.185 3312.000
-1.180 3306.000
-1.175 3300.500
-1.170 3295.000
-1.165 3289.500
-1.160 3284.000
-1.155 3278.000
-1.150 3272.500
-1.145 3267.000
-1.140 3261.000
-1.135 3255.500
-1.130 3250.000
-1.125 3244.000
-1.120 3238.500
-1.115 3233.000
-1.110 3227.000
-1.105 3221.000
-1.100 3215.500
-1.095 3210.000
-1.090 3204.000
-1.085 3198.000
-1.080 3192.500
-1.075 3186.500
-1.070 3181.000
-1.065 3175.000
-1.060 3169.000
-1.055 3163.000
-1.050 3157.500
-1.045 3151.500
-1.040 3145.500
-1.035 3140.000
-1.030 3134.000
-1.025 3128.000
-1.020 3122.000
-1.015 3116.000
-1.010 3110.000
-1.005 3104.000
-1.000 3098.000
-0.995 3092.000
-0.990 3086.000
-0.985 3080.000
-0.980 3074.000
-0.975 3068.000
-0.970 3062.000
-0.965 3055.500
-0.960 3049.500
-0.955 3043.500
-0.950 3037.000
-0.945 3031.000
-0.940 3025.000
-0.935 3019.000
-0.930 3012.500
-0.925 3006.500
-0.920 3000.000
-0.915 2994.000
-0.910 2987.500
-0.905 2981.500
-0.900 2975.000
-0.895 2969.000
-0.890 2962.500
-0.885 2956.000
-0.880 2950.000
-0.875 2943.500
-0.870 2937.000
-0.865 2930.500
-0.860 2924.000
-0.855 2918.000
-0.850 2911.000
-0.845 2905.000
-0.840 2898.500
-0.835 2892.000
-0.830 2885.000
-0.825 2878.500
-0.820 2872.000
-0.815 2865.500
-0.810 2859.000
-0.805 2852.500
-0.800 2845.500
-0.795 2839.000
-0.790 2832.500
-0.785 2825.500
-0.780 2819.000
-0.775 2812.000
-0.770 2805.500
-0.765 2798.500
-0.760 2791.500
-0.755 2785.000
-0.750 2778.000
-0.745 2771.000
-0.740 2764.000
-0.735 2757.500
-0.730 2750.500
-0.725 2743.500
-0.720 2736.500
-0.715 2729.500
-0.710 2722.500
-0.705 2715.500
-0.700 2708.000
-0.695 2701.000
-0.690 2694.000
-0.685 2686.500
-0.680 2679.500
-0.675 2672.500
-0.670 2665.000
-0.665 2658.000
-0.660 2650.500
-0.655 2643.000
-0.650 2635.500
-0.645 2628.500
-0.640 2621.000
-0.635 2613.500
-0.630 2606.000
-0.625 2598.500
-0.620 2591.000
-0.615 2583.500
-0.610 2575.500
-0.605 2568.000
-0.600 2560.500
-0.595 2552.500
-0.590 2545.000
-0.585 2537.000
-0.580 2529.500
-0.575 2521.500
-0.570 2513.500
-0.565 2505.500
-0.560 2497.500
-0.555 2489.500
-0.550 2481.500
-0.545 2473.500
-0.540 2465.500
-0.535 2457.000
-0.530 2449.000
-0.525 2440.500
-0.520 2432.500
-0.515 2424.000
-0.510 2415.500
-0.505 2407.000
-0.500 2398.500
-0.495 2390.000
-0.490 2381.500
-0.485 2373.000
-0.480 2364.000
-0.475 2355.500
-0.470 2346.500
-0.465 2338.000
-0.460 2329.000
-0.455 2320.000
-0.450 2311.000
-0.445 2302.000
-0.440 2292.500
-0.435 2283.500
-0.430 2274.000
-0.425 2265.000
-0.420 2255.500
-0.415 2246.000
-0.410 2236.500
-0.405 2227.000
-0.400 2217.000
-0.395 2207.500
-0.390 2197.500
-0.385 2187.500
-0.380 2177.500
-0.375 2167.500
-0.370 2157.500
-0.365 2147.000
-0.360 2136.500
-0.355 2126.500
-0.350 2116.000
-0.345 2105.000
-0.340 2094.500
-0.335 2083.500
-0.330 2072.500
-0.325 2061.500
-0.320 2050.500
-0.315 2039.000
-0.310 2027.500
-0.305 2016.000
-0.300 2004.500
-0.295 1993.000
-0.290 1981.000
-0.285 1969.000
-0.280 1956.500
-0.275 1944.500
-0.270 1932.000
-0.265 1919.000
-0.260 1906.500
-0.255 1893.000
-0.250 1880.000
-0.245 1866.667
-0.240 1853.000
-0.235 1839.333
-0.230 1825.333
-0.225 1811.000
-0.220 1796.667
-0.215 1782.000
-0.210 1767.000
-0.205 1752.000
-0.200 1736.333
-0.195 1720.667
-0.190 1704.667
-0.185 1688.333
-0.180 1671.667
-0.175 1654.667
-0.170 1637.000
-0.165 1619.333
-0.160 1601.000
-0.155 1582.333
-0.150 1563.333
-0.145 1543.667
-0.140 1523.667
-0.135 1503.000
-0.130 1481.667
-0.125 1460.000
-0.120 1437.333
-0.115 1414.000
-0.110 1390.000
-0.105 1365.333
-0.100 1339.333
-0.095 1312.667
-0.090 1284.750
-0.085 1255.750
-0.080 1225.500
-0.075 1193.750
-0.070 1160.500
-0.065 1125.750
-0.060 1088.800
-0.055 1049.600
-0.050 1008.000
-0.045 963.600
-0.040 916.000
-0.035 864.333
-0.030 808.000
-0.025 745.857
-0.020 676.500
-0.015 597.444
