-3.500 7785.000
-3.495 7780.000
-3.490 7775.000
-3.485 7770.000
-3.480 7765.000
-3.475 7760.000
-3.470 7755.000
-3.465 7750.000
-3.460 7745.000
-3.455 7741.000
-3.450 7736.000
-3.445 7731.000
-3.440 7726.000
-3.435 7721.000
-3.430 7716.000
-3.425 7711.000
-3.420 7706.000
-3.415 7701.000
-3.410 7696.000
-3.405 7691.000
-3.400 7686.000
-3.395 7681.000
-3.390 7676.000
-3.385 7671.000
-3.380 7666.000
-3.375 7661.000
-3.370 7656.000
-3.365 7651.000
-3.360 7646.000
-3.355 7641.000
-3.350 7636.000
-3.345 7631.000
-3.340 7626.000
-3.335 7621.000
-3.330 7616.000
-3.325 7611.000
-3.320 7606.000
-3.315 7601.000
-3.310 7596.000
-3.305 7591.000
-3.300 7586.000
-3.295 7581.000
-3.290 7575.000
-3.285 7570.000
-3.280 7565.000
-3.275 7560.000
-3.270 7555.000
-3.265 7550.000
-3.260 7545.000
-3.255 7540.000
-3.250 7535.000
-3.245 7530.000
-3.240 7525.000
-3.235 7519.000
-3.230 7514.000
-3.225 7509.000
-3.220 7504.000
-3.215 7499.000
-3.210 7494.000
-3.205 7489.000
-3.200 7484.000
-3.195 7478.000
-3.190 7473.000
-3.185 7468.000
-3.180 7463.000
-3.175 7458.000
-3.170 7453.000
-3.165 7447.000
-3.160 7442.000
-3.155 7437.000
-3.150 7432.000
-3.145 7427.000
-3.140 7421.000
-3.135 7416.000
-3.130 7411.000
-3.125 7406.000
-3.120 7401.000
-3.115 7395.000
-3.110 7390.000
-3.105 7385.000
-3.100 7380.000
-3.095 7374.000
-3.090 7369.000
-3.085 7364.000
-3.080 7359.000
-3.075 7353.000
-3.070 7348.000
-3.065 7343.000
-3.060 7338.000
-3.055 7332.000
-3.050 7327.000
-3.045 7322.000
-3.040 7316.000
-3.035 7311.000
-3.030 7306.000
-3.025 7301.000
-3.020 7295.000
-3.015 7290.000
-3.010 7285.000
-3.005 7279.000
-3.000 7274.000
-2.995 7269.000
-2.990 7263.000
-2.985 7258.000
-2.980 7253.000
-2.975 7247.000
-2.970 7242.000
-2.965 7237.000
-2.960 7231.000
-2.955 7226.000
-2.950 7220.000
-2.945 7215.000
-2.940 7210.000
-2.935 7204.000
-2.930 7199.000
-2.925 7193.000
-2.920 7188.000
-2.915 7183.000
-2.910 7177.000
-2.905 7172.000
-2.900 7166.000
-2.895 7161.000
-2.890 7156.000
-2.885 7150.000
-2.880 7145.000
-2.875 7139.000
-2.870 7134.000
-2.865 7128.000
-2.860 7123.000
-2.855 7117.000
-2.850 7112.000
-2.845 7106.000
-2.840 7101.000
-2.835 7095.000
-2.830 7090.000
-2.825 7084.000
-2.820 7079.000
-2.815 7073.000
-2.810 7068.000
-2.805 7062.000
-2.800 7057.000
-2.795 7051.000
-2.790 7046.000
-2.785 7040.000
-2.780 7035.000
-2.775 7029.000
-2.770 7024.000
-2.765 7018.000
-2.760 7012.000
-2.755 7007.000
-2.750 7001.000
-2.745 6996.000
-2.740 6990.000
-2.735 6985.000
-2.730 6979.000
-2.725 6973.000
-2.720 6968.000
-2.715 6962.000
-2.710 6957.000
-2.705 6951.000
-2.700 6945.000
-2.695 6940.000
-2.690 6934.000
-2.685 6928.000
-2.680 6923.000
-2.675 6917.000
-2.670 6911.000
-2.665 6906.000
-2.660 6900.000
-2.655 6894.000
-2.650 6889.000
-2.645 6883.000
-2.640 6877.000
-2.635 6872.000
-2.630 6866.000
-2.625 6860.000
-2.620 6854.000
-2.615 6849.000
-2.610 6843.000
-2.605 6837.000
-2.600 6832.000
-2.595 6826.000
-2.590 6820.000
-2.585 6814.000
-2.580 6809.000
-2.575 6803.000
-2.570 6797.000
-2.565 6791.000
-2.560 6785.000
-2.555 6780.000
-2.550 6774.000
-2.545 6768.000
-2.540 6762.000
-2.535 6757.000
-2.530 6751.000
-2.525 6745.000
-2.520 6739.000
-2.515 6733.000
-2.510 6727.000
-2.505 6722.000
-2.500 6716.000
-2.495 6710.000
-2.490 6704.000
-2.485 6698.000
-2.480 6692.000
-2.475 6686.000
-2.470 6680.000
-2.465 6675.000
-2.460 6669.000
-2.455 6663.000
-2.450 6657.000
-2.445 6651.000
-2.440 6645.000
-2.435 6639.000
-2.430 6633.000
-2.425 6627.000
-2.420 6621.000
-2.415 6615.000
-2.410 6609.000
-2.405 6603.000
-2.400 6597.000
-2.395 6591.000
-2.390 6586.000
-2.385 6580.000
-2.380 6574.000
-2.375 6568.000
-2.370 6562.000
-2.365 6556.000
-2.360 6550.000
-2.355 6543.000
-2.350 6537.000
-2.345 6531.000
-2.340 6525.000
-2.335 6519.000
-2.330 6513.000
-2.325 6507.000
-2.320 6501.000
-2.315 6495.000
-2.310 6489.000
-2.305 6483.000
-2.300 6477.000
-2.295 6471.000
-2.290 6465.000
-2.285 6459.000
-2.280 6452.000
-2.275 6446.000
-2.270 6440.000
-2.265 6434.000
-2.260 6428.000
-2.255 6422.000
-2.250 6416.000
-2.245 6409.000
-2.240 6403.000
-2.235 6397.000
-2.230 6391.000
-2.225 6385.000
-2.220 6378.000
-2.215 6372.000
-2.210 6366.000
-2.205 6360.000
-2.200 6354.000
-2.195 6347.000
-2.190 6341.000
-2.185 6335.000
-2.180 6329.000
-2.175 6322.000
-2.170 6316.000
-2.165 6310.000
-2.160 6304.000
-2.155 6297.000
-2.150 6291.000
-2.145 6285.000
-2.140 6278.000
-2.135 6272.000
-2.130 6266.000
-2.125 6260.000
-2.120 6253.000
-2.115 6247.000
-2.110 6241.000
-2.105 6234.000
-2.100 6228.000
-2.095 6221.000
-2.090 6215.000
-2.085 6209.000
-2.080 6202.000
-2.075 6196.000
-2.070 6190.000
-2.065 6183.000
-2.060 6177.000
-2.055 6170.000
-2.050 6164.000
-2.045 6157.000
-2.040 6151.000
-2.035 6145.000
-2.030 6138.000
-2.025 6132.000
-2.020 6125.000
-2.015 6119.000
-2.010 6112.000
-2.005 6106.000
-2.000 6099.000
-1.995 6093.000
-1.990 6086.000
-1.985 6080.000
-1.980 6073.000
-1.975 6067.000
-1.970 6060.000
-1.965 6053.000
-1.960 6047.000
-1.955 6040.000
-1.950 6034.000
-1.945 6027.000
-1.940 6021.000
-1.935 6014.000
-1.930 6007.000
-1.925 6001.000
-1.920 5994.000
-1.915 5987.000
-1.910 5981.000
-1.905 5974.000
-1.900 5967.000
-1.895 5961.000
-1.890 5954.000
-1.885 5947.000
-1.880 5941.000
-1.875 5934.000
-1.870 5927.000
-1.865 5921.000
-1.860 5914.000
-1.855 5907.000
-1.850 5900.000
-1.845 5894.000
-1.840 5887.000
-1.835 5880.000
-1.830 5873.000
-1.825 5867.000
-1.820 5860.000
-1.815 5853.000
-1.810 5846.000
-1.805 5839.000
-1.800 5833.000
-1.795 5826.000
-1.790 5819.000
-1.785 5812.000
-1.780 5805.000
-1.775 5798.000
-1.770 5792.000
-1.765 5785.000
-1.760 5778.000
-1.755 5771.000
-1.750 5764.000
-1.745 5757.000
-1.740 5750.000
-1.735 5743.000
-1.730 5736.000
-1.725 5729.000
-1.720 5722.000
-1.715 5715.000
-1.710 5708.000
-1.705 5701.000
-1.700 5694.000
-1.695 5687.000
-1.690 5680.000
-1.685 5673.000
-1.680 5666.000
-1.675 5659.000
-1.670 5652.000
-1.665 5645.000
-1.660 5638.000
-1.655 5631.000
-1.650 5624.000
-1.645 5617.000
-1.640 5610.000
-1.635 5603.000
-1.630 5595.000
-1.625 5588.000
-1.620 5581.000
-1.615 5574.000
-1.610 5567.000
-1.605 5560.000
-1.600 5552.000
-1.595 5545.000
-1.590 5538.000
-1.585 5531.000
-1.580 5524.000
-1.575 5516.000
-1.570 5509.000
-1.565 5502.000
-1.560 5495.000
-1.555 5487.000
-1.550 5480.000
-1.545 5473.000
-1.540 5465.000
-1.535 5458.000
-1.530 5451.000
-1.525 5443.000
-1.520 5436.000
-1.515 5429.000
-1.510 5421.000
-1.505 5414.000
-1.500 5407.000
-1.495 5399.000
-1.490 5392.000
-1.485 5384.000
-1.480 5377.000
-1.475 5369.500
-1.470 5362.000
-1.465 5354.500
-1.460 5347.000
-1.455 5339.500
-1.450 5332.000
-1.445 5324.500
-1.440 5317.000
-1.435 5309.500
-1.430 5302.000
-1.425 5294.000
-1.420 5287.000
-1.415 5279.000
-1.410 5271.500
-1.405 5264.000
-1.400 5256.000
-1.395 5249.000
-1.390 5241.000
-1.385 5233.000
-1.380 5226.000
-1.375 5218.000
-1.370 5210.000
-1.365 5203.000
-1.360 5195.000
-1.355 5187.000
-1.350 5179.500
-1.345 5172.000
-1.340 5164.000
-1.335 5156.000
-1.330 5148.000
-1.325 5140.500
-1.320 5133.000
-1.315 5125.000
-1.310 5117.000
-1.305 5109.000
-1.300 5101.000
-1.295 5093.500
-1.290 5085.500
-1.285 5078.000
-1.280 5070.000
-1.275 5062.000
-1.270 5054.000
-1.265 5046.000
-1.260 5038.000
-1.255 5030.000
-1.250 5022.000
-1.245 5014.000
-1.240 5006.000
-1.235 4998.000
-1.230 4990.000
-1.225 4981.500
-1.220 4973.500
-1.215 4965.500
-1.210 4957.000
-1.205 4949.000
-1.200 4941.000
-1.195 4933.000
-1.190 4924.500
-1.185 4916.500
-1.180 4908.000
-1.175 4900.000
-1.170 4892.000
-1.165 4883.500
-1.160 4875.000
-1.155 4867.000
-1.150 4858.500
-1.145 4850.000
-1.140 4842.000
-1.135 4833.500
-1.130 4825.000
-1.125 4817.000
-1.120 4808.500
-1.115 4800.000
-1.110 4791.500
-1.105 4783.000
-1.100 4774.500
-1.095 4766.000
-1.090 4757.500
-1.085 4749.000
-1.080 4740.500
-1.075 4732.000
-1.070 4723.500
-1.065 4715.000
-1.060 4706.000
-1.055 4697.500
-1.050 4689.000
-1.045 4680.000
-1.040 4671.500
-1.035 4663.000
-1.030 4654.000
-1.025 4645.000
-1.020 4636.500
-1.015 4628.000
-1.010 4619.000
-1.005 4610.000
-1.000 4601.000
-0.995 4592.500
-0.990 4583.500
-0.985 4574.500
-0.980 4565.500
-0.975 4557.000
-0.970 4548.000
-0.965 4539.000
-0.960 4530.000
-0.955 4521.000
-0.950 4511.500
-0.945 4502.500
-0.940 4493.500
-0.935 4484.500
-0.930 4475.000
-0.925 4466.000
-0.920 4457.000
-0.915 4447.500
-0.910 4438.500
-0.905 4429.000
-0.900 4420.000
-0.895 4410.500
-0.890 4401.000
-0.885 4392.000
-0.880 4382.500
-0.875 4373.000
-0.870 4363.500
-0.865 4354.000
-0.860 4344.500
-0.855 4335.000
-0.850 4325.500
-0.845 4316.000
-0.840 4306.500
-0.835 4297.000
-0.830 4287.000
-0.825 4277.500
-0.820 4268.000
-0.815 4258.000
-0.810 4248.500
-0.805 4238.500
-0.800 4228.500
-0.795 4219.000
-0.790 4209.000
-0.785 4199.000
-0.780 4189.000
-0.775 4179.000
-0.770 4169.000
-0.765 4159.000
-0.760 4149.000
-0.755 4139.000
-0.750 4129.000
-0.745 4118.500
-0.740 4108.500
-0.735 4098.000
-0.730 4088.000
-0.725 4077.500
-0.720 4067.000
-0.715 4057.000
-0.710 4046.500
-0.705 4036.000
-0.700 4025.500
-0.695 4015.000
-0.690 4004.500
-0.685 3994.000
-0.680 3983.000
-0.675 3972.500
-0.670 3962.000
-0.665 3951.000
-0.660 3940.000
-0.655 3929.500
-0.650 3918.500
-0.645 3907.500
-0.640 3896.500
-0.635 3885.500
-0.630 3874.500
-0.625 3863.500
-0.620 3852.000
-0.615 3841.000
-0.610 3829.500
-0.605 3818.500
-0.600 3807.000
-0.595 3795.500
-0.590 3784.000
-0.585 3772.500
-0.580 3761.000
-0.575 3749.500
-0.570 3738.000
-0.565 3726.000
-0.560 3714.000
-0.555 3702.500
-0.550 3690.500
-0.545 3678.500
-0.540 3666.500
-0.535 3654.500
-0.530 3642.000
-0.525 3630.000
-0.520 3617.500
-0.515 3605.500
-0.510 3593.000
-0.505 3580.500
-0.500 3568.000
-0.495 3555.500
-0.490 3542.500
-0.485 3530.000
-0.480 3517.000
-0.475 3504.000
-0.470 3491.000
-0.465 3478.000
-0.460 3465.000
-0.455 3451.500
-0.450 3438.000
-0.445 3424.500
-0.440 3411.000
-0.435 3397.500
-0.430 3384.000
-0.425 3370.000
-0.420 3356.000
-0.415 3342.000
-0.410 3328.000
-0.405 3314.000
-0.400 3299.500
-0.395 3285.000
-0.390 3270.500
-0.385 3256.000
-0.380 3241.000
-0.375 3226.000
-0.370 3211.000
-0.365 3196.000
-0.360 3180.500
-0.355 3165.500
-0.350 3149.500
-0.345 3134.000
-0.340 3118.000
-0.335 3102.000
-0.330 3086.000
-0.325 3069.500
-0.320 3053.000
-0.315 3036.500
-0.310 3019.500
-0.305 3002.500
-0.300 2985.500
-0.295 2968.000
-0.290 2950.500
-0.285 2932.500
-0.280 2914.500
-0.275 2896.000
-0.270 2877.500
-0.265 2859.000
-0.260 2840.000
-0.255 2821.000
-0.250 2801.333
-0.245 2781.667
-0.240 2761.500
-0.235 2741.000
-0.230 2720.333
-0.225 2699.333
-0.220 2678.000
-0.215 2656.333
-0.210 2634.333
-0.205 2612.000
-0.200 2589.000
-0.195 2566.000
-0.190 2542.000
-0.185 2518.000
-0.180 2493.333
-0.175 2468.000
-0.170 2442.333
-0.165 2416.000
-0.160 2389.333
-0.155 2361.667
-0.150 2333.333
-0.145 2304.667
-0.140 2274.667
-0.135 2244.333
-0.130 2213.000
-0.125 2180.667
-0.120 2147.333
-0.115 2113.000
-0.110 2077.333
-0.105 2040.500
-0.100 2002.500
-0.095 1962.667
-0.090 1921.750
-0.085 1878.750
-0.080 1834.000
-0.075 1787.000
-0.070 1737.750
-0.065 1686.000
-0.060 1631.200
-0.055 1573.200
-0.050 1511.400
-0.045 1445.400
-0.040 1374.333
-0.035 1297.333
-0.030 1213.333
-0.025 1120.571
-0.020 1016.714
-0.015 898.111
