-3.500 4997.000
-3.495 4994.000
-3.490 4991.000
-3.485 4988.000
-3.480 4984.000
-3.475 4981.000
-3.470 4978.000
-3.465 4974.000
-3.460 4971.000
-3.455 4968.000
-3.450 4964.000
-3.445 4961.000
-3.440 4958.000
-3.435 4954.000
-3.430 4951.000
-3.425 4948.000
-3.420 4944.000
-3.415 4941.000
-3.410 4938.000
-3.405 4934.000
-3.400 4931.000
-3.395 4928.000
-3.390 4924.000
-3.385 4921.000
-3.380 4917.000
-3.375 4914.000
-3.370 4911.000
-3.365 4907.000
-3.360 4904.000
-3.355 4901.000
-3.350 4897.000
-3.345 4894.000
-3.340 4891.000
-3.335 4887.000
-3.330 4884.000
-3.325 4880.000
-3.320 4877.000
-3.315 4874.000
-3.310 4870.000
-3.305 4867.000
-3.300 4863.000
-3.295 4860.000
-3.290 4857.000
-3.285 4853.000
-3.280 4850.000
-3.275 4846.000
-3.270 4843.000
-3.265 4840.000
-3.260 4836.000
-3.255 4833.000
-3.250 4829.000
-3.245 4826.000
-3.240 4822.000
-3.235 4819.000
-3.230 4816.000
-3.225 4812.000
-3.220 4809.000
-3.215 4805.000
-3.210 4802.000
-3.205 4798.000
-3.200 4795.000
-3.195 4792.000
-3.190 4788.000
-3.185 4785.000
-3.180 4781.000
-3.175 4778.000
-3.170 4774.000
-3.165 4771.000
-3.160 4767.000
-3.155 4764.000
-3.150 4760.000
-3.145 4757.000
-3.140 4754.000
-3.135 4750.000
-3.130 4747.000
-3.125 4743.000
-3.120 4740.000
-3.115 4736.000
-3.110 4733.000
-3.105 4729.000
-3.100 4726.000
-3.095 4722.000
-3.090 4719.000
-3.085 4715.000
-3.080 4712.000
-3.075 4708.000
-3.070 4705.000
-3.065 4701.000
-3.060 4698.000
-3.055 4694.000
-3.050 4691.000
-3.045 4687.000
-3.040 4684.000
-3.035 4680.000
-3.030 4676.000
-3.025 4673.000
-3.020 4669.000
-3.015 4666.000
-3.010 4662.000
-3.005 4659.000
-3.000 4655.000
-2.995 4652.000
-2.990 4648.000
-2.985 4645.000
-2.980 4641.000
-2.975 4637.000
-2.970 4634.000
-2.965 4630.000
-2.960 4627.000
-2.955 4623.000
-2.950 4620.000
-2.945 4616.000
-2.940 4612.000
-2.935 4609.000
-2.930 4605.000
-2.925 4602.000
-2.920 4598.000
-2.915 4595.000
-2.910 4591.000
-2.905 4587.000
-2.900 4584.000
-2.895 4580.000
-2.890 4577.000
-2.885 4573.000
-2.880 4569.000
-2.875 4566.000
-2.870 4562.000
-2.865 4559.000
-2.860 4555.000
-2.855 4551.000
-2.850 4548.000
-2.845 4544.000
-2.840 4540.000
-2.835 4537.000
-2.830 4533.000
-2.825 4529.000
-2.820 4526.000
-2.815 4522.000
-2.810 4519.000
-2.805 4515.000
-2.800 4511.000
-2.795 4508.000
-2.790 4504.000
-2.785 4500.000
-2.780 4497.000
-2.775 4493.000
-2.770 4489.000
-2.765 4486.000
-2.760 4482.000
-2.755 4478.000
-2.750 4475.000
-2.745 4471.000
-2.740 4467.000
-2.735 4463.000
-2.730 4460.000
-2.725 4456.000
-2.720 4452.000
-2.715 4449.000
-2.710 4445.000
-2.705 4441.000
-2.700 4438.000
-2.695 4434.000
-2.690 4430.000
-2.685 4426.000
-2.680 4423.000
-2.675 4419.000
-2.670 4415.000
-2.665 4411.000
-2.660 4408.000
-2.655 4404.000
-2.650 4400.000
-2.645 4397.000
-2.640 4393.000
-2.635 4389.000
-2.630 4385.000
-2.625 4381.000
-2.620 4378.000
-2.615 4374.000
-2.610 4370.000
-2.605 4366.000
-2.600 4363.000
-2.595 4359.000
-2.590 4355.000
-2.585 4351.000
-2.580 4348.000
-2.575 4344.000
-2.570 4340.000
-2.565 4336.000
-2.560 4332.000
-2.555 4329.000
-2.550 4325.000
-2.545 4321.000
-2.540 4317.000
-2.535 4313.000
-2.530 4309.000
-2.525 4306.000
-2.520 4302.000
-2.515 4298.000
-2.510 4294.000
-2.505 4290.000
-2.500 4286.000
-2.495 4283.000
-2.490 4279.000
-2.485 4275.000
-2.480 4271.000
-2.475 4267.000
-2.470 4263.000
-2.465 4260.000
-2.460 4256.000
-2.455 4252.000
-2.450 4248.000
-2.445 4244.000
-2.440 4240.000
-2.435 4236.000
-2.430 4232.000
-2.425 4229.000
-2.420 4225.000
-2.415 4221.000
-2.410 4217.000
-2.405 4213.000
-2.400 4209.000
-2.395 4205.000
-2.390 4201.000
-2.385 4197.000
-2.380 4193.000
-2.375 4189.000
-2.370 4185.000
-2.365 4182.000
-2.360 4178.000
-2.355 4174.000
-2.350 4170.000
-2.345 4166.000
-2.340 4162.000
-2.335 4158.000
-2.330 4154.000
-2.325 4150.000
-2.320 4146.000
-2.315 4142.000
-2.310 4138.000
-2.305 4134.000
-2.300 4130.000
-2.295 4126.000
-2.290 4122.000
-2.285 4118.000
-2.280 4114.000
-2.275 4110.000
-2.270 4106.000
-2.265 4102.000
-2.260 4098.000
-2.255 4094.000
-2.250 4090.000
-2.245 4086.000
-2.240 4082.000
-2.235 4078.000
-2.230 4074.000
-2.225 4070.000
-2.220 4066.000
-2.215 4062.000
-2.210 4058.000
-2.205 4054.000
-2.200 4050.000
-2.195 4046.000
-2.190 4042.000
-2.185 4038.000
-2.180 4034.000
-2.175 4029.000
-2.170 4025.000
-2.165 4021.000
-2.160 4017.000
-2.155 4013.000
-2.150 4009.000
-2.145 4005.000
-2.140 4001.000
-2.135 3997.000
-2.130 3993.000
-2.125 3989.000
-2.120 3984.000
-2.115 3980.000
-2.110 3976.000
-2.105 3972.000
-2.100 3968.000
-2.095 3964.000
-2.090 3960.000
-2.085 3955.000
-2.080 3951.000
-2.075 3947.000
-2.070 3943.000
-2.065 3939.000
-2.060 3935.000
-2.055 3931.000
-2.050 3926.000
-2.045 3922.000
-2.040 3918.000
-2.035 3914.000
-2.030 3910.000
-2.025 3905.000
-2.020 3901.000
-2.015 3897.000
-2.010 3893.000
-2.005 3889.000
-2.000 3884.000
-1.995 3880.000
-1.990 3876.000
-1.985 3872.000
-1.980 3867.000
-1.975 3863.000
-1.970 3859.000
-1.965 3855.000
-1.960 3850.000
-1.955 3846.000
-1.950 3842.000
-1.945 3838.000
-1.940 3833.000
-1.935 3829.000
-1.930 3825.000
-1.925 3821.000
-1.920 3816.000
-1.915 3812.000
-1.910 3808.000
-1.905 3803.000
-1.900 3799.000
-1.895 3795.000
-1.890 3790.000
-1.885 3786.000
-1.880 3782.000
-1.875 3777.000
-1.870 3773.000
-1.865 3769.000
-1.860 3764.000
-1.855 3760.000
-1.850 3756.000
-1.845 3751.000
-1.840 3747.000
-1.835 3743.000
-1.830 3738.000
-1.825 3734.000
-1.820 3729.000
-1.815 3725.000
-1.810 3721.000
-1.805 3716.000
-1.800 3712.000
-1.795 3707.000
-1.790 3703.000
-1.785 3699.000
-1.780 3694.000
-1.775 3690.000
-1.770 3685.000
-1.765 3681.000
-1.760 3676.000
-1.755 3672.000
-1.750 3667.000
-1.745 3663.000
-1.740 3658.500
-1.735 3654.000
-1.730 3650.000
-1.725 3645.000
-1.720 3641.000
-1.715 3636.000
-1.710 3632.000
-1.705 3627.000
-1.700 3623.000
-1.695 3618.000
-1.690 3613.500
-1.685 3609.000
-1.680 3604.000
-1.675 3600.000
-1.670 3595.000
-1.665 3591.000
-1.660 3586.000
-1.655 3582.000
-1.650 3577.000
-1.645 3572.500
-1.640 3568.000
-1.635 3563.000
-1.630 3559.000
-1.625 3554.000
-1.620 3550.000
-1.615 3545.000
-1.610 3540.000
-1.605 3536.000
-1.600 3531.000
-1.595 3526.000
-1.590 3522.000
-1.585 3517.000
-1.580 3512.500
-1.575 3508.000
-1.570 3503.000
-1.565 3498.500
-1.560 3494.000
-1.555 3489.000
-1.550 3484.500
-1.545 3480.000
-1.540 3475.000
-1.535 3470.000
-1.530 3466.000
-1.525 3461.000
-1.520 3456.000
-1.515 3451.500
-1.510 3447.000
-1.505 3442.000
-1.500 3437.000
-1.495 3432.500
-1.490 3428.000
-1.485 3423.000
-1.480 3418.000
-1.475 3413.000
-1.470 3408.500
-1.465 3404.000
-1.460 3399.000
-1.455 3394.000
-1.450 3389.000
-1.445 3384.500
-1.440 3380.000
-1.435 3375.000
-1.430 3370.000
-1.425 3365.000
-1.420 3360.000
-1.415 3355.000
-1.410 3350.500
-1.405 3345.500
-1.400 3341.000
-1.395 3336.000
-1.390 3331.000
-1.385 3326.000
-1.380 3321.000
-1.375 3316.000
-1.370 3311.000
-1.365 3306.000
-1.360 3301.000
-1.355 3296.000
-1.350 3291.000
-1.345 3286.000
-1.340 3281.000
-1.335 3276.000
-1.330 3271.000
-1.325 3266.000
-1.320 3261.000
-1.315 3256.000
-1.310 3251.000
-1.305 3246.000
-1.300 3241.000
-1.295 3236.000
-1.290 3231.000
-1.285 3226.000
-1.280 3221.000
-1.275 3216.000
-1.270 3211.000
-1.265 3205.500
-1.260 3200.500
-1.255 3195.500
-1.250 3190.000
-1.245 3185.000
-1.240 3180.000
-1.235 3175.000
-1.230 3169.500
-1.225 3164.500
-1.220 3159.000
-1.215 3154.000
-1.210 3149.000
-1.205 3144.000
-1.200 3138.500
-1.195 3133.000
-1.190 3128.000
-1.185 3123.000
-1.180 3117.500
-1.175 3112.000
-1.170 3107.000
-1.165 3101.500
-1.160 3096.000
-1.155 3091.000
-1.150 3086.000
-1.145 3080.500
-1.140 3075.000
-1.135 3070.000
-1.130 3064.000
-1.125 3059.000
-1.120 3053.500
-1.115 3048.000
-1.110 3043.000
-1.105 3037.500
-1.100 3032.000
-1.095 3026.500
-1.090 3021.000
-1.085 3015.500
-1.080 3010.000
-1.075 3004.500
-1.070 2999.000
-1.065 2993.500
-1.060 2988.000
-1.055 2982.500
-1.050 2977.000
-1.045 2971.500
-1.040 2966.000
-1.035 2960.500
-1.030 2955.000
-1.025 2949.000
-1.020 2943.500
-1.015 2938.000
-1.010 2932.500
-1.005 2927.000
-1.000 2921.000
-0.995 2915.500
-0.990 2910.000
-0.985 2904.000
-0.980 2898.500
-0.975 2892.500
-0.970 2887.000
-0.965 2881.000
-0.960 2875.500
-0.955 2869.500
-0.950 2864.000
-0.945 2858.000
-0.940 2852.000
-0.935 2846.500
-0.930 2840.500
-0.925 2834.500
-0.920 2829.000
-0.915 2823.000
-0.910 2817.000
-0.905 2811.000
-0.900 2805.000
-0.895 2799.000
-0.890 2793.000
-0.885 2787.000
-0.880 2781.000
-0.875 2775.000
-0.870 2769.000
-0.865 2763.000
-0.860 2757.000
-0.855 2751.000
-0.850 2745.000
-0.845 2739.000
-0.840 2732.500
-0.835 2726.500
-0.830 2720.500
-0.825 2714.000
-0.820 2708.000
-0.815 2702.000
-0.810 2695.500
-0.805 2689.500
-0.800 2683.000
-0.795 2677.000
-0.790 2670.500
-0.785 2664.000
-0.780 2658.000
-0.775 2651.500
-0.770 2645.000
-0.765 2638.500
-0.760 2632.000
-0.755 2626.000
-0.750 2619.500
-0.745 2613.000
-0.740 2606.500
-0.735 2600.000
-0.730 2593.000
-0.725 2586.500
-0.720 2580.000
-0.715 2573.500
-0.710 2567.000
-0.705 2560.000
-0.700 2553.500
-0.695 2546.500
-0.690 2540.000
-0.685 2533.000
-0.680 2526.500
-0.675 2519.500
-0.670 2512.500
-0.665 2506.000
-0.660 2499.000
-0.655 2492.000
-0.650 2485.000
-0.645 2478.000
-0.640 2471.000
-0.635 2464.000
-0.630 2457.000
-0.625 2450.000
-0.620 2443.000
-0.615 2435.500
-0.610 2428.500
-0.605 2421.000
-0.600 2414.000
-0.595 2406.500
-0.590 2399.500
-0.585 2392.000
-0.580 2384.500
-0.575 2377.500
-0.570 2370.000
-0.565 2362.500
-0.560 2355.000
-0.555 2347.500
-0.550 2339.500
-0.545 2332.000
-0.540 2324.500
-0.535 2316.500
-0.530 2309.000
-0.525 2301.000
-0.520 2293.500
-0.515 2285.500
-0.510 2277.500
-0.505 2269.500
-0.500 2261.500
-0.495 2253.500
-0.490 2245.500
-0.485 2237.000
-0.480 2229.000
-0.475 2220.500
-0.470 2212.500
-0.465 2204.000
-0.460 2195.500
-0.455 2187.000
-0.450 2178.500
-0.445 2170.000
-0.440 2161.500
-0.435 2153.000
-0.430 2144.000
-0.425 2135.500
-0.420 2126.500
-0.415 2117.500
-0.410 2108.500
-0.405 2099.500
-0.400 2090.500
-0.395 2081.000
-0.390 2072.000
-0.385 2062.500
-0.380 2053.000
-0.375 2043.500
-0.370 2034.000
-0.365 2024.000
-0.360 2014.500
-0.355 2004.500
-0.350 1994.500
-0.345 1984.500
-0.340 1974.500
-0.335 1964.500
-0.330 1954.000
-0.325 1943.500
-0.320 1933.000
-0.315 1922.500
-0.310 1911.500
-0.305 1901.000
-0.300 1890.000
-0.295 1878.500
-0.290 1867.500
-0.285 1856.000
-0.280 1844.500
-0.275 1833.000
-0.270 1821.000
-0.265 1809.000
-0.260 1797.000
-0.255 1785.000
-0.250 1772.333
-0.245 1760.000
-0.240 1747.000
-0.235 1734.000
-0.230 1721.000
-0.225 1707.333
-0.220 1694.000
-0.215 1680.000
-0.210 1666.000
-0.205 1651.667
-0.200 1637.000
-0.195 1622.000
-0.190 1607.000
-0.185 1591.667
-0.180 1575.667
-0.175 1559.667
-0.170 1543.333
-0.165 1526.333
-0.160 1509.333
-0.155 1491.667
-0.150 1473.667
-0.145 1455.333
-0.140 1436.333
-0.135 1416.667
-0.130 1396.667
-0.125 1376.000
-0.120 1355.000
-0.115 1333.000
-0.110 1310.250
-0.105 1286.667
-0.100 1262.500
-0.095 1237.250
-0.090 1211.000
-0.085 1183.750
-0.080 1155.000
-0.075 1125.250
-0.070 1094.000
-0.065 1061.000
-0.060 1026.000
-0.055 989.200
-0.050 950.000
-0.045 908.200
-0.040 863.167
-0.035 814.500
-0.030 761.333
-0.025 702.857
-0.020 637.429
-0.015 563.000
