-3.500 8078.000
-3.495 8073.000
-3.490 8067.000
-3.485 8062.000
-3.480 8057.000
-3.475 8051.000
-3.470 8046.000
-3.465 8040.000
-3.460 8035.000
-3.455 8030.000
-3.450 8024.000
-3.445 8019.000
-3.440 8013.000
-3.435 8008.000
-3.430 8003.000
-3.425 7997.000
-3.420 7992.000
-3.415 7986.000
-3.410 7981.000
-3.405 7976.000
-3.400 7970.000
-3.395 7965.000
-3.390 7959.000
-3.385 7954.000
-3.380 7948.000
-3.375 7943.000
-3.370 7938.000
-3.365 7932.000
-3.360 7927.000
-3.355 7921.000
-3.350 7916.000
-3.345 7910.000
-3.340 7905.000
-3.335 7900.000
-3.330 7894.000
-3.325 7889.000
-3.320 7884.000
-3.315 7879.000
-3.310 7874.000
-3.305 7868.000
-3.300 7863.000
-3.295 7858.000
-3.290 7853.000
-3.285 7848.000
-3.280 7842.000
-3.275 7837.000
-3.270 7832.000
-3.265 7827.000
-3.260 7821.000
-3.255 7816.000
-3.250 7811.000
-3.245 7806.000
-3.240 7800.000
-3.235 7795.000
-3.230 7790.000
-3.225 7785.000
-3.220 7779.000
-3.215 7774.000
-3.210 7769.000
-3.205 7763.000
-3.200 7758.000
-3.195 7753.000
-3.190 7748.000
-3.185 7742.000
-3.180 7737.000
-3.175 7732.000
-3.170 7726.000
-3.165 7721.000
-3.160 7716.000
-3.155 7710.000
-3.150 7705.000
-3.145 7700.000
-3.140 7694.000
-3.135 7689.000
-3.130 7684.000
-3.125 7678.000
-3.120 7673.000
-3.115 7668.000
-3.110 7662.000
-3.105 7657.000
-3.100 7651.000
-3.095 7646.000
-3.090 7641.000
-3.085 7635.000
-3.080 7630.000
-3.075 7624.000
-3.070 7619.000
-3.065 7614.000
-3.060 7608.000
-3.055 7603.000
-3.050 7597.000
-3.045 7592.000
-3.040 7586.000
-3.035 7581.000
-3.030 7575.000
-3.025 7570.000
-3.020 7564.000
-3.015 7559.000
-3.010 7554.000
-3.005 7548.000
-3.000 7543.000
-2.995 7537.000
-2.990 7532.000
-2.985 7526.000
-2.980 7521.000
-2.975 7515.000
-2.970 7510.000
-2.965 7504.000
-2.960 7499.000
-2.955 7493.000
-2.950 7487.000
-2.945 7482.000
-2.940 7476.000
-2.935 7471.000
-2.930 7465.000
-2.925 7460.000
-2.920 7454.000
-2.915 7449.000
-2.910 7443.000
-2.905 7437.000
-2.900 7432.000
-2.895 7426.000
-2.890 7421.000
-2.885 7415.000
-2.880 7409.000
-2.875 7404.000
-2.870 7398.000
-2.865 7393.000
-2.860 7387.000
-2.855 7381.000
-2.850 7376.000
-2.845 7370.000
-2.840 7364.000
-2.835 7359.000
-2.830 7353.000
-2.825 7347.000
-2.820 7342.000
-2.815 7336.000
-2.810 7330.000
-2.805 7325.000
-2.800 7319.000
-2.795 7313.000
-2.790 7308.000
-2.785 7302.000
-2.780 7296.000
-2.775 7290.000
-2.770 7285.000
-2.765 7279.000
-2.760 7273.000
-2.755 7267.000
-2.750 7262.000
-2.745 7256.000
-2.740 7250.000
-2.735 7244.000
-2.730 7239.000
-2.725 7233.000
-2.720 7227.000
-2.715 7221.000
-2.710 7216.000
-2.705 7210.000
-2.700 7204.000
-2.695 7198.000
-2.690 7192.000
-2.685 7186.000
-2.680 7181.000
-2.675 7175.000
-2.670 7169.000
-2.665 7163.000
-2.660 7157.000
-2.655 7151.000
-2.650 7146.000
-2.645 7140.000
-2.640 7134.000
-2.635 7128.000
-2.630 7122.000
-2.625 7116.000
-2.620 7110.000
-2.615 7104.000
-2.610 7098.000
-2.605 7093.000
-2.600 7087.000
-2.595 7081.000
-2.590 7075.000
-2.585 7069.000
-2.580 7063.000
-2.575 7057.000
-2.570 7051.000
-2.565 7045.000
-2.560 7039.000
-2.555 7033.000
-2.550 7027.000
-2.545 7021.000
-2.540 7015.000
-2.535 7009.000
-2.530 7003.000
-2.525 6997.000
-2.520 6991.000
-2.515 6985.000
-2.510 6979.000
-2.505 6973.000
-2.500 6967.000
-2.495 6961.000
-2.490 6955.000
-2.485 6949.000
-2.480 6943.000
-2.475 6937.000
-2.470 6931.000
-2.465 6925.000
-2.460 6919.000
-2.455 6912.000
-2.450 6906.000
-2.445 6900.000
-2.440 6894.000
-2.435 6888.000
-2.430 6882.000
-2.425 6876.000
-2.420 6870.000
-2.415 6864.000
-2.410 6857.000
-2.405 6851.000
-2.400 6845.000
-2.395 6839.000
-2.390 6833.000
-2.385 6827.000
-2.380 6820.000
-2.375 6814.000
-2.370 6808.000
-2.365 6802.000
-2.360 6796.000
-2.355 6789.000
-2.350 6783.000
-2.345 6777.000
-2.340 6771.000
-2.335 6764.000
-2.330 6758.000
-2.325 6752.000
-2.320 6746.000
-2.315 6739.000
-2.310 6733.000
-2.305 6727.000
-2.300 6720.000
-2.295 6714.000
-2.290 6708.000
-2.285 6702.000
-2.280 6695.000
-2.275 6689.000
-2.270 6683.000
-2.265 6676.000
-2.260 6670.000
-2.255 6664.000
-2.250 6657.000
-2.245 6651.000
-2.240 6644.000
-2.235 6638.000
-2.230 6632.000
-2.225 6625.000
-2.220 6619.000
-2.215 6612.000
-2.210 6606.000
-2.205 6600.000
-2.200 6593.000
-2.195 6587.000
-2.190 6580.000
-2.185 6574.000
-2.180 6567.000
-2.175 6561.000
-2.170 6554.000
-2.165 6548.000
-2.160 6541.000
-2.155 6535.000
-2.150 6528.000
-2.145 6522.000
-2.140 6515.000
-2.135 6509.000
-2.130 6502.000
-2.125 6496.000
-2.120 6489.000
-2.115 6483.000
-2.110 6476.000
-2.105 6470.000
-2.100 6463.000
-2.095 6457.000
-2.090 6450.000
-2.085 6443.000
-2.080 6437.000
-2.075 6430.000
-2.070 6423.000
-2.065 6417.000
-2.060 6410.000
-2.055 6404.000
-2.050 6397.000
-2.045 6390.000
-2.040 6384.000
-2.035 6377.000
-2.030 6370.000
-2.025 6364.000
-2.020 6357.000
-2.015 6350.000
-2.010 6343.000
-2.005 6337.000
-2.000 6330.000
-1.995 6323.000
-1.990 6317.000
-1.985 6310.000
-1.980 6303.000
-1.975 6296.000
-1.970 6290.000
-1.965 6283.000
-1.960 6276.000
-1.955 6269.000
-1.950 6262.000
-1.945 6256.000
-1.940 6249.000
-1.935 6242.000
-1.930 6235.000
-1.925 6228.000
-1.920 6221.000
-1.915 6214.000
-1.910 6208.000
-1.905 6201.000
-1.900 6194.000
-1.895 6187.000
-1.890 6180.000
-1.885 6173.000
-1.880 6166.000
-1.875 6159.000
-1.870 6152.000
-1.865 6145.000
-1.860 6138.000
-1.855 6131.000
-1.850 6124.000
-1.845 6118.000
-1.840 6111.000
-1.835 6104.000
-1.830 6097.000
-1.825 6089.000
-1.820 6082.000
-1.815 6075.000
-1.810 6068.000
-1.805 6061.000
-1.800 6054.000
-1.795 6047.000
-1.790 6040.000
-1.785 6033.000
-1.780 6026.000
-1.775 6019.000
-1.770 6012.000
-1.765 6005.000
-1.760 5997.000
-1.755 5990.000
-1.750 5983.000
-1.745 5976.000
-1.740 5969.000
-1.735 5962.000
-1.730 5954.000
-1.725 5947.000
-1.720 5940.000
-1.715 5933.000
-1.710 5926.000
-1.705 5918.000
-1.700 5911.000
-1.695 5904.000
-1.690 5897.000
-1.685 5889.000
-1.680 5882.000
-1.675 5875.000
-1.670 5867.000
-1.665 5860.000
-1.660 5853.000
-1.655 5846.000
-1.650 5838.000
-1.645 5831.000
-1.640 5823.000
-1.635 5816.000
-1.630 5809.000
-1.625 5801.000
-1.620 5794.000
-1.615 5786.500
-1.610 5779.000
-1.605 5772.000
-1.600 5764.000
-1.595 5757.000
-1.590 5749.000
-1.585 5742.000
-1.580 5734.000
-1.575 5727.000
-1.570 5719.000
-1.565 5712.000
-1.560 5704.000
-1.555 5697.000
-1.550 5689.000
-1.545 5682.000
-1.540 5674.000
-1.535 5666.000
-1.530 5659.000
-1.525 5651.000
-1.520 5644.000
-1.515 5636.000
-1.510 5628.000
-1.505 5621.000
-1.500 5613.000
-1.495 5605.000
-1.490 5598.000
-1.485 5590.000
-1.480 5582.000
-1.475 5575.000
-1.470 5567.000
-1.465 5559.000
-1.460 5551.000
-1.455 5544.000
-1.450 5536.000
-1.445 5528.000
-1.440 5520.000
-1.435 5512.500
-1.430 5505.000
-1.425 5497.000
-1.420 5489.000
-1.415 5481.000
-1.410 5473.000
-1.405 5465.000
-1.400 5457.000
-1.395 5449.500
-1.390 5441.500
-1.385 5434.000
-1.380 5426.000
-1.375 5418.000
-1.370 5410.000
-1.365 5402.000
-1.360 5394.000
-1.355 5386.000
-1.350 5378.000
-1.345 5370.000
-1.340 5362.000
-1.335 5353.500
-1.330 5345.500
-1.325 5337.000
-1.320 5329.000
-1.315 5321.000
-1.310 5313.000
-1.305 5305.000
-1.300 5297.000
-1.295 5288.500
-1.290 5280.000
-1.285 5272.000
-1.280 5264.000
-1.275 5256.000
-1.270 5247.500
-1.265 5239.000
-1.260 5231.000
-1.255 5223.000
-1.250 5214.000
-1.245 5206.000
-1.240 5198.000
-1.235 5189.000
-1.230 5181.000
-1.225 5172.500
-1.220 5164.000
-1.215 5156.000
-1.210 5147.500
-1.205 5139.000
-1.200 5130.500
-1.195 5122.000
-1.190 5113.500
-1.185 5105.000
-1.180 5096.500
-1.175 5088.000
-1.170 5079.500
-1.165 5071.000
-1.160 5062.000
-1.155 5054.000
-1.150 5045.000
-1.145 5036.500
-1.140 5028.000
-1.135 5019.000
-1.130 5010.500
-1.125 5002.000
-1.120 4993.000
-1.115 4984.000
-1.110 4975.500
-1.105 4967.000
-1.100 4958.000
-1.095 4949.000
-1.090 4940.000
-1.085 4931.500
-1.080 4922.500
-1.075 4914.000
-1.070 4905.000
-1.065 4896.000
-1.060 4887.000
-1.055 4878.000
-1.050 4869.000
-1.045 4860.000
-1.040 4851.000
-1.035 4842.000
-1.030 4833.000
-1.025 4824.000
-1.020 4815.000
-1.015 4806.000
-1.010 4796.500
-1.005 4787.500
-1.000 4778.000
-0.995 4769.000
-0.990 4760.000
-0.985 4750.500
-0.980 4741.000
-0.975 4732.000
-0.970 4723.000
-0.965 4713.500
-0.960 4704.000
-0.955 4694.500
-0.950 4685.000
-0.945 4676.000
-0.940 4666.500
-0.935 4657.000
-0.930 4647.500
-0.925 4638.000
-0.920 4628.500
-0.915 4619.000
-0.910 4609.000
-0.905 4599.500
-0.900 4590.000
-0.895 4580.500
-0.890 4570.500
-0.885 4561.000
-0.880 4551.000
-0.875 4541.500
-0.870 4531.500
-0.865 4522.000
-0.860 4512.000
-0.855 4502.000
-0.850 4492.000
-0.845 4482.500
-0.840 4472.500
-0.835 4462.500
-0.830 4452.500
-0.825 4442.500
-0.820 4432.500
-0.815 4422.000
-0.810 4412.000
-0.805 4402.000
-0.800 4392.000
-0.795 4381.500
-0.790 4371.000
-0.785 4361.000
-0.780 4350.500
-0.775 4340.500
-0.770 4330.000
-0.765 4319.500
-0.760 4309.000
-0.755 4298.500
-0.750 4288.000
-0.745 4277.500
-0.740 4267.000
-0.735 4256.500
-0.730 4245.500
-0.725 4235.000
-0.720 4224.500
-0.715 4213.500
-0.710 4202.500
-0.705 4192.000
-0.700 4181.000
-0.695 4170.000
-0.690 4159.000
-0.685 4148.000
-0.680 4137.000
-0.675 4126.000
-0.670 4115.000
-0.665 4103.500
-0.660 4092.500
-0.655 4081.000
-0.650 4070.000
-0.645 4058.500
-0.640 4047.000
-0.635 4035.500
-0.630 4024.000
-0.625 4012.500
-0.620 4001.000
-0.615 3989.500
-0.610 3978.000
-0.605 3966.000
-0.600 3954.500
-0.595 3942.500
-0.590 3930.500
-0.585 3918.500
-0.580 3906.500
-0.575 3894.500
-0.570 3882.500
-0.565 3870.500
-0.560 3858.000
-0.555 3845.500
-0.550 3833.500
-0.545 3821.000
-0.540 3808.500
-0.535 3796.000
-0.530 3783.500
-0.525 3770.500
-0.520 3758.000
-0.515 3745.000
-0.510 3732.000
-0.505 3719.500
-0.500 3706.000
-0.495 3693.000
-0.490 3680.000
-0.485 3666.500
-0.480 3653.500
-0.475 3640.000
-0.470 3626.500
-0.465 3613.000
-0.460 3599.000
-0.455 3585.500
-0.450 3571.500
-0.445 3557.500
-0.440 3543.500
-0.435 3529.500
-0.430 3515.500
-0.425 3501.000
-0.420 3486.500
-0.415 3472.000
-0.410 3457.500
-0.405 3442.500
-0.400 3427.500
-0.395 3413.000
-0.390 3397.500
-0.385 3382.500
-0.380 3367.000
-0.375 3351.500
-0.370 3336.000
-0.365 3320.500
-0.360 3304.500
-0.355 3288.500
-0.350 3272.500
-0.345 3256.000
-0.340 3239.500
-0.335 3223.000
-0.330 3206.000
-0.325 3189.000
-0.320 3172.000
-0.315 3155.000
-0.310 3137.500
-0.305 3119.500
-0.300 3102.000
-0.295 3084.000
-0.290 3065.500
-0.285 3047.000
-0.280 3028.500
-0.275 3009.500
-0.270 2990.000
-0.265 2971.000
-0.260 2951.000
-0.255 2931.000
-0.250 2911.000
-0.245 2890.333
-0.240 2869.667
-0.235 2848.500
-0.230 2827.000
-0.225 2805.333
-0.220 2783.000
-0.215 2760.667
-0.210 2738.000
-0.205 2714.667
-0.200 2691.000
-0.195 2666.667
-0.190 2642.000
-0.185 2617.000
-0.180 2591.333
-0.175 2565.333
-0.170 2538.667
-0.165 2511.333
-0.160 2483.333
-0.155 2455.000
-0.150 2425.667
-0.145 2395.667
-0.140 2364.667
-0.135 2333.000
-0.130 2300.667
-0.125 2267.000
-0.120 2232.333
-0.115 2196.667
-0.110 2160.000
-0.105 2121.667
-0.100 2082.250
-0.095 2041.000
-0.090 1998.500
-0.085 1954.000
-0.080 1907.500
-0.075 1858.750
-0.070 1807.500
-0.065 1753.750
-0.060 1697.000
-0.055 1636.800
-0.050 1572.600
-0.045 1504.000
-0.040 1430.200
-0.035 1350.333
-0.030 1263.000
-0.025 1166.500
-0.020 1058.429
-0.015 935.125
