-3.500 5744.000
-3.495 5740.000
-3.490 5736.000
-3.485 5733.000
-3.480 5729.000
-3.475 5725.000
-3.470 5721.000
-3.465 5718.000
-3.460 5714.000
-3.455 5710.000
-3.450 5706.000
-3.445 5702.000
-3.440 5699.000
-3.435 5695.000
-3.430 5691.000
-3.425 5687.000
-3.420 5683.000
-3.415 5680.000
-3.410 5676.000
-3.405 5672.000
-3.400 5668.000
-3.395 5664.000
-3.390 5660.000
-3.385 5657.000
-3.380 5653.000
-3.375 5649.000
-3.370 5645.000
-3.365 5641.000
-3.360 5637.000
-3.355 5634.000
-3.350 5630.000
-3.345 5626.000
-3.340 5622.000
-3.335 5618.000
-3.330 5614.000
-3.325 5610.000
-3.320 5607.000
-3.315 5603.000
-3.310 5599.000
-3.305 5595.000
-3.300 5591.000
-3.295 5587.000
-3.290 5583.000
-3.285 5579.000
-3.280 5576.000
-3.275 5572.000
-3.270 5568.000
-3.265 5564.000
-3.260 5560.000
-3.255 5556.000
-3.250 5552.000
-3.245 5548.000
-3.240 5544.000
-3.235 5540.000
-3.230 5537.000
-3.225 5533.000
-3.220 5529.000
-3.215 5525.000
-3.210 5521.000
-3.205 5517.000
-3.200 5513.000
-3.195 5509.000
-3.190 5505.000
-3.185 5501.000
-3.180 5497.000
-3.175 5493.000
-3.170 5489.000
-3.165 5485.000
-3.160 5481.000
-3.155 5477.000
-3.150 5474.000
-3.145 5470.000
-3.140 5466.000
-3.135 5462.000
-3.130 5458.000
-3.125 5454.000
-3.120 5450.000
-3.115 5446.000
-3.110 5442.000
-3.105 5438.000
-3.100 5434.000
-3.095 5430.000
-3.090 5426.000
-3.085 5422.000
-3.080 5418.000
-3.075 5414.000
-3.070 5410.000
-3.065 5406.000
-3.060 5402.000
-3.055 5398.000
-3.050 5394.000
-3.045 5390.000
-3.040 5386.000
-3.035 5382.000
-3.030 5378.000
-3.025 5374.000
-3.020 5369.000
-3.015 5365.000
-3.010 5361.000
-3.005 5357.000
-3.000 5353.000
-2.995 5349.000
-2.990 5345.000
-2.985 5341.000
-2.980 5337.000
-2.975 5333.000
-2.970 5329.000
-2.965 5325.000
-2.960 5321.000
-2.955 5317.000
-2.950 5313.000
-2.945 5309.000
-2.940 5304.000
-2.935 5300.000
-2.930 5296.000
-2.925 5292.000
-2.920 5288.000
-2.915 5284.000
-2.910 5280.000
-2.905 5276.000
-2.900 5272.000
-2.895 5267.000
-2.890 5263.000
-2.885 5259.000
-2.880 5255.000
-2.875 5251.000
-2.870 5247.000
-2.865 5243.000
-2.860 5239.000
-2.855 5234.000
-2.850 5230.000
-2.845 5226.000
-2.840 5222.000
-2.835 5218.000
-2.830 5214.000
-2.825 5209.000
-2.820 5205.000
-2.815 5201.000
-2.810 5197.000
-2.805 5193.000
-2.800 5189.000
-2.795 5184.000
-2.790 5180.000
-2.785 5176.000
-2.780 5172.000
-2.775 5168.000
-2.770 5163.000
-2.765 5159.000
-2.760 5155.000
-2.755 5151.000
-2.750 5147.000
-2.745 5142.000
-2.740 5138.000
-2.735 5134.000
-2.730 5130.000
-2.725 5125.000
-2.720 5121.000
-2.715 5117.000
-2.710 5113.000
-2.705 5109.000
-2.700 5104.000
-2.695 5100.000
-2.690 5096.000
-2.685 5092.000
-2.680 5087.000
-2.675 5083.000
-2.670 5079.000
-2.665 5074.000
-2.660 5070.000
-2.655 5066.000
-2.650 5062.000
-2.645 5057.000
-2.640 5053.000
-2.635 5049.000
-2.630 5044.000
-2.625 5040.000
-2.620 5036.000
-2.615 5031.000
-2.610 5027.000
-2.605 5023.000
-2.600 5019.000
-2.595 5014.000
-2.590 5010.000
-2.585 5006.000
-2.580 5001.000
-2.575 4997.000
-2.570 4993.000
-2.565 4988.000
-2.560 4984.000
-2.555 4979.000
-2.550 4975.000
-2.545 4971.000
-2.540 4966.000
-2.535 4962.000
-2.530 4958.000
-2.525 4953.000
-2.520 4949.000
-2.515 4944.000
-2.510 4940.000
-2.505 4936.000
-2.500 4931.000
-2.495 4927.000
-2.490 4922.000
-2.485 4918.000
-2.480 4914.000
-2.475 4909.000
-2.470 4905.000
-2.465 4900.000
-2.460 4896.000
-2.455 4892.000
-2.450 4887.000
-2.445 4883.000
-2.440 4878.000
-2.435 4874.000
-2.430 4869.000
-2.425 4865.000
-2.420 4860.000
-2.415 4856.000
-2.410 4851.000
-2.405 4847.000
-2.400 4843.000
-2.395 4838.000
-2.390 4834.000
-2.385 4829.000
-2.380 4825.000
-2.375 4820.000
-2.370 4816.000
-2.365 4811.000
-2.360 4807.000
-2.355 4802.000
-2.350 4798.000
-2.345 4793.000
-2.340 4788.000
-2.335 4784.000
-2.330 4779.000
-2.325 4775.000
-2.320 4770.000
-2.315 4766.000
-2.310 4761.000
-2.305 4757.000
-2.300 4752.000
-2.295 4748.000
-2.290 4743.000
-2.285 4738.000
-2.280 4734.000
-2.275 4729.000
-2.270 4725.000
-2.265 4720.000
-2.260 4715.000
-2.255 4711.000
-2.250 4706.000
-2.245 4702.000
-2.240 4697.000
-2.235 4692.000
-2.230 4688.000
-2.225 4683.000
-2.220 4679.000
-2.215 4674.000
-2.210 4669.000
-2.205 4665.000
-2.200 4660.000
-2.195 4655.000
-2.190 4651.000
-2.185 4646.000
-2.180 4641.000
-2.175 4637.000
-2.170 4632.000
-2.165 4627.000
-2.160 4623.000
-2.155 4618.000
-2.150 4613.000
-2.145 4609.000
-2.140 4604.000
-2.135 4599.000
-2.130 4594.000
-2.125 4590.000
-2.120 4585.000
-2.115 4580.000
-2.110 4576.000
-2.105 4571.000
-2.100 4566.000
-2.095 4561.000
-2.090 4557.000
-2.085 4552.000
-2.080 4547.000
-2.075 4542.000
-2.070 4538.000
-2.065 4533.000
-2.060 4528.000
-2.055 4523.000
-2.050 4518.000
-2.045 4514.000
-2.040 4509.000
-2.035 4504.000
-2.030 4499.000
-2.025 4494.000
-2.020 4490.000
-2.015 4485.000
-2.010 4480.000
-2.005 4475.000
-2.000 4470.000
-1.995 4465.000
-1.990 4460.000
-1.985 4456.000
-1.980 4451.000
-1.975 4446.000
-1.970 4441.000
-1.965 4436.000
-1.960 4431.000
-1.955 4426.000
-1.950 4421.000
-1.945 4417.000
-1.940 4412.000
-1.935 4407.000
-1.930 4402.000
-1.925 4397.000
-1.920 4392.000
-1.915 4387.000
-1.910 4382.000
-1.905 4377.000
-1.900 4372.000
-1.895 4367.000
-1.890 4362.000
-1.885 4357.000
-1.880 4352.000
-1.875 4347.000
-1.870 4342.000
-1.865 4337.000
-1.860 4332.000
-1.855 4327.000
-1.850 4322.000
-1.845 4317.000
-1.840 4312.000
-1.835 4307.000
-1.830 4302.000
-1.825 4297.000
-1.820 4292.000
-1.815 4287.000
-1.810 4282.000
-1.805 4277.000
-1.800 4272.000
-1.795 4267.000
-1.790 4262.000
-1.785 4257.000
-1.780 4252.000
-1.775 4247.000
-1.770 4242.000
-1.765 4237.000
-1.760 4231.000
-1.755 4226.000
-1.750 4221.000
-1.745 4216.000
-1.740 4211.000
-1.735 4206.000
-1.730 4201.000
-1.725 4195.000
-1.720 4190.000
-1.715 4185.000
-1.710 4180.000
-1.705 4175.000
-1.700 4170.000
-1.695 4164.000
-1.690 4159.000
-1.685 4154.000
-1.680 4149.000
-1.675 4144.000
-1.670 4138.000
-1.665 4133.000
-1.660 4128.000
-1.655 4123.000
-1.650 4117.000
-1.645 4112.000
-1.640 4107.000
-1.635 4102.000
-1.630 4096.000
-1.625 4091.000
-1.620 4086.000
-1.615 4080.500
-1.610 4075.000
-1.605 4070.000
-1.600 4065.000
-1.595 4059.000
-1.590 4054.000
-1.585 4049.000
-1.580 4043.000
-1.575 4038.000
-1.570 4032.500
-1.565 4027.000
-1.560 4022.000
-1.555 4016.000
-1.550 4011.000
-1.545 4006.000
-1.540 4000.000
-1.535 3995.000
-1.530 3989.000
-1.525 3984.000
-1.520 3978.500
-1.515 3973.000
-1.510 3968.000
-1.505 3962.000
-1.500 3957.000
-1.495 3951.000
-1.490 3946.000
-1.485 3940.000
-1.480 3935.000
-1.475 3929.000
-1.470 3924.000
-1.465 3918.000
-1.460 3913.000
-1.455 3907.000
-1.450 3902.000
-1.445 3896.000
-1.440 3890.500
-1.435 3885.000
-1.430 3879.000
-1.425 3874.000
-1.420 3868.000
-1.415 3863.000
-1.410 3857.000
-1.405 3851.000
-1.400 3846.000
-1.395 3840.000
-1.390 3834.500
-1.385 3829.000
-1.380 3823.000
-1.375 3817.500
-1.370 3812.000
-1.365 3806.000
-1.360 3800.500
-1.355 3795.000
-1.350 3789.000
-1.345 3783.000
-1.340 3777.500
-1.335 3772.000
-1.330 3766.000
-1.325 3760.000
-1.320 3754.500
-1.315 3749.000
-1.310 3743.000
-1.305 3737.000
-1.300 3731.500
-1.295 3725.500
-1.290 3720.000
-1.285 3714.000
-1.280 3708.000
-1.275 3702.000
-1.270 3696.500
-1.265 3690.500
-1.260 3685.000
-1.255 3679.000
-1.250 3673.000
-1.245 3667.000
-1.240 3661.000
-1.235 3655.000
-1.230 3649.000
-1.225 3643.000
-1.220 3637.000
-1.215 3631.000
-1.210 3625.000
-1.205 3619.000
-1.200 3613.000
-1.195 3607.000
-1.190 3601.000
-1.185 3595.000
-1.180 3589.000
-1.175 3583.000
-1.170 3577.000
-1.165 3571.000
-1.160 3565.000
-1.155 3559.000
-1.150 3552.500
-1.145 3546.500
-1.140 3540.000
-1.135 3534.000
-1.130 3528.000
-1.125 3522.000
-1.120 3516.000
-1.115 3509.500
-1.110 3503.000
-1.105 3497.000
-1.100 3491.000
-1.095 3484.500
-1.090 3478.000
-1.085 3472.000
-1.080 3466.000
-1.075 3459.500
-1.070 3453.000
-1.065 3447.000
-1.060 3440.500
-1.055 3434.000
-1.050 3428.000
-1.045 3421.500
-1.040 3415.000
-1.035 3408.500
-1.030 3402.000
-1.025 3396.000
-1.020 3389.000
-1.015 3383.000
-1.010 3376.000
-1.005 3370.000
-1.000 3363.000
-0.995 3357.000
-0.990 3350.000
-0.985 3344.000
-0.980 3337.000
-0.975 3330.500
-0.970 3324.000
-0.965 3317.500
-0.960 3311.000
-0.955 3304.000
-0.950 3297.500
-0.945 3291.000
-0.940 3284.000
-0.935 3277.500
-0.930 3270.500
-0.925 3264.000
-0.920 3257.000
-0.915 3250.500
-0.910 3243.500
-0.905 3237.000
-0.900 3230.000
-0.895 3223.000
-0.890 3216.000
-0.885 3209.500
-0.880 3202.500
-0.875 3195.500
-0.870 3188.500
-0.865 3181.500
-0.860 3175.000
-0.855 3168.000
-0.850 3161.000
-0.845 3153.500
-0.840 3146.500
-0.835 3139.500
-0.830 3132.500
-0.825 3125.500
-0.820 3118.000
-0.815 3111.000
-0.810 3104.000
-0.805 3097.000
-0.800 3089.500
-0.795 3082.500
-0.790 3075.000
-0.785 3068.000
-0.780 3060.500
-0.775 3053.000
-0.770 3046.000
-0.765 3038.500
-0.760 3031.000
-0.755 3023.500
-0.750 3016.000
-0.745 3008.500
-0.740 3001.000
-0.735 2993.500
-0.730 2986.000
-0.725 2978.500
-0.720 2971.000
-0.715 2963.500
-0.710 2955.500
-0.705 2948.000
-0.700 2940.500
-0.695 2932.500
-0.690 2925.000
-0.685 2917.000
-0.680 2909.500
-0.675 2901.500
-0.670 2893.500
-0.665 2885.500
-0.660 2877.500
-0.655 2870.000
-0.650 2862.000
-0.645 2853.500
-0.640 2845.500
-0.635 2837.500
-0.630 2829.500
-0.625 2821.500
-0.620 2813.000
-0.615 2805.000
-0.610 2796.500
-0.605 2788.500
-0.600 2780.000
-0.595 2771.500
-0.590 2763.000
-0.585 2754.500
-0.580 2746.000
-0.575 2737.500
-0.570 2729.000
-0.565 2720.500
-0.560 2712.000
-0.555 2703.000
-0.550 2694.500
-0.545 2685.500
-0.540 2677.000
-0.535 2668.000
-0.530 2659.000
-0.525 2650.000
-0.520 2641.000
-0.515 2632.000
-0.510 2623.000
-0.505 2613.500
-0.500 2604.500
-0.495 2595.000
-0.490 2586.000
-0.485 2576.500
-0.480 2567.000
-0.475 2557.500
-0.470 2548.000
-0.465 2538.500
-0.460 2529.000
-0.455 2519.000
-0.450 2509.000
-0.445 2499.500
-0.440 2489.500
-0.435 2479.500
-0.430 2469.500
-0.425 2459.500
-0.420 2449.000
-0.415 2439.000
-0.410 2428.500
-0.405 2418.000
-0.400 2407.500
-0.395 2397.000
-0.390 2386.000
-0.385 2375.500
-0.380 2364.500
-0.375 2353.500
-0.370 2342.500
-0.365 2331.500
-0.360 2320.500
-0.355 2309.000
-0.350 2297.500
-0.345 2286.000
-0.340 2274.500
-0.335 2262.500
-0.330 2250.500
-0.325 2238.500
-0.320 2226.500
-0.315 2214.500
-0.310 2202.000
-0.305 2189.500
-0.300 2177.000
-0.295 2164.000
-0.290 2151.000
-0.285 2138.000
-0.280 2125.000
-0.275 2111.500
-0.270 2098.000
-0.265 2084.000
-0.260 2070.000
-0.255 2056.000
-0.250 2041.500
-0.245 2027.000
-0.240 2012.500
-0.235 1997.667
-0.230 1982.333
-0.225 1967.000
-0.220 1951.333
-0.215 1935.333
-0.210 1919.000
-0.205 1902.667
-0.200 1886.000
-0.195 1869.000
-0.190 1851.333
-0.185 1833.667
-0.180 1815.667
-0.175 1797.000
-0.170 1778.000
-0.165 1759.000
-0.160 1739.000
-0.155 1719.000
-0.150 1698.000
-0.145 1677.000
-0.140 1655.000
-0.135 1632.667
-0.130 1609.667
-0.125 1585.667
-0.120 1561.333
-0.115 1536.000
-0.110 1510.000
-0.105 1483.000
-0.100 1455.000
-0.095 1426.000
-0.090 1395.750
-0.085 1364.250
-0.080 1331.500
-0.075 1297.000
-0.070 1261.000
-0.065 1223.000
-0.060 1183.000
-0.055 1140.600
-0.050 1095.400
-0.045 1047.200
-0.040 995.400
-0.035 939.333
-0.030 878.167
-0.025 810.667
-0.020 735.250
-0.015 649.375
