-3.500 3641.000
-3.495 3639.000
-3.490 3636.000
-3.485 3634.000
-3.480 3631.000
-3.475 3629.000
-3.470 3627.000
-3.465 3624.000
-3.460 3622.000
-3.455 3619.000
-3.450 3617.000
-3.445 3614.000
-3.440 3612.000
-3.435 3609.000
-3.430 3607.000
-3.425 3605.000
-3.420 3602.000
-3.415 3600.000
-3.410 3597.000
-3.405 3595.000
-3.400 3592.000
-3.395 3590.000
-3.390 3587.000
-3.385 3585.000
-3.380 3582.000
-3.375 3580.000
-3.370 3578.000
-3.365 3575.000
-3.360 3573.000
-3.355 3570.000
-3.350 3568.000
-3.345 3565.000
-3.340 3563.000
-3.335 3560.000
-3.330 3558.000
-3.325 3555.000
-3.320 3553.000
-3.315 3550.000
-3.310 3548.000
-3.305 3545.000
-3.300 3543.000
-3.295 3540.000
-3.290 3538.000
-3.285 3535.000
-3.280 3533.000
-3.275 3530.000
-3.270 3528.000
-3.265 3525.000
-3.260 3523.000
-3.255 3520.000
-3.250 3518.000
-3.245 3515.000
-3.240 3513.000
-3.235 3510.000
-3.230 3508.000
-3.225 3505.000
-3.220 3503.000
-3.215 3500.000
-3.210 3498.000
-3.205 3495.000
-3.200 3493.000
-3.195 3490.000
-3.190 3488.000
-3.185 3485.000
-3.180 3483.000
-3.175 3480.000
-3.170 3477.000
-3.165 3475.000
-3.160 3472.000
-3.155 3470.000
-3.150 3467.000
-3.145 3465.000
-3.140 3462.000
-3.135 3460.000
-3.130 3457.000
-3.125 3455.000
-3.120 3452.000
-3.115 3449.000
-3.110 3447.000
-3.105 3444.000
-3.100 3442.000
-3.095 3439.000
-3.090 3437.000
-3.085 3434.000
-3.080 3432.000
-3.075 3429.000
-3.070 3426.000
-3.065 3424.000
-3.060 3421.000
-3.055 3419.000
-3.050 3416.000
-3.045 3414.000
-3.040 3411.000
-3.035 3408.000
-3.030 3406.000
-3.025 3403.000
-3.020 3401.000
-3.015 3398.000
-3.010 3395.000
-3.005 3393.000
-3.000 3390.000
-2.995 3388.000
-2.990 3385.000
-2.985 3382.000
-2.980 3380.000
-2.975 3377.000
-2.970 3375.000
-2.965 3372.000
-2.960 3369.000
-2.955 3367.000
-2.950 3364.000
-2.945 3362.000
-2.940 3359.000
-2.935 3356.000
-2.930 3354.000
-2.925 3351.000
-2.920 3348.000
-2.915 3346.000
-2.910 3343.000
-2.905 3341.000
-2.900 3338.000
-2.895 3335.000
-2.890 3333.000
-2.885 3330.000
-2.880 3327.000
-2.875 3325.000
-2.870 3322.000
-2.865 3319.000
-2.860 3317.000
-2.855 3314.000
-2.850 3311.000
-2.845 3309.000
-2.840 3306.000
-2.835 3303.000
-2.830 3301.000
-2.825 3298.000
-2.820 3295.000
-2.815 3293.000
-2.810 3290.000
-2.805 3287.000
-2.800 3285.000
-2.795 3282.000
-2.790 3279.000
-2.785 3277.000
-2.780 3274.000
-2.775 3271.000
-2.770 3269.000
-2.765 3266.000
-2.760 3263.000
-2.755 3261.000
-2.750 3258.000
-2.745 3255.000
-2.740 3253.000
-2.735 3250.000
-2.730 3247.000
-2.725 3244.000
-2.720 3242.000
-2.715 3239.000
-2.710 3236.000
-2.705 3234.000
-2.700 3231.000
-2.695 3228.000
-2.690 3225.000
-2.685 3223.000
-2.680 3220.000
-2.675 3217.000
-2.670 3215.000
-2.665 3212.000
-2.660 3209.000
-2.655 3206.000
-2.650 3204.000
-2.645 3201.000
-2.640 3198.000
-2.635 3195.000
-2.630 3193.000
-2.625 3190.000
-2.620 3187.000
-2.615 3184.000
-2.610 3182.000
-2.605 3179.000
-2.600 3176.000
-2.595 3173.000
-2.590 3171.000
-2.585 3168.000
-2.580 3165.000
-2.575 3162.000
-2.570 3159.000
-2.565 3157.000
-2.560 3154.000
-2.555 3151.000
-2.550 3148.000
-2.545 3146.000
-2.540 3143.000
-2.535 3140.000
-2.530 3137.000
-2.525 3134.000
-2.520 3132.000
-2.515 3129.000
-2.510 3126.000
-2.505 3123.000
-2.500 3120.000
-2.495 3118.000
-2.490 3115.000
-2.485 3112.000
-2.480 3109.000
-2.475 3106.000
-2.470 3104.000
-2.465 3101.000
-2.460 3098.000
-2.455 3095.000
-2.450 3092.000
-2.445 3089.000
-2.440 3087.000
-2.435 3084.000
-2.430 3081.000
-2.425 3078.000
-2.420 3075.000
-2.415 3072.000
-2.410 3069.000
-2.405 3067.000
-2.400 3064.000
-2.395 3061.000
-2.390 3058.000
-2.385 3055.000
-2.380 3052.000
-2.375 3049.000
-2.370 3047.000
-2.365 3044.000
-2.360 3041.000
-2.355 3038.000
-2.350 3035.000
-2.345 3032.000
-2.340 3029.000
-2.335 3026.000
-2.330 3024.000
-2.325 3021.000
-2.320 3018.000
-2.315 3015.000
-2.310 3012.000
-2.305 3009.000
-2.300 3006.000
-2.295 3003.000
-2.290 3000.000
-2.285 2997.000
-2.280 2995.000
-2.275 2992.000
-2.270 2989.000
-2.265 2986.000
-2.260 2983.000
-2.255 2980.000
-2.250 2977.000
-2.245 2974.000
-2.240 2971.000
-2.235 2968.000
-2.230 2965.000
-2.225 2962.000
-2.220 2959.000
-2.215 2956.000
-2.210 2953.000
-2.205 2950.000
-2.200 2947.000
-2.195 2945.000
-2.190 2942.000
-2.185 2939.000
-2.180 2936.000
-2.175 2933.000
-2.170 2930.000
-2.165 2927.000
-2.160 2924.000
-2.155 2921.000
-2.150 2918.000
-2.145 2915.000
-2.140 2912.000
-2.135 2909.000
-2.130 2906.000
-2.125 2903.000
-2.120 2900.000
-2.115 2897.000
-2.110 2894.000
-2.105 2891.000
-2.100 2888.000
-2.095 2885.000
-2.090 2882.000
-2.085 2879.000
-2.080 2876.000
-2.075 2873.000
-2.070 2870.000
-2.065 2866.000
-2.060 2863.000
-2.055 2860.000
-2.050 2857.000
-2.045 2854.000
-2.040 2851.000
-2.035 2848.000
-2.030 2845.000
-2.025 2842.000
-2.020 2839.000
-2.015 2836.000
-2.010 2833.000
-2.005 2830.000
-2.000 2827.000
-1.995 2824.000
-1.990 2821.000
-1.985 2817.000
-1.980 2814.000
-1.975 2811.000
-1.970 2808.000
-1.965 2805.000
-1.960 2802.000
-1.955 2799.000
-1.950 2796.000
-1.945 2793.000
-1.940 2790.000
-1.935 2786.000
-1.930 2783.000
-1.925 2780.000
-1.920 2777.000
-1.915 2774.000
-1.910 2771.000
-1.905 2768.000
-1.900 2764.000
-1.895 2761.000
-1.890 2758.000
-1.885 2755.000
-1.880 2752.000
-1.875 2749.000
-1.870 2746.000
-1.865 2742.000
-1.860 2739.000
-1.855 2736.000
-1.850 2733.000
-1.845 2730.000
-1.840 2726.000
-1.835 2723.000
-1.830 2720.000
-1.825 2717.000
-1.820 2714.000
-1.815 2710.000
-1.810 2707.000
-1.805 2704.000
-1.800 2701.000
-1.795 2698.000
-1.790 2694.000
-1.785 2691.000
-1.780 2688.000
-1.775 2685.000
-1.770 2681.000
-1.765 2678.000
-1.760 2675.000
-1.755 2672.000
-1.750 2668.000
-1.745 2665.000
-1.740 2662.000
-1.735 2659.000
-1.730 2655.000
-1.725 2652.000
-1.720 2649.000
-1.715 2646.000
-1.710 2642.000
-1.705 2639.000
-1.700 2636.000
-1.695 2632.000
-1.690 2629.000
-1.685 2626.000
-1.680 2623.000
-1.675 2619.000
-1.670 2616.000
-1.665 2613.000
-1.660 2609.000
-1.655 2606.000
-1.650 2603.000
-1.645 2599.000
-1.640 2596.000
-1.635 2593.000
-1.630 2589.000
-1.625 2586.000
-1.620 2582.500
-1.615 2579.000
-1.610 2576.000
-1.605 2572.000
-1.600 2569.000
-1.595 2566.000
-1.590 2562.000
-1.585 2559.000
-1.580 2555.500
-1.575 2552.000
-1.570 2549.000
-1.565 2545.000
-1.560 2542.000
-1.555 2538.500
-1.550 2535.000
-1.545 2532.000
-1.540 2528.000
-1.535 2525.000
-1.530 2521.000
-1.525 2518.000
-1.520 2514.500
-1.515 2511.000
-1.510 2507.500
-1.505 2504.000
-1.500 2501.000
-1.495 2497.000
-1.490 2494.000
-1.485 2490.000
-1.480 2487.000
-1.475 2483.000
-1.470 2480.000
-1.465 2476.000
-1.460 2473.000
-1.455 2469.000
-1.450 2466.000
-1.445 2462.000
-1.440 2459.000
-1.435 2455.000
-1.430 2452.000
-1.425 2448.000
-1.420 2444.500
-1.415 2441.000
-1.410 2437.500
-1.405 2434.000
-1.400 2430.000
-1.395 2427.000
-1.390 2423.000
-1.385 2419.500
-1.380 2416.000
-1.375 2412.000
-1.370 2409.000
-1.365 2405.000
-1.360 2401.500
-1.355 2398.000
-1.350 2394.000
-1.345 2391.000
-1.340 2387.000
-1.335 2383.500
-1.330 2380.000
-1.325 2376.000
-1.320 2372.500
-1.315 2369.000
-1.310 2365.000
-1.305 2361.500
-1.300 2358.000
-1.295 2354.000
-1.290 2350.500
-1.285 2347.000
-1.280 2343.000
-1.275 2339.000
-1.270 2336.000
-1.265 2332.000
-1.260 2328.000
-1.255 2324.500
-1.250 2321.000
-1.245 2317.000
-1.240 2313.000
-1.235 2309.500
-1.230 2306.000
-1.225 2302.000
-1.220 2298.000
-1.215 2294.500
-1.210 2290.500
-1.205 2287.000
-1.200 2283.000
-1.195 2279.000
-1.190 2275.500
-1.185 2271.500
-1.180 2268.000
-1.175 2264.000
-1.170 2260.000
-1.165 2256.000
-1.160 2252.000
-1.155 2248.500
-1.150 2244.500
-1.145 2241.000
-1.140 2237.000
-1.135 2233.000
-1.130 2229.000
-1.125 2225.000
-1.120 2221.000
-1.115 2217.000
-1.110 2213.000
-1.105 2209.500
-1.100 2205.500
-1.095 2201.500
-1.090 2197.500
-1.085 2193.500
-1.080 2189.500
-1.075 2185.500
-1.070 2181.500
-1.065 2177.500
-1.060 2173.500
-1.055 2169.500
-1.050 2165.500
-1.045 2161.500
-1.040 2157.500
-1.035 2153.500
-1.030 2149.000
-1.025 2145.000
-1.020 2141.000
-1.015 2137.000
-1.010 2133.000
-1.005 2129.000
-1.000 2125.000
-0.995 2120.500
-0.990 2116.500
-0.985 2112.000
-0.980 2108.000
-0.975 2104.000
-0.970 2100.000
-0.965 2095.500
-0.960 2091.500
-0.955 2087.000
-0.950 2083.000
-0.945 2079.000
-0.940 2074.500
-0.935 2070.000
-0.930 2066.000
-0.925 2062.000
-0.920 2057.500
-0.915 2053.000
-0.910 2049.000
-0.905 2044.500
-0.900 2040.500
-0.895 2036.000
-0.890 2031.500
-0.885 2027.000
-0.880 2023.000
-0.875 2018.500
-0.870 2014.000
-0.865 2010.000
-0.860 2005.500
-0.855 2001.000
-0.850 1996.500
-0.845 1992.000
-0.840 1987.500
-0.835 1983.000
-0.830 1978.500
-0.825 1974.000
-0.820 1969.500
-0.815 1965.000
-0.810 1960.500
-0.805 1956.000
-0.800 1951.500
-0.795 1947.000
-0.790 1942.000
-0.785 1937.500
-0.780 1933.000
-0.775 1928.500
-0.770 1924.000
-0.765 1919.000
-0.760 1914.500
-0.755 1909.500
-0.750 1905.000
-0.745 1900.500
-0.740 1895.500
-0.735 1891.000
-0.730 1886.000
-0.725 1881.000
-0.720 1876.500
-0.715 1871.500
-0.710 1867.000
-0.705 1862.000
-0.700 1857.000
-0.695 1852.000
-0.690 1847.000
-0.685 1842.500
-0.680 1837.500
-0.675 1832.500
-0.670 1827.500
-0.665 1822.500
-0.660 1817.500
-0.655 1812.500
-0.650 1807.500
-0.645 1802.000
-0.640 1797.000
-0.635 1792.000
-0.630 1787.000
-0.625 1781.500
-0.620 1776.500
-0.615 1771.500
-0.610 1766.000
-0.605 1761.000
-0.600 1755.500
-0.595 1750.500
-0.590 1745.000
-0.585 1739.500
-0.580 1734.000
-0.575 1729.000
-0.570 1723.500
-0.565 1718.000
-0.560 1712.500
-0.555 1707.000
-0.550 1701.500
-0.545 1696.000
-0.540 1690.500
-0.535 1684.500
-0.530 1679.000
-0.525 1673.500
-0.520 1667.500
-0.515 1662.000
-0.510 1656.000
-0.505 1650.500
-0.500 1644.500
-0.495 1638.500
-0.490 1633.000
-0.485 1627.000
-0.480 1621.000
-0.475 1615.000
-0.470 1609.000
-0.465 1603.000
-0.460 1596.500
-0.455 1590.500
-0.450 1584.500
-0.445 1578.000
-0.440 1572.000
-0.435 1565.500
-0.430 1559.000
-0.425 1552.500
-0.420 1546.500
-0.415 1540.000
-0.410 1533.000
-0.405 1526.500
-0.400 1520.000
-0.395 1513.500
-0.390 1506.500
-0.385 1499.500
-0.380 1493.000
-0.375 1486.000
-0.370 1479.000
-0.365 1472.000
-0.360 1465.000
-0.355 1457.500
-0.350 1450.500
-0.345 1443.000
-0.340 1435.500
-0.335 1428.500
-0.330 1421.000
-0.325 1413.000
-0.320 1405.500
-0.315 1398.000
-0.310 1390.000
-0.305 1382.000
-0.300 1374.000
-0.295 1366.000
-0.290 1358.000
-0.285 1349.500
-0.280 1341.000
-0.275 1332.500
-0.270 1324.000
-0.265 1315.333
-0.260 1306.500
-0.255 1297.667
-0.250 1288.667
-0.245 1279.333
-0.240 1270.000
-0.235 1260.667
-0.230 1251.000
-0.225 1241.333
-0.220 1231.333
-0.215 1221.333
-0.210 1211.000
-0.205 1200.667
-0.200 1190.000
-0.195 1179.000
-0.190 1168.000
-0.185 1157.000
-0.180 1145.333
-0.175 1133.667
-0.170 1122.000
-0.165 1109.667
-0.160 1097.000
-0.155 1084.333
-0.150 1071.333
-0.145 1057.667
-0.140 1044.000
-0.135 1029.667
-0.130 1015.333
-0.125 1000.333
-0.120 984.667
-0.115 968.667
-0.110 952.333
-0.105 935.000
-0.100 917.500
-0.095 899.000
-0.090 880.000
-0.085 860.000
-0.080 839.250
-0.075 817.500
-0.070 794.750
-0.065 770.750
-0.060 745.500
-0.055 718.600
-0.050 690.200
-0.045 659.800
-0.040 627.000
-0.035 591.667
-0.030 553.000
-0.025 510.500
-0.020 463.000
-0.015 408.889
