-3.500 6336.000
-3.495 6332.000
-3.490 6328.000
-3.485 6323.000
-3.480 6319.000
-3.475 6315.000
-3.470 6311.000
-3.465 6307.000
-3.460 6303.000
-3.455 6299.000
-3.450 6294.000
-3.445 6290.000
-3.440 6286.000
-3.435 6282.000
-3.430 6278.000
-3.425 6274.000
-3.420 6269.000
-3.415 6265.000
-3.410 6261.000
-3.405 6257.000
-3.400 6253.000
-3.395 6249.000
-3.390 6244.000
-3.385 6240.000
-3.380 6236.000
-3.375 6232.000
-3.370 6228.000
-3.365 6223.000
-3.360 6219.000
-3.355 6215.000
-3.350 6211.000
-3.345 6207.000
-3.340 6202.000
-3.335 6198.000
-3.330 6194.000
-3.325 6190.000
-3.320 6185.000
-3.315 6181.000
-3.310 6177.000
-3.305 6173.000
-3.300 6169.000
-3.295 6164.000
-3.290 6160.000
-3.285 6156.000
-3.280 6152.000
-3.275 6147.000
-3.270 6143.000
-3.265 6139.000
-3.260 6134.000
-3.255 6130.000
-3.250 6126.000
-3.245 6122.000
-3.240 6117.000
-3.235 6113.000
-3.230 6109.000
-3.225 6104.000
-3.220 6100.000
-3.215 6096.000
-3.210 6092.000
-3.205 6087.000
-3.200 6083.000
-3.195 6079.000
-3.190 6074.000
-3.185 6070.000
-3.180 6066.000
-3.175 6061.000
-3.170 6057.000
-3.165 6053.000
-3.160 6048.000
-3.155 6044.000
-3.150 6040.000
-3.145 6035.000
-3.140 6031.000
-3.135 6027.000
-3.130 6022.000
-3.125 6018.000
-3.120 6014.000
-3.115 6009.000
-3.110 6005.000
-3.105 6001.000
-3.100 5996.000
-3.095 5992.000
-3.090 5987.000
-3.085 5983.000
-3.080 5979.000
-3.075 5974.000
-3.070 5970.000
-3.065 5965.000
-3.060 5961.000
-3.055 5957.000
-3.050 5952.000
-3.045 5948.000
-3.040 5943.000
-3.035 5939.000
-3.030 5935.000
-3.025 5930.000
-3.020 5926.000
-3.015 5921.000
-3.010 5917.000
-3.005 5912.000
-3.000 5908.000
-2.995 5904.000
-2.990 5899.000
-2.985 5895.000
-2.980 5890.000
-2.975 5886.000
-2.970 5881.000
-2.965 5877.000
-2.960 5872.000
-2.955 5868.000
-2.950 5863.000
-2.945 5859.000
-2.940 5854.000
-2.935 5850.000
-2.930 5845.000
-2.925 5841.000
-2.920 5836.000
-2.915 5832.000
-2.910 5827.000
-2.905 5823.000
-2.900 5818.000
-2.895 5814.000
-2.890 5809.000
-2.885 5805.000
-2.880 5800.000
-2.875 5796.000
-2.870 5791.000
-2.865 5787.000
-2.860 5782.000
-2.855 5778.000
-2.850 5773.000
-2.845 5769.000
-2.840 5764.000
-2.835 5759.000
-2.830 5755.000
-2.825 5750.000
-2.820 5746.000
-2.815 5741.000
-2.810 5737.000
-2.805 5732.000
-2.800 5727.000
-2.795 5723.000
-2.790 5718.000
-2.785 5714.000
-2.780 5709.000
-2.775 5704.000
-2.770 5700.000
-2.765 5695.000
-2.760 5691.000
-2.755 5686.000
-2.750 5681.000
-2.745 5677.000
-2.740 5672.000
-2.735 5667.000
-2.730 5663.000
-2.725 5658.000
-2.720 5653.000
-2.715 5649.000
-2.710 5644.000
-2.705 5639.000
-2.700 5635.000
-2.695 5630.000
-2.690 5625.000
-2.685 5621.000
-2.680 5616.000
-2.675 5611.000
-2.670 5607.000
-2.665 5602.000
-2.660 5597.000
-2.655 5593.000
-2.650 5588.000
-2.645 5583.000
-2.640 5578.000
-2.635 5574.000
-2.630 5569.000
-2.625 5564.000
-2.620 5560.000
-2.615 5555.000
-2.610 5550.000
-2.605 5545.000
-2.600 5541.000
-2.595 5536.000
-2.590 5531.000
-2.585 5526.000
-2.580 5522.000
-2.575 5517.000
-2.570 5512.000
-2.565 5507.000
-2.560 5503.000
-2.555 5498.000
-2.550 5493.000
-2.545 5488.000
-2.540 5483.000
-2.535 5479.000
-2.530 5474.000
-2.525 5469.000
-2.520 5464.000
-2.515 5459.000
-2.510 5454.000
-2.505 5450.000
-2.500 5445.000
-2.495 5440.000
-2.490 5435.000
-2.485 5430.000
-2.480 5425.000
-2.475 5421.000
-2.470 5416.000
-2.465 5411.000
-2.460 5406.000
-2.455 5401.000
-2.450 5396.000
-2.445 5391.000
-2.440 5386.000
-2.435 5382.000
-2.430 5377.000
-2.425 5372.000
-2.420 5367.000
-2.415 5362.000
-2.410 5357.000
-2.405 5352.000
-2.400 5347.000
-2.395 5342.000
-2.390 5337.000
-2.385 5332.000
-2.380 5328.000
-2.375 5323.000
-2.370 5318.000
-2.365 5313.000
-2.360 5308.000
-2.355 5303.000
-2.350 5298.000
-2.345 5293.000
-2.340 5288.000
-2.335 5283.000
-2.330 5278.000
-2.325 5273.000
-2.320 5268.000
-2.315 5263.000
-2.310 5258.000
-2.305 5253.000
-2.300 5248.000
-2.295 5243.000
-2.290 5238.000
-2.285 5233.000
-2.280 5228.000
-2.275 5223.000
-2.270 5218.000
-2.265 5213.000
-2.260 5208.000
-2.255 5202.000
-2.250 5197.000
-2.245 5192.000
-2.240 5187.000
-2.235 5182.000
-2.230 5177.000
-2.225 5172.000
-2.220 5167.000
-2.215 5162.000
-2.210 5157.000
-2.205 5152.000
-2.200 5146.000
-2.195 5141.000
-2.190 5136.000
-2.185 5131.000
-2.180 5126.000
-2.175 5121.000
-2.170 5116.000
-2.165 5111.000
-2.160 5105.000
-2.155 5100.000
-2.150 5095.000
-2.145 5090.000
-2.140 5085.000
-2.135 5080.000
-2.130 5074.000
-2.125 5069.000
-2.120 5064.000
-2.115 5059.000
-2.110 5054.000
-2.105 5048.000
-2.100 5043.000
-2.095 5038.000
-2.090 5033.000
-2.085 5027.000
-2.080 5022.000
-2.075 5017.000
-2.070 5012.000
-2.065 5006.000
-2.060 5001.000
-2.055 4996.000
-2.050 4991.000
-2.045 4985.000
-2.040 4980.000
-2.035 4975.000
-2.030 4969.000
-2.025 4964.000
-2.020 4959.000
-2.015 4954.000
-2.010 4948.000
-2.005 4943.000
-2.000 4938.000
-1.995 4932.000
-1.990 4927.000
-1.985 4922.000
-1.980 4916.000
-1.975 4911.000
-1.970 4905.000
-1.965 4900.000
-1.960 4895.000
-1.955 4889.000
-1.950 4884.000
-1.945 4879.000
-1.940 4873.000
-1.935 4868.000
-1.930 4862.000
-1.925 4857.000
-1.920 4851.000
-1.915 4846.000
-1.910 4841.000
-1.905 4835.000
-1.900 4830.000
-1.895 4824.000
-1.890 4819.000
-1.885 4813.000
-1.880 4808.000
-1.875 4802.000
-1.870 4797.000
-1.865 4791.000
-1.860 4786.000
-1.855 4780.000
-1.850 4775.000
-1.845 4769.000
-1.840 4764.000
-1.835 4758.000
-1.830 4753.000
-1.825 4747.000
-1.820 4742.000
-1.815 4736.000
-1.810 4731.000
-1.805 4725.000
-1.800 4719.000
-1.795 4714.000
-1.790 4708.000
-1.785 4703.000
-1.780 4697.000
-1.775 4691.000
-1.770 4686.000
-1.765 4680.000
-1.760 4675.000
-1.755 4669.000
-1.750 4663.000
-1.745 4658.000
-1.740 4652.000
-1.735 4646.000
-1.730 4641.000
-1.725 4635.000
-1.720 4629.000
-1.715 4624.000
-1.710 4618.000
-1.705 4612.000
-1.700 4606.000
-1.695 4601.000
-1.690 4595.000
-1.685 4589.000
-1.680 4584.000
-1.675 4578.000
-1.670 4572.000
-1.665 4566.000
-1.660 4560.500
-1.655 4555.000
-1.650 4549.000
-1.645 4543.000
-1.640 4537.000
-1.635 4531.500
-1.630 4526.000
-1.625 4520.000
-1.620 4514.000
-1.615 4508.000
-1.610 4502.000
-1.605 4496.500
-1.600 4491.000
-1.595 4485.000
-1.590 4479.000
-1.585 4473.000
-1.580 4467.000
-1.575 4461.000
-1.570 4455.000
-1.565 4449.000
-1.560 4443.500
-1.555 4437.500
-1.550 4432.000
-1.545 4426.000
-1.540 4420.000
-1.535 4414.000
-1.530 4408.000
-1.525 4402.000
-1.520 4396.000
-1.515 4390.000
-1.510 4384.000
-1.505 4378.000
-1.500 4372.000
-1.495 4366.000
-1.490 4360.000
-1.485 4354.000
-1.480 4347.500
-1.475 4341.500
-1.470 4335.000
-1.465 4329.000
-1.460 4323.000
-1.455 4317.000
-1.450 4311.000
-1.445 4305.000
-1.440 4299.000
-1.435 4293.000
-1.430 4286.500
-1.425 4280.000
-1.420 4274.000
-1.415 4268.000
-1.410 4262.000
-1.405 4255.500
-1.400 4249.000
-1.395 4243.000
-1.390 4237.000
-1.385 4231.000
-1.380 4224.500
-1.375 4218.000
-1.370 4212.000
-1.365 4206.000
-1.360 4199.500
-1.355 4193.000
-1.350 4187.000
-1.345 4180.500
-1.340 4174.000
-1.335 4168.000
-1.330 4161.500
-1.325 4155.000
-1.320 4149.000
-1.315 4142.500
-1.310 4136.000
-1.305 4130.000
-1.300 4123.000
-1.295 4117.000
-1.290 4110.500
-1.285 4104.000
-1.280 4097.500
-1.275 4091.000
-1.270 4084.500
-1.265 4078.000
-1.260 4072.000
-1.255 4065.000
-1.250 4059.000
-1.245 4052.000
-1.240 4045.500
-1.235 4039.000
-1.230 4032.500
-1.225 4026.000
-1.220 4019.000
-1.215 4013.000
-1.210 4006.000
-1.205 3999.500
-1.200 3993.000
-1.195 3986.000
-1.190 3979.500
-1.185 3973.000
-1.180 3966.000
-1.175 3959.500
-1.170 3953.000
-1.165 3946.000
-1.160 3939.500
-1.155 3933.000
-1.150 3926.000
-1.145 3919.000
-1.140 3912.500
-1.135 3905.500
-1.130 3899.000
-1.125 3892.000
-1.120 3885.000
-1.115 3878.000
-1.110 3871.500
-1.105 3864.500
-1.100 3858.000
-1.095 3851.000
-1.090 3844.000
-1.085 3837.000
-1.080 3830.000
-1.075 3823.000
-1.070 3816.000
-1.065 3809.000
-1.060 3802.000
-1.055 3795.000
-1.050 3788.000
-1.045 3781.000
-1.040 3774.000
-1.035 3767.000
-1.030 3760.000
-1.025 3753.000
-1.020 3745.500
-1.015 3738.500
-1.010 3731.500
-1.005 3724.000
-1.000 3717.000
-0.995 3710.000
-0.990 3702.500
-0.985 3695.500
-0.980 3688.000
-0.975 3681.000
-0.970 3673.500
-0.965 3666.000
-0.960 3659.000
-0.955 3651.500
-0.950 3644.000
-0.945 3637.000
-0.940 3629.500
-0.935 3622.000
-0.930 3615.000
-0.925 3607.000
-0.920 3600.000
-0.915 3592.500
-0.910 3585.000
-0.905 3577.500
-0.900 3570.000
-0.895 3562.000
-0.890 3554.500
-0.885 3547.000
-0.880 3539.500
-0.875 3532.000
-0.870 3524.000
-0.865 3516.500
-0.860 3509.000
-0.855 3501.000
-0.850 3493.500
-0.845 3485.500
-0.840 3478.000
-0.835 3470.000
-0.830 3462.000
-0.825 3454.500
-0.820 3446.500
-0.815 3438.500
-0.810 3430.500
-0.805 3423.000
-0.800 3415.000
-0.795 3407.000
-0.790 3399.000
-0.785 3391.000
-0.780 3382.500
-0.775 3374.500
-0.770 3366.500
-0.765 3358.500
-0.760 3350.000
-0.755 3342.000
-0.750 3334.000
-0.745 3325.500
-0.740 3317.000
-0.735 3309.000
-0.730 3300.500
-0.725 3292.500
-0.720 3284.000
-0.715 3275.500
-0.710 3267.000
-0.705 3258.500
-0.700 3250.000
-0.695 3241.500
-0.690 3233.000
-0.685 3224.500
-0.680 3215.500
-0.675 3207.000
-0.670 3198.500
-0.665 3189.500
-0.660 3181.000
-0.655 3172.000
-0.650 3163.500
-0.645 3154.500
-0.640 3145.500
-0.635 3136.500
-0.630 3127.500
-0.625 3118.500
-0.620 3109.500
-0.615 3100.500
-0.610 3091.500
-0.605 3082.000
-0.600 3073.000
-0.595 3063.500
-0.590 3054.500
-0.585 3045.000
-0.580 3035.500
-0.575 3026.500
-0.570 3017.000
-0.565 3007.500
-0.560 2997.500
-0.555 2988.000
-0.550 2978.500
-0.545 2969.000
-0.540 2959.000
-0.535 2949.000
-0.530 2939.500
-0.525 2929.500
-0.520 2919.500
-0.515 2909.500
-0.510 2899.500
-0.505 2889.500
-0.500 2879.000
-0.495 2869.000
-0.490 2858.500
-0.485 2848.500
-0.480 2838.000
-0.475 2827.500
-0.470 2817.000
-0.465 2806.000
-0.460 2795.500
-0.455 2785.000
-0.450 2774.000
-0.445 2763.000
-0.440 2752.000
-0.435 2741.000
-0.430 2730.000
-0.425 2719.000
-0.420 2707.500
-0.415 2696.000
-0.410 2684.500
-0.405 2673.000
-0.400 2661.500
-0.395 2650.000
-0.390 2638.000
-0.385 2626.000
-0.380 2614.500
-0.375 2602.000
-0.370 2590.000
-0.365 2577.500
-0.360 2565.500
-0.355 2553.000
-0.350 2540.000
-0.345 2527.500
-0.340 2514.500
-0.335 2501.500
-0.330 2488.500
-0.325 2475.500
-0.320 2462.000
-0.315 2448.500
-0.310 2434.500
-0.305 2421.000
-0.300 2407.000
-0.295 2393.000
-0.290 2378.500
-0.285 2364.000
-0.280 2349.500
-0.275 2334.500
-0.270 2319.500
-0.265 2304.500
-0.260 2289.000
-0.255 2273.500
-0.250 2257.500
-0.245 2241.500
-0.240 2225.333
-0.235 2209.000
-0.230 2192.000
-0.225 2175.000
-0.220 2158.000
-0.215 2140.333
-0.210 2122.333
-0.205 2104.000
-0.200 2085.667
-0.195 2067.000
-0.190 2047.667
-0.185 2028.000
-0.180 2008.000
-0.175 1987.667
-0.170 1966.667
-0.165 1945.333
-0.160 1923.667
-0.155 1901.333
-0.150 1878.333
-0.145 1855.000
-0.140 1830.667
-0.135 1806.000
-0.130 1780.667
-0.125 1754.333
-0.120 1727.333
-0.115 1699.500
-0.110 1670.667
-0.105 1640.667
-0.100 1610.000
-0.095 1578.000
-0.090 1544.500
-0.085 1509.750
-0.080 1473.500
-0.075 1435.500
-0.070 1395.500
-0.065 1353.750
-0.060 1309.400
-0.055 1262.500
-0.050 1212.600
-0.045 1159.200
-0.040 1102.000
-0.035 1040.000
-0.030 972.333
-0.025 897.714
-0.020 814.250
-0.015 719.111
