-0.084 2096.250
-0.083 2086.500
-0.082 2076.500
-0.081 2066.500
-0.080 2056.250
-0.079 2046.000
-0.078 2035.750
-0.077 2025.250
-0.076 2014.750
-0.075 2004.250
-0.074 1993.250
-0.073 1982.500
-0.072 1971.500
-0.071 1960.500
-0.070 1949.250
-0.069 1938.000
-0.068 1926.500
-0.067 1915.000
-0.066 1903.250
-0.065 1891.500
-0.064 1879.500
-0.063 1867.500
-0.062 1855.250
-0.061 1843.000
-0.060 1830.500
-0.059 1818.000
-0.058 1805.250
-0.057 1792.200
-0.056 1779.000
-0.055 1765.800
-0.054 1752.500
-0.053 1739.000
-0.052 1725.000
-0.051 1711.200
-0.050 1697.000
-0.049 1682.800
-0.048 1668.200
-0.047 1653.400
-0.046 1638.500
-0.045 1623.400
-0.044 1608.000
-0.043 1592.400
-0.042 1576.400
-0.041 1560.400
-0.040 1544.000
-0.039 1527.400
-0.038 1510.600
-0.037 1493.333
-0.036 1475.833
-0.035 1458.000
-0.034 1440.000
-0.033 1421.667
-0.032 1402.833
-0.031 1383.600
-0.030 1364.167
-0.029 1344.167
-0.028 1323.833
-0.027 1303.167
-0.026 1281.833
-0.025 1260.000
-0.024 1238.000
-0.023 1215.333
-0.022 1191.857
-0.021 1168.250
-0.020 1143.750
-0.019 1118.714
-0.018 1092.875
-0.017 1066.250
-0.016 1038.875
-0.015 1010.625
-0.014 981.375
-0.013 951.250
-0.012 920.000
-0.011 887.556
-0.010 853.778
-0.009 818.500
-0.008 859.800
-0.007 742.909
-0.006 702.083
-0.005 658.846
-0.004 612.692
-0.003 563.214
-0.002 509.312
-0.001 449.789
-0.000 382.217
