-3.40000 7184.00000
-3.39900 7183.00000
-3.39800 7182.00000
-3.39700 7181.00000
-3.39600 7180.00000
-3.39500 7179.00000
-3.39400 7178.00000
-3.39200 7177.00000
-3.39100 7176.00000
-3.39000 7175.00000
-3.38900 7174.00000
-3.38800 7173.00000
-3.38700 7172.00000
-3.38600 7171.00000
-3.38500 7170.00000
-3.38400 7169.00000
-3.38300 7168.00000
-3.38200 7167.00000
-3.38100 7166.00000
-3.38000 7165.00000
-3.37900 7164.00000
-3.37800 7163.00000
-3.37700 7162.00000
-3.37600 7161.00000
-3.37500 7160.00000
-3.37400 7159.00000
-3.37300 7158.00000
-3.37200 7157.00000
-3.37100 7156.00000
-3.37000 7155.00000
-3.36900 7154.00000
-3.36800 7153.00000
-3.36700 7152.00000
-3.36600 7151.00000
-3.36500 7150.00000
-3.36400 7149.00000
-3.36300 7148.00000
-3.36200 7147.00000
-3.36100 7146.00000
-3.36000 7145.00000
-3.35900 7144.00000
-3.35800 7143.00000
-3.35700 7142.00000
-3.35600 7141.00000
-3.35500 7140.00000
-3.35400 7139.00000
-3.35300 7138.00000
-3.35200 7137.00000
-3.35100 7136.00000
-3.35000 7135.00000
-3.34900 7134.00000
-3.34800 7133.00000
-3.34700 7132.00000
-3.34600 7131.00000
-3.34500 7130.00000
-3.34400 7129.00000
-3.34300 7128.00000
-3.34200 7127.00000
-3.34100 7126.00000
-3.34000 7125.00000
-3.33900 7124.00000
-3.33800 7123.00000
-3.33700 7122.00000
-3.33600 7121.00000
-3.33500 7120.00000
-3.33400 7119.00000
-3.33300 7118.00000
-3.33200 7117.00000
-3.33100 7116.00000
-3.33000 7115.00000
-3.32900 7114.00000
-3.32800 7113.00000
-3.32700 7112.00000
-3.32600 7111.00000
-3.32500 7110.00000
-3.32400 7109.00000
-3.32300 7108.00000
-3.32200 7107.00000
-3.32100 7106.00000
-3.32000 7105.00000
-3.31900 7104.00000
-3.31800 7103.00000
-3.31700 7102.00000
-3.31600 7101.00000
-3.31500 7100.00000
-3.31400 7099.00000
-3.31300 7098.00000
-3.31200 7097.00000
-3.31100 7096.00000
-3.31000 7095.00000
-3.30900 7094.00000
-3.30800 7093.00000
-3.30700 7092.00000
-3.30600 7091.00000
-3.30500 7090.00000
-3.30400 7089.00000
-3.30300 7088.00000
-3.30200 7087.00000
-3.30100 7086.00000
-3.30000 7085.00000
-3.29900 7084.00000
-3.29800 7083.00000
-3.29700 7082.00000
-3.29600 7081.00000
-3.29500 7080.00000
-3.29400 7079.00000
-3.29300 7078.00000
-3.29200 7077.00000
-3.29100 7076.00000
-3.29000 7075.00000
-3.28900 7074.00000
-3.28800 7073.00000
-3.28700 7072.00000
-3.28600 7071.00000
-3.28500 7070.00000
-3.28400 7069.00000
-3.28300 7068.00000
-3.28200 7067.00000
-3.28100 7066.00000
-3.28000 7065.00000
-3.27900 7064.00000
-3.27800 7063.00000
-3.27700 7062.00000
-3.27600 7061.00000
-3.27500 7060.00000
-3.27400 7059.00000
-3.27300 7058.00000
-3.27200 7057.00000
-3.27100 7056.00000
-3.27000 7055.00000
-3.26900 7054.00000
-3.26800 7053.00000
-3.26700 7052.00000
-3.26600 7051.00000
-3.26500 7050.00000
-3.26400 7049.00000
-3.26300 7048.00000
-3.26200 7047.00000
-3.26100 7046.00000
-3.26000 7045.00000
-3.25900 7044.00000
-3.25800 7043.00000
-3.25700 7042.00000
-3.25600 7041.00000
-3.25500 7040.00000
-3.25400 7039.00000
-3.25300 7038.00000
-3.25200 7037.00000
-3.25100 7036.00000
-3.25000 7035.00000
-3.24900 7034.00000
-3.24800 7033.00000
-3.24700 7032.00000
-3.24600 7031.00000
-3.24500 7030.00000
-3.24400 7029.00000
-3.24300 7028.00000
-3.24200 7027.00000
-3.24100 7026.00000
-3.24000 7025.00000
-3.23900 7024.00000
-3.23800 7023.00000
-3.23700 7022.00000
-3.23600 7021.00000
-3.23500 7020.00000
-3.23400 7019.00000
-3.23300 7018.00000
-3.23200 7017.00000
-3.23100 7016.00000
-3.23000 7015.00000
-3.22900 7014.00000
-3.22800 7013.00000
-3.22700 7012.00000
-3.22600 7011.00000
-3.22500 7010.00000
-3.22400 7009.00000
-3.22300 7008.00000
-3.22200 7007.00000
-3.22100 7006.00000
-3.22000 7005.00000
-3.21900 7004.00000
-3.21800 7003.00000
-3.21700 7002.00000
-3.21600 7001.00000
-3.21500 7000.00000
-3.21400 6999.00000
-3.21300 6998.00000
-3.21200 6997.00000
-3.21100 6996.00000
-3.21000 6995.00000
-3.20900 6994.00000
-3.20800 6993.00000
-3.20700 6992.00000
-3.20600 6991.00000
-3.20500 6990.00000
-3.20400 6989.00000
-3.20300 6988.00000
-3.20200 6987.00000
-3.20100 6986.00000
-3.20000 6985.00000
-3.19900 6984.00000
-3.19800 6983.00000
-3.19700 6982.00000
-3.19600 6981.00000
-3.19500 6980.00000
-3.19400 6979.00000
-3.19300 6978.00000
-3.19200 6977.00000
-3.19100 6976.00000
-3.19000 6975.00000
-3.18900 6974.00000
-3.18800 6973.00000
-3.18700 6972.00000
-3.18600 6971.00000
-3.18500 6970.00000
-3.18400 6969.00000
-3.18300 6968.00000
-3.18200 6967.00000
-3.18100 6966.00000
-3.18000 6965.00000
-3.17900 6964.00000
-3.17800 6963.00000
-3.17700 6962.00000
-3.17600 6961.00000
-3.17500 6960.00000
-3.17400 6959.00000
-3.17300 6958.00000
-3.17200 6957.00000
-3.17100 6956.00000
-3.17000 6955.00000
-3.16900 6954.00000
-3.16800 6953.00000
-3.16700 6952.00000
-3.16600 6951.00000
-3.16500 6950.00000
-3.16400 6949.00000
-3.16300 6948.00000
-3.16200 6947.00000
-3.16100 6946.00000
-3.16000 6945.00000
-3.15900 6944.00000
-3.15800 6942.00000
-3.15700 6941.00000
-3.15600 6940.00000
-3.15500 6939.00000
-3.15400 6938.00000
-3.15300 6937.00000
-3.15200 6936.00000
-3.15100 6935.00000
-3.15000 6934.00000
-3.14900 6933.00000
-3.14800 6932.00000
-3.14700 6931.00000
-3.14600 6930.00000
-3.14500 6929.00000
-3.14400 6928.00000
-3.14300 6927.00000
-3.14200 6926.00000
-3.14100 6925.00000
-3.14000 6924.00000
-3.13900 6923.00000
-3.13800 6922.00000
-3.13700 6921.00000
-3.13600 6920.00000
-3.13500 6919.00000
-3.13400 6918.00000
-3.13300 6917.00000
-3.13200 6916.00000
-3.13100 6915.00000
-3.13000 6914.00000
-3.12900 6913.00000
-3.12800 6912.00000
-3.12700 6911.00000
-3.12600 6910.00000
-3.12500 6909.00000
-3.12400 6908.00000
-3.12300 6907.00000
-3.12200 6906.00000
-3.12100 6905.00000
-3.12000 6904.00000
-3.11900 6903.00000
-3.11800 6902.00000
-3.11700 6901.00000
-3.11600 6900.00000
-3.11500 6899.00000
-3.11400 6898.00000
-3.11300 6897.00000
-3.11200 6896.00000
-3.11100 6895.00000
-3.11000 6894.00000
-3.10900 6893.00000
-3.10800 6892.00000
-3.10700 6890.00000
-3.10600 6889.00000
-3.10500 6888.00000
-3.10400 6887.00000
-3.10300 6886.00000
-3.10200 6885.00000
-3.10100 6884.00000
-3.10000 6883.00000
-3.09900 6882.00000
-3.09800 6881.00000
-3.09700 6880.00000
-3.09600 6879.00000
-3.09500 6878.00000
-3.09400 6877.00000
-3.09300 6876.00000
-3.09200 6875.00000
-3.09100 6874.00000
-3.09000 6873.00000
-3.08900 6872.00000
-3.08800 6871.00000
-3.08700 6870.00000
-3.08600 6869.00000
-3.08500 6868.00000
-3.08400 6867.00000
-3.08300 6866.00000
-3.08200 6865.00000
-3.08100 6864.00000
-3.08000 6863.00000
-3.07900 6862.00000
-3.07800 6861.00000
-3.07700 6860.00000
-3.07600 6859.00000
-3.07500 6858.00000
-3.07400 6857.00000
-3.07300 6856.00000
-3.07200 6855.00000
-3.07100 6854.00000
-3.07000 6853.00000
-3.06900 6852.00000
-3.06800 6850.00000
-3.06700 6849.00000
-3.06600 6848.00000
-3.06500 6847.00000
-3.06400 6846.00000
-3.06300 6845.00000
-3.06200 6844.00000
-3.06100 6843.00000
-3.06000 6842.00000
-3.05900 6841.00000
-3.05800 6840.00000
-3.05700 6839.00000
-3.05600 6838.00000
-3.05500 6837.00000
-3.05400 6836.00000
-3.05300 6835.00000
-3.05200 6834.00000
-3.05100 6833.00000
-3.05000 6832.00000
-3.04900 6831.00000
-3.04800 6830.00000
-3.04700 6829.00000
-3.04600 6828.00000
-3.04500 6827.00000
-3.04400 6826.00000
-3.04300 6825.00000
-3.04200 6824.00000
-3.04100 6823.00000
-3.04000 6822.00000
-3.03900 6821.00000
-3.03800 6820.00000
-3.03700 6819.00000
-3.03600 6817.00000
-3.03500 6816.00000
-3.03400 6815.00000
-3.03300 6814.00000
-3.03200 6813.00000
-3.03100 6812.00000
-3.03000 6811.00000
-3.02900 6810.00000
-3.02800 6809.00000
-3.02700 6808.00000
-3.02600 6807.00000
-3.02500 6806.00000
-3.02400 6805.00000
-3.02300 6804.00000
-3.02200 6803.00000
-3.02100 6802.00000
-3.02000 6801.00000
-3.01900 6800.00000
-3.01800 6799.00000
-3.01700 6798.00000
-3.01600 6797.00000
-3.01500 6796.00000
-3.01400 6795.00000
-3.01300 6794.00000
-3.01200 6793.00000
-3.01100 6792.00000
-3.01000 6791.00000
-3.00900 6790.00000
-3.00800 6788.00000
-3.00700 6787.00000
-3.00600 6786.00000
-3.00500 6785.00000
-3.00400 6784.00000
-3.00300 6783.00000
-3.00200 6782.00000
-3.00100 6781.00000
-3.00000 6780.00000
-2.99900 6779.00000
-2.99800 6778.00000
-2.99700 6777.00000
-2.99600 6776.00000
-2.99500 6775.00000
-2.99400 6774.00000
-2.99300 6773.00000
-2.99200 6772.00000
-2.99100 6771.00000
-2.99000 6770.00000
-2.98900 6769.00000
-2.98800 6768.00000
-2.98700 6767.00000
-2.98600 6766.00000
-2.98500 6765.00000
-2.98400 6764.00000
-2.98300 6762.00000
-2.98200 6761.00000
-2.98100 6760.00000
-2.98000 6759.00000
-2.97900 6758.00000
-2.97800 6757.00000
-2.97700 6756.00000
-2.97600 6755.00000
-2.97500 6754.00000
-2.97400 6753.00000
-2.97300 6752.00000
-2.97200 6751.00000
-2.97100 6750.00000
-2.97000 6749.00000
-2.96900 6748.00000
-2.96800 6747.00000
-2.96700 6746.00000
-2.96600 6745.00000
-2.96500 6744.00000
-2.96400 6743.00000
-2.96300 6742.00000
-2.96200 6741.00000
-2.96100 6740.00000
-2.96000 6738.00000
-2.95900 6737.00000
-2.95800 6736.00000
-2.95700 6735.00000
-2.95600 6734.00000
-2.95500 6733.00000
-2.95400 6732.00000
-2.95300 6731.00000
-2.95200 6730.00000
-2.95100 6729.00000
-2.95000 6728.00000
-2.94900 6727.00000
-2.94800 6726.00000
-2.94700 6725.00000
-2.94600 6724.00000
-2.94500 6723.00000
-2.94400 6722.00000
-2.94300 6721.00000
-2.94200 6720.00000
-2.94100 6719.00000
-2.94000 6718.00000
-2.93900 6717.00000
-2.93800 6715.00000
-2.93700 6714.00000
-2.93600 6713.00000
-2.93500 6712.00000
-2.93400 6711.00000
-2.93300 6710.00000
-2.93200 6709.00000
-2.93100 6708.00000
-2.93000 6707.00000
-2.92900 6706.00000
-2.92800 6705.00000
-2.92700 6704.00000
-2.92600 6703.00000
-2.92500 6702.00000
-2.92400 6701.00000
-2.92300 6700.00000
-2.92200 6699.00000
-2.92100 6698.00000
-2.92000 6697.00000
-2.91900 6696.00000
-2.91800 6694.00000
-2.91700 6693.00000
-2.91600 6692.00000
-2.91500 6691.00000
-2.91400 6690.00000
-2.91300 6689.00000
-2.91200 6688.00000
-2.91100 6687.00000
-2.91000 6686.00000
-2.90900 6685.00000
-2.90800 6684.00000
-2.90700 6683.00000
-2.90600 6682.00000
-2.90500 6681.00000
-2.90400 6680.00000
-2.90300 6679.00000
-2.90200 6678.00000
-2.90100 6677.00000
-2.90000 6676.00000
-2.89900 6674.00000
-2.89800 6673.00000
-2.89700 6672.00000
-2.89600 6671.00000
-2.89500 6670.00000
-2.89400 6669.00000
-2.89300 6668.00000
-2.89200 6667.00000
-2.89100 6666.00000
-2.89000 6665.00000
-2.88900 6664.00000
-2.88800 6663.00000
-2.88700 6662.00000
-2.88600 6661.00000
-2.88500 6660.00000
-2.88400 6659.00000
-2.88300 6658.00000
-2.88200 6657.00000
-2.88100 6655.00000
-2.88000 6654.00000
-2.87900 6653.00000
-2.87800 6652.00000
-2.87700 6651.00000
-2.87600 6650.00000
-2.87500 6649.00000
-2.87400 6648.00000
-2.87300 6647.00000
-2.87200 6646.00000
-2.87100 6645.00000
-2.87000 6644.00000
-2.86900 6643.00000
-2.86800 6642.00000
-2.86700 6641.00000
-2.86600 6640.00000
-2.86500 6639.00000
-2.86400 6637.00000
-2.86300 6636.00000
-2.86200 6635.00000
-2.86100 6634.00000
-2.86000 6633.00000
-2.85900 6632.00000
-2.85800 6631.00000
-2.85700 6630.00000
-2.85600 6629.00000
-2.85500 6628.00000
-2.85400 6627.00000
-2.85300 6626.00000
-2.85200 6625.00000
-2.85100 6624.00000
-2.85000 6623.00000
-2.84900 6622.00000
-2.84800 6620.00000
-2.84700 6619.00000
-2.84600 6618.00000
-2.84500 6617.00000
-2.84400 6616.00000
-2.84300 6615.00000
-2.84200 6614.00000
-2.84100 6613.00000
-2.84000 6612.00000
-2.83900 6611.00000
-2.83800 6610.00000
-2.83700 6609.00000
-2.83600 6608.00000
-2.83500 6607.00000
-2.83400 6606.00000
-2.83300 6605.00000
-2.83200 6603.00000
-2.83100 6602.00000
-2.83000 6601.00000
-2.82900 6600.00000
-2.82800 6599.00000
-2.82700 6598.00000
-2.82600 6597.00000
-2.82500 6596.00000
-2.82400 6595.00000
-2.82300 6594.00000
-2.82200 6593.00000
-2.82100 6592.00000
-2.82000 6591.00000
-2.81900 6590.00000
-2.81800 6589.00000
-2.81700 6587.00000
-2.81600 6586.00000
-2.81500 6585.00000
-2.81400 6584.00000
-2.81300 6583.00000
-2.81200 6582.00000
-2.81100 6581.00000
-2.81000 6580.00000
-2.80900 6579.00000
-2.80800 6578.00000
-2.80700 6577.00000
-2.80600 6576.00000
-2.80500 6575.00000
-2.80400 6574.00000
-2.80300 6573.00000
-2.80200 6571.00000
-2.80100 6570.00000
-2.80000 6569.00000
-2.79900 6568.00000
-2.79800 6567.00000
-2.79700 6566.00000
-2.79600 6565.00000
-2.79500 6564.00000
-2.79400 6563.00000
-2.79300 6562.00000
-2.79200 6561.00000
-2.79100 6560.00000
-2.79000 6559.00000
-2.78900 6558.00000
-2.78800 6556.00000
-2.78700 6555.00000
-2.78600 6554.00000
-2.78500 6553.00000
-2.78400 6552.00000
-2.78300 6551.00000
-2.78200 6550.00000
-2.78100 6549.00000
-2.78000 6548.00000
-2.77900 6547.00000
-2.77800 6546.00000
-2.77700 6545.00000
-2.77600 6544.00000
-2.77500 6543.00000
-2.77400 6541.00000
-2.77300 6540.00000
-2.77200 6539.00000
-2.77100 6538.00000
-2.77000 6537.00000
-2.76900 6536.00000
-2.76800 6535.00000
-2.76700 6534.00000
-2.76600 6533.00000
-2.76500 6532.00000
-2.76400 6531.00000
-2.76300 6530.00000
-2.76200 6529.00000
-2.76100 6527.00000
-2.76000 6526.00000
-2.75900 6525.00000
-2.75800 6524.00000
-2.75700 6523.00000
-2.75600 6522.00000
-2.75500 6521.00000
-2.75400 6520.00000
-2.75300 6519.00000
-2.75200 6518.00000
-2.75100 6517.00000
-2.75000 6516.00000
-2.74900 6515.00000
-2.74800 6513.00000
-2.74700 6512.00000
-2.74600 6511.00000
-2.74500 6510.00000
-2.74400 6509.00000
-2.74300 6508.00000
-2.74200 6507.00000
-2.74100 6506.00000
-2.74000 6505.00000
-2.73900 6504.00000
-2.73800 6503.00000
-2.73700 6502.00000
-2.73600 6500.00000
-2.73500 6499.00000
-2.73400 6498.00000
-2.73300 6497.00000
-2.73200 6496.00000
-2.73100 6495.00000
-2.73000 6494.00000
-2.72900 6493.00000
-2.72800 6492.00000
-2.72700 6491.00000
-2.72600 6490.00000
-2.72500 6489.00000
-2.72400 6487.00000
-2.72300 6486.00000
-2.72200 6485.00000
-2.72100 6484.00000
-2.72000 6483.00000
-2.71900 6482.00000
-2.71800 6481.00000
-2.71700 6480.00000
-2.71600 6479.00000
-2.71500 6478.00000
-2.71400 6477.00000
-2.71300 6476.00000
-2.71200 6474.00000
-2.71100 6473.00000
-2.71000 6472.00000
-2.70900 6471.00000
-2.70800 6470.00000
-2.70700 6469.00000
-2.70600 6468.00000
-2.70500 6467.00000
-2.70400 6466.00000
-2.70300 6465.00000
-2.70200 6464.00000
-2.70100 6463.00000
-2.70000 6461.00000
-2.69900 6460.00000
-2.69800 6459.00000
-2.69700 6458.00000
-2.69600 6457.00000
-2.69500 6456.00000
-2.69400 6455.00000
-2.69300 6454.00000
-2.69200 6453.00000
-2.69100 6452.00000
-2.69000 6451.00000
-2.68900 6449.00000
-2.68800 6448.00000
-2.68700 6447.00000
-2.68600 6446.00000
-2.68500 6445.00000
-2.68400 6444.00000
-2.68300 6443.00000
-2.68200 6442.00000
-2.68100 6441.00000
-2.68000 6440.00000
-2.67900 6439.00000
-2.67800 6438.00000
-2.67700 6436.00000
-2.67600 6435.00000
-2.67500 6434.00000
-2.67400 6433.00000
-2.67300 6432.00000
-2.67200 6431.00000
-2.67100 6430.00000
-2.67000 6429.00000
-2.66900 6428.00000
-2.66800 6427.00000
-2.66700 6426.00000
-2.66600 6424.00000
-2.66500 6423.00000
-2.66400 6422.00000
-2.66300 6421.00000
-2.66200 6420.00000
-2.66100 6419.00000
-2.66000 6418.00000
-2.65900 6417.00000
-2.65800 6416.00000
-2.65700 6415.00000
-2.65600 6413.00000
-2.65500 6412.00000
-2.65400 6411.00000
-2.65300 6410.00000
-2.65200 6409.00000
-2.65100 6408.00000
-2.65000 6407.00000
-2.64900 6406.00000
-2.64800 6405.00000
-2.64700 6404.00000
-2.64600 6403.00000
-2.64500 6401.00000
-2.64400 6400.00000
-2.64300 6399.00000
-2.64200 6398.00000
-2.64100 6397.00000
-2.64000 6396.00000
-2.63900 6395.00000
-2.63800 6394.00000
-2.63700 6393.00000
-2.63600 6392.00000
-2.63500 6390.00000
-2.63400 6389.00000
-2.63300 6388.00000
-2.63200 6387.00000
-2.63100 6386.00000
-2.63000 6385.00000
-2.62900 6384.00000
-2.62800 6383.00000
-2.62700 6382.00000
-2.62600 6381.00000
-2.62500 6379.00000
-2.62400 6378.00000
-2.62300 6377.00000
-2.62200 6376.00000
-2.62100 6375.00000
-2.62000 6374.00000
-2.61900 6373.00000
-2.61800 6372.00000
-2.61700 6371.00000
-2.61600 6370.00000
-2.61500 6368.00000
-2.61400 6367.00000
-2.61300 6366.00000
-2.61200 6365.00000
-2.61100 6364.00000
-2.61000 6363.00000
-2.60900 6362.00000
-2.60800 6361.00000
-2.60700 6360.00000
-2.60600 6359.00000
-2.60500 6357.00000
-2.60400 6356.00000
-2.60300 6355.00000
-2.60200 6354.00000
-2.60100 6353.00000
-2.60000 6352.00000
-2.59900 6351.00000
-2.59800 6350.00000
-2.59700 6349.00000
-2.59600 6347.00000
-2.59500 6346.00000
-2.59400 6345.00000
-2.59300 6344.00000
-2.59200 6343.00000
-2.59100 6342.00000
-2.59000 6341.00000
-2.58900 6340.00000
-2.58800 6339.00000
-2.58700 6338.00000
-2.58600 6336.00000
-2.58500 6335.00000
-2.58400 6334.00000
-2.58300 6333.00000
-2.58200 6332.00000
-2.58100 6331.00000
-2.58000 6330.00000
-2.57900 6329.00000
-2.57800 6328.00000
-2.57700 6326.00000
-2.57600 6325.00000
-2.57500 6324.00000
-2.57400 6323.00000
-2.57300 6322.00000
-2.57200 6321.00000
-2.57100 6320.00000
-2.57000 6319.00000
-2.56900 6318.00000
-2.56800 6316.00000
-2.56700 6315.00000
-2.56600 6314.00000
-2.56500 6313.00000
-2.56400 6312.00000
-2.56300 6311.00000
-2.56200 6310.00000
-2.56100 6309.00000
-2.56000 6308.00000
-2.55900 6306.00000
-2.55800 6305.00000
-2.55700 6304.00000
-2.55600 6303.00000
-2.55500 6302.00000
-2.55400 6301.00000
-2.55300 6300.00000
-2.55200 6299.00000
-2.55100 6298.00000
-2.55000 6296.00000
-2.54900 6295.00000
-2.54800 6294.00000
-2.54700 6293.00000
-2.54600 6292.00000
-2.54500 6291.00000
-2.54400 6290.00000
-2.54300 6289.00000
-2.54200 6288.00000
-2.54100 6286.00000
-2.54000 6285.00000
-2.53900 6284.00000
-2.53800 6283.00000
-2.53700 6282.00000
-2.53600 6281.00000
-2.53500 6280.00000
-2.53400 6279.00000
-2.53300 6277.00000
-2.53200 6276.00000
-2.53100 6275.00000
-2.53000 6274.00000
-2.52900 6273.00000
-2.52800 6272.00000
-2.52700 6271.00000
-2.52600 6270.00000
-2.52500 6269.00000
-2.52400 6267.00000
-2.52300 6266.00000
-2.52200 6265.00000
-2.52100 6264.00000
-2.52000 6263.00000
-2.51900 6262.00000
-2.51800 6261.00000
-2.51700 6260.00000
-2.51600 6258.00000
-2.51500 6257.00000
-2.51400 6256.00000
-2.51300 6255.00000
-2.51200 6254.00000
-2.51100 6253.00000
-2.51000 6252.00000
-2.50900 6251.00000
-2.50800 6250.00000
-2.50700 6248.00000
-2.50600 6247.00000
-2.50500 6246.00000
-2.50400 6245.00000
-2.50300 6244.00000
-2.50200 6243.00000
-2.50100 6242.00000
-2.50000 6241.00000
-2.49900 6239.00000
-2.49800 6238.00000
-2.49700 6237.00000
-2.49600 6236.00000
-2.49500 6235.00000
-2.49400 6234.00000
-2.49300 6233.00000
-2.49200 6232.00000
-2.49100 6230.00000
-2.49000 6229.00000
-2.48900 6228.00000
-2.48800 6227.00000
-2.48700 6226.00000
-2.48600 6225.00000
-2.48500 6224.00000
-2.48400 6223.00000
-2.48300 6221.00000
-2.48200 6220.00000
-2.48100 6219.00000
-2.48000 6218.00000
-2.47900 6217.00000
-2.47800 6216.00000
-2.47700 6215.00000
-2.47600 6214.00000
-2.47500 6212.00000
-2.47400 6211.00000
-2.47300 6210.00000
-2.47200 6209.00000
-2.47100 6208.00000
-2.47000 6207.00000
-2.46900 6206.00000
-2.46800 6205.00000
-2.46700 6203.00000
-2.46600 6202.00000
-2.46500 6201.00000
-2.46400 6200.00000
-2.46300 6199.00000
-2.46200 6198.00000
-2.46100 6197.00000
-2.46000 6195.00000
-2.45900 6194.00000
-2.45800 6193.00000
-2.45700 6192.00000
-2.45600 6191.00000
-2.45500 6190.00000
-2.45400 6189.00000
-2.45300 6188.00000
-2.45200 6186.00000
-2.45100 6185.00000
-2.45000 6184.00000
-2.44900 6183.00000
-2.44800 6182.00000
-2.44700 6181.00000
-2.44600 6180.00000
-2.44500 6178.00000
-2.44400 6177.00000
-2.44300 6176.00000
-2.44200 6175.00000
-2.44100 6174.00000
-2.44000 6173.00000
-2.43900 6172.00000
-2.43800 6171.00000
-2.43700 6169.00000
-2.43600 6168.00000
-2.43500 6167.00000
-2.43400 6166.00000
-2.43300 6165.00000
-2.43200 6164.00000
-2.43100 6163.00000
-2.43000 6161.00000
-2.42900 6160.00000
-2.42800 6159.00000
-2.42700 6158.00000
-2.42600 6157.00000
-2.42500 6156.00000
-2.42400 6155.00000
-2.42300 6154.00000
-2.42200 6152.00000
-2.42100 6151.00000
-2.42000 6150.00000
-2.41900 6149.00000
-2.41800 6148.00000
-2.41700 6147.00000
-2.41600 6146.00000
-2.41500 6144.00000
-2.41400 6143.00000
-2.41300 6142.00000
-2.41200 6141.00000
-2.41100 6140.00000
-2.41000 6139.00000
-2.40900 6138.00000
-2.40800 6136.00000
-2.40700 6135.00000
-2.40600 6134.00000
-2.40500 6133.00000
-2.40400 6132.00000
-2.40300 6131.00000
-2.40200 6130.00000
-2.40100 6128.00000
-2.40000 6127.00000
-2.39900 6126.00000
-2.39800 6125.00000
-2.39700 6124.00000
-2.39600 6123.00000
-2.39500 6122.00000
-2.39400 6120.00000
-2.39300 6119.00000
-2.39200 6118.00000
-2.39100 6117.00000
-2.39000 6116.00000
-2.38900 6115.00000
-2.38800 6114.00000
-2.38700 6112.00000
-2.38600 6111.00000
-2.38500 6110.00000
-2.38400 6109.00000
-2.38300 6108.00000
-2.38200 6107.00000
-2.38100 6106.00000
-2.38000 6104.00000
-2.37900 6103.00000
-2.37800 6102.00000
-2.37700 6101.00000
-2.37600 6100.00000
-2.37500 6099.00000
-2.37400 6098.00000
-2.37300 6096.00000
-2.37200 6095.00000
-2.37100 6094.00000
-2.37000 6093.00000
-2.36900 6092.00000
-2.36800 6091.00000
-2.36700 6089.00000
-2.36600 6088.00000
-2.36500 6087.00000
-2.36400 6086.00000
-2.36300 6085.00000
-2.36200 6084.00000
-2.36100 6083.00000
-2.36000 6081.00000
-2.35900 6080.00000
-2.35800 6079.00000
-2.35700 6078.00000
-2.35600 6077.00000
-2.35500 6076.00000
-2.35400 6075.00000
-2.35300 6073.00000
-2.35200 6072.00000
-2.35100 6071.00000
-2.35000 6070.00000
-2.34900 6069.00000
-2.34800 6068.00000
-2.34700 6066.00000
-2.34600 6065.00000
-2.34500 6064.00000
-2.34400 6063.00000
-2.34300 6062.00000
-2.34200 6061.00000
-2.34100 6060.00000
-2.34000 6058.00000
-2.33900 6057.00000
-2.33800 6056.00000
-2.33700 6055.00000
-2.33600 6054.00000
-2.33500 6053.00000
-2.33400 6051.00000
-2.33300 6050.00000
-2.33200 6049.00000
-2.33100 6048.00000
-2.33000 6047.00000
-2.32900 6046.00000
-2.32800 6045.00000
-2.32700 6043.00000
-2.32600 6042.00000
-2.32500 6041.00000
-2.32400 6040.00000
-2.32300 6039.00000
-2.32200 6038.00000
-2.32100 6036.00000
-2.32000 6035.00000
-2.31900 6034.00000
-2.31800 6033.00000
-2.31700 6032.00000
-2.31600 6031.00000
-2.31500 6029.00000
-2.31400 6028.00000
-2.31300 6027.00000
-2.31200 6026.00000
-2.31100 6025.00000
-2.31000 6024.00000
-2.30900 6023.00000
-2.30800 6021.00000
-2.30700 6020.00000
-2.30600 6019.00000
-2.30500 6018.00000
-2.30400 6017.00000
-2.30300 6016.00000
-2.30200 6014.00000
-2.30100 6013.00000
-2.30000 6012.00000
-2.29900 6011.00000
-2.29800 6010.00000
-2.29700 6009.00000
-2.29600 6007.00000
-2.29500 6006.00000
-2.29400 6005.00000
-2.29300 6004.00000
-2.29200 6003.00000
-2.29100 6002.00000
-2.29000 6000.00000
-2.28900 5999.00000
-2.28800 5998.00000
-2.28700 5997.00000
-2.28600 5996.00000
-2.28500 5995.00000
-2.28400 5993.00000
-2.28300 5992.00000
-2.28200 5991.00000
-2.28100 5990.00000
-2.28000 5989.00000
-2.27900 5988.00000
-2.27800 5986.00000
-2.27700 5985.00000
-2.27600 5984.00000
-2.27500 5983.00000
-2.27400 5982.00000
-2.27300 5981.00000
-2.27200 5979.00000
-2.27100 5978.00000
-2.27000 5977.00000
-2.26900 5976.00000
-2.26800 5975.00000
-2.26700 5974.00000
-2.26600 5972.00000
-2.26500 5971.00000
-2.26400 5970.00000
-2.26300 5969.00000
-2.26200 5968.00000
-2.26100 5967.00000
-2.26000 5965.00000
-2.25900 5964.00000
-2.25800 5963.00000
-2.25700 5962.00000
-2.25600 5961.00000
-2.25500 5960.00000
-2.25400 5958.00000
-2.25300 5957.00000
-2.25200 5956.00000
-2.25100 5955.00000
-2.25000 5954.00000
-2.24900 5952.00000
-2.24800 5951.00000
-2.24700 5950.00000
-2.24600 5949.00000
-2.24500 5948.00000
-2.24400 5947.00000
-2.24300 5945.00000
-2.24200 5944.00000
-2.24100 5943.00000
-2.24000 5942.00000
-2.23900 5941.00000
-2.23800 5940.00000
-2.23700 5938.00000
-2.23600 5937.00000
-2.23500 5936.00000
-2.23400 5935.00000
-2.23300 5934.00000
-2.23200 5932.00000
-2.23100 5931.00000
-2.23000 5930.00000
-2.22900 5929.00000
-2.22800 5928.00000
-2.22700 5927.00000
-2.22600 5925.00000
-2.22500 5924.00000
-2.22400 5923.00000
-2.22300 5922.00000
-2.22200 5921.00000
-2.22100 5920.00000
-2.22000 5918.00000
-2.21900 5917.00000
-2.21800 5916.00000
-2.21700 5915.00000
-2.21600 5914.00000
-2.21500 5912.00000
-2.21400 5911.00000
-2.21300 5910.00000
-2.21200 5909.00000
-2.21100 5908.00000
-2.21000 5907.00000
-2.20900 5905.00000
-2.20800 5904.00000
-2.20700 5903.00000
-2.20600 5902.00000
-2.20500 5901.00000
-2.20400 5899.00000
-2.20300 5898.00000
-2.20200 5897.00000
-2.20100 5896.00000
-2.20000 5895.00000
-2.19900 5894.00000
-2.19800 5892.00000
-2.19700 5891.00000
-2.19600 5890.00000
-2.19500 5889.00000
-2.19400 5888.00000
-2.19300 5886.00000
-2.19200 5885.00000
-2.19100 5884.00000
-2.19000 5883.00000
-2.18900 5882.00000
-2.18800 5880.00000
-2.18700 5879.00000
-2.18600 5878.00000
-2.18500 5877.00000
-2.18400 5876.00000
-2.18300 5875.00000
-2.18200 5873.00000
-2.18100 5872.00000
-2.18000 5871.00000
-2.17900 5870.00000
-2.17800 5869.00000
-2.17700 5867.00000
-2.17600 5866.00000
-2.17500 5865.00000
-2.17400 5864.00000
-2.17300 5863.00000
-2.17200 5861.00000
-2.17100 5860.00000
-2.17000 5859.00000
-2.16900 5858.00000
-2.16800 5857.00000
-2.16700 5855.00000
-2.16600 5854.00000
-2.16500 5853.00000
-2.16400 5852.00000
-2.16300 5851.00000
-2.16200 5850.00000
-2.16100 5848.00000
-2.16000 5847.00000
-2.15900 5846.00000
-2.15800 5845.00000
-2.15700 5844.00000
-2.15600 5842.00000
-2.15500 5841.00000
-2.15400 5840.00000
-2.15300 5839.00000
-2.15200 5838.00000
-2.15100 5836.00000
-2.15000 5835.00000
-2.14900 5834.00000
-2.14800 5833.00000
-2.14700 5832.00000
-2.14600 5830.00000
-2.14500 5829.00000
-2.14400 5828.00000
-2.14300 5827.00000
-2.14200 5826.00000
-2.14100 5824.00000
-2.14000 5823.00000
-2.13900 5822.00000
-2.13800 5821.00000
-2.13700 5820.00000
-2.13600 5818.00000
-2.13500 5817.00000
-2.13400 5816.00000
-2.13300 5815.00000
-2.13200 5814.00000
-2.13100 5812.00000
-2.13000 5811.00000
-2.12900 5810.00000
-2.12800 5809.00000
-2.12700 5808.00000
-2.12600 5806.00000
-2.12500 5805.00000
-2.12400 5804.00000
-2.12300 5803.00000
-2.12200 5802.00000
-2.12100 5800.00000
-2.12000 5799.00000
-2.11900 5798.00000
-2.11800 5797.00000
-2.11700 5796.00000
-2.11600 5794.00000
-2.11500 5793.00000
-2.11400 5792.00000
-2.11300 5791.00000
-2.11200 5790.00000
-2.11100 5788.00000
-2.11000 5787.00000
-2.10900 5786.00000
-2.10800 5785.00000
-2.10700 5784.00000
-2.10600 5782.00000
-2.10500 5781.00000
-2.10400 5780.00000
-2.10300 5779.00000
-2.10200 5778.00000
-2.10100 5776.00000
-2.10000 5775.00000
-2.09900 5774.00000
-2.09800 5773.00000
-2.09700 5771.00000
-2.09600 5770.00000
-2.09500 5769.00000
-2.09400 5768.00000
-2.09300 5767.00000
-2.09200 5765.00000
-2.09100 5764.00000
-2.09000 5763.00000
-2.08900 5762.00000
-2.08800 5761.00000
-2.08700 5759.00000
-2.08600 5758.00000
-2.08500 5757.00000
-2.08400 5756.00000
-2.08300 5755.00000
-2.08200 5753.00000
-2.08100 5752.00000
-2.08000 5751.00000
-2.07900 5750.00000
-2.07800 5748.00000
-2.07700 5747.00000
-2.07600 5746.00000
-2.07500 5745.00000
-2.07400 5744.00000
-2.07300 5742.00000
-2.07200 5741.00000
-2.07100 5740.00000
-2.07000 5739.00000
-2.06900 5738.00000
-2.06800 5736.00000
-2.06700 5735.00000
-2.06600 5734.00000
-2.06500 5733.00000
-2.06400 5731.00000
-2.06300 5730.00000
-2.06200 5729.00000
-2.06100 5728.00000
-2.06000 5727.00000
-2.05900 5725.00000
-2.05800 5724.00000
-2.05700 5723.00000
-2.05600 5722.00000
-2.05500 5721.00000
-2.05400 5719.00000
-2.05300 5718.00000
-2.05200 5717.00000
-2.05100 5716.00000
-2.05000 5714.00000
-2.04900 5713.00000
-2.04800 5712.00000
-2.04700 5711.00000
-2.04600 5710.00000
-2.04500 5708.00000
-2.04400 5707.00000
-2.04300 5706.00000
-2.04200 5705.00000
-2.04100 5703.00000
-2.04000 5702.00000
-2.03900 5701.00000
-2.03800 5700.00000
-2.03700 5699.00000
-2.03600 5697.00000
-2.03500 5696.00000
-2.03400 5695.00000
-2.03300 5694.00000
-2.03200 5692.00000
-2.03100 5691.00000
-2.03000 5690.00000
-2.02900 5689.00000
-2.02800 5688.00000
-2.02700 5686.00000
-2.02600 5685.00000
-2.02500 5684.00000
-2.02400 5683.00000
-2.02300 5681.00000
-2.02200 5680.00000
-2.02100 5679.00000
-2.02000 5678.00000
-2.01900 5677.00000
-2.01800 5675.00000
-2.01700 5674.00000
-2.01600 5673.00000
-2.01500 5672.00000
-2.01400 5670.00000
-2.01300 5669.00000
-2.01200 5668.00000
-2.01100 5667.00000
-2.01000 5665.00000
-2.00900 5664.00000
-2.00800 5663.00000
-2.00700 5662.00000
-2.00600 5661.00000
-2.00500 5659.00000
-2.00400 5658.00000
-2.00300 5657.00000
-2.00200 5656.00000
-2.00100 5654.00000
-2.00000 5653.00000
-1.99900 5652.00000
-1.99800 5651.00000
-1.99700 5649.00000
-1.99600 5648.00000
-1.99500 5647.00000
-1.99400 5646.00000
-1.99300 5645.00000
-1.99200 5643.00000
-1.99100 5642.00000
-1.99000 5641.00000
-1.98900 5640.00000
-1.98800 5638.00000
-1.98700 5637.00000
-1.98600 5636.00000
-1.98500 5635.00000
-1.98400 5633.00000
-1.98300 5632.00000
-1.98200 5631.00000
-1.98100 5630.00000
-1.98000 5628.00000
-1.97900 5627.00000
-1.97800 5626.00000
-1.97700 5625.00000
-1.97600 5624.00000
-1.97500 5622.00000
-1.97400 5621.00000
-1.97300 5620.00000
-1.97200 5619.00000
-1.97100 5617.00000
-1.97000 5616.00000
-1.96900 5615.00000
-1.96800 5614.00000
-1.96700 5612.00000
-1.96600 5611.00000
-1.96500 5610.00000
-1.96400 5609.00000
-1.96300 5607.00000
-1.96200 5606.00000
-1.96100 5605.00000
-1.96000 5604.00000
-1.95900 5602.00000
-1.95800 5601.00000
-1.95700 5600.00000
-1.95600 5599.00000
-1.95500 5597.00000
-1.95400 5596.00000
-1.95300 5595.00000
-1.95200 5594.00000
-1.95100 5592.00000
-1.95000 5591.00000
-1.94900 5590.00000
-1.94800 5589.00000
-1.94700 5587.00000
-1.94600 5586.00000
-1.94500 5585.00000
-1.94400 5584.00000
-1.94300 5583.00000
-1.94200 5581.00000
-1.94100 5580.00000
-1.94000 5579.00000
-1.93900 5578.00000
-1.93800 5576.00000
-1.93700 5575.00000
-1.93600 5574.00000
-1.93500 5573.00000
-1.93400 5571.00000
-1.93300 5570.00000
-1.93200 5569.00000
-1.93100 5568.00000
-1.93000 5566.00000
-1.92900 5565.00000
-1.92800 5564.00000
-1.92700 5563.00000
-1.92600 5561.00000
-1.92500 5560.00000
-1.92400 5559.00000
-1.92300 5558.00000
-1.92200 5556.00000
-1.92100 5555.00000
-1.92000 5554.00000
-1.91900 5553.00000
-1.91800 5551.00000
-1.91700 5550.00000
-1.91600 5549.00000
-1.91500 5547.00000
-1.91400 5546.00000
-1.91300 5545.00000
-1.91200 5544.00000
-1.91100 5542.00000
-1.91000 5541.00000
-1.90900 5540.00000
-1.90800 5539.00000
-1.90700 5537.00000
-1.90600 5536.00000
-1.90500 5535.00000
-1.90400 5534.00000
-1.90300 5532.00000
-1.90200 5531.00000
-1.90100 5530.00000
-1.90000 5529.00000
-1.89900 5527.00000
-1.89800 5526.00000
-1.89700 5525.00000
-1.89600 5524.00000
-1.89500 5522.00000
-1.89400 5521.00000
-1.89300 5520.00000
-1.89200 5519.00000
-1.89100 5517.00000
-1.89000 5516.00000
-1.88900 5515.00000
-1.88800 5514.00000
-1.88700 5512.00000
-1.88600 5511.00000
-1.88500 5510.00000
-1.88400 5508.00000
-1.88300 5507.00000
-1.88200 5506.00000
-1.88100 5505.00000
-1.88000 5503.00000
-1.87900 5502.00000
-1.87800 5501.00000
-1.87700 5500.00000
-1.87600 5498.00000
-1.87500 5497.00000
-1.87400 5496.00000
-1.87300 5495.00000
-1.87200 5493.00000
-1.87100 5492.00000
-1.87000 5491.00000
-1.86900 5489.00000
-1.86800 5488.00000
-1.86700 5487.00000
-1.86600 5486.00000
-1.86500 5484.00000
-1.86400 5483.00000
-1.86300 5482.00000
-1.86200 5481.00000
-1.86100 5479.00000
-1.86000 5478.00000
-1.85900 5477.00000
-1.85800 5476.00000
-1.85700 5474.00000
-1.85600 5473.00000
-1.85500 5472.00000
-1.85400 5470.00000
-1.85300 5469.00000
-1.85200 5468.00000
-1.85100 5467.00000
-1.85000 5465.00000
-1.84900 5464.00000
-1.84800 5463.00000
-1.84700 5462.00000
-1.84600 5460.00000
-1.84500 5459.00000
-1.84400 5458.00000
-1.84300 5456.00000
-1.84200 5455.00000
-1.84100 5454.00000
-1.84000 5453.00000
-1.83900 5451.00000
-1.83800 5450.00000
-1.83700 5449.00000
-1.83600 5448.00000
-1.83500 5446.00000
-1.83400 5445.00000
-1.83300 5444.00000
-1.83200 5442.00000
-1.83100 5441.00000
-1.83000 5440.00000
-1.82900 5439.00000
-1.82800 5437.00000
-1.82700 5436.00000
-1.82600 5435.00000
-1.82500 5433.00000
-1.82400 5432.00000
-1.82300 5431.00000
-1.82200 5430.00000
-1.82100 5428.00000
-1.82000 5427.00000
-1.81900 5426.00000
-1.81800 5425.00000
-1.81700 5423.00000
-1.81600 5422.00000
-1.81500 5421.00000
-1.81400 5419.00000
-1.81300 5418.00000
-1.81200 5417.00000
-1.81100 5416.00000
-1.81000 5414.00000
-1.80900 5413.00000
-1.80800 5412.00000
-1.80700 5410.00000
-1.80600 5409.00000
-1.80500 5408.00000
-1.80400 5407.00000
-1.80300 5405.00000
-1.80200 5404.00000
-1.80100 5403.00000
-1.80000 5401.00000
-1.79900 5400.00000
-1.79800 5399.00000
-1.79700 5398.00000
-1.79600 5396.00000
-1.79500 5395.00000
-1.79400 5394.00000
-1.79300 5392.00000
-1.79200 5391.00000
-1.79100 5390.00000
-1.79000 5389.00000
-1.78900 5387.00000
-1.78800 5386.00000
-1.78700 5385.00000
-1.78600 5383.00000
-1.78500 5382.00000
-1.78400 5381.00000
-1.78300 5379.00000
-1.78200 5378.00000
-1.78100 5377.00000
-1.78000 5376.00000
-1.77900 5374.00000
-1.77800 5373.00000
-1.77700 5372.00000
-1.77600 5370.00000
-1.77500 5369.00000
-1.77400 5368.00000
-1.77300 5367.00000
-1.77200 5365.00000
-1.77100 5364.00000
-1.77000 5363.00000
-1.76900 5361.00000
-1.76800 5360.00000
-1.76700 5359.00000
-1.76600 5357.00000
-1.76500 5356.00000
-1.76400 5355.00000
-1.76300 5354.00000
-1.76200 5352.00000
-1.76100 5351.00000
-1.76000 5350.00000
-1.75900 5348.00000
-1.75800 5347.00000
-1.75700 5346.00000
-1.75600 5345.00000
-1.75500 5343.00000
-1.75400 5342.00000
-1.75300 5341.00000
-1.75200 5339.00000
-1.75100 5338.00000
-1.75000 5337.00000
-1.74900 5335.00000
-1.74800 5334.00000
-1.74700 5333.00000
-1.74600 5331.00000
-1.74500 5330.00000
-1.74400 5329.00000
-1.74300 5328.00000
-1.74200 5326.00000
-1.74100 5325.00000
-1.74000 5324.00000
-1.73900 5322.00000
-1.73800 5321.00000
-1.73700 5320.00000
-1.73600 5318.00000
-1.73500 5317.00000
-1.73400 5316.00000
-1.73300 5315.00000
-1.73200 5313.00000
-1.73100 5312.00000
-1.73000 5311.00000
-1.72900 5309.00000
-1.72800 5308.00000
-1.72700 5307.00000
-1.72600 5305.00000
-1.72500 5304.00000
-1.72400 5303.00000
-1.72300 5301.00000
-1.72200 5300.00000
-1.72100 5299.00000
-1.72000 5298.00000
-1.71900 5296.00000
-1.71800 5295.00000
-1.71700 5294.00000
-1.71600 5292.00000
-1.71500 5291.00000
-1.71400 5290.00000
-1.71300 5288.00000
-1.71200 5287.00000
-1.71100 5286.00000
-1.71000 5284.00000
-1.70900 5283.00000
-1.70800 5282.00000
-1.70700 5280.00000
-1.70600 5279.00000
-1.70500 5278.00000
-1.70400 5276.00000
-1.70300 5275.00000
-1.70200 5274.00000
-1.70100 5273.00000
-1.70000 5271.00000
-1.69900 5270.00000
-1.69800 5269.00000
-1.69700 5267.00000
-1.69600 5266.00000
-1.69500 5265.00000
-1.69400 5263.00000
-1.69300 5262.00000
-1.69200 5261.00000
-1.69100 5259.00000
-1.69000 5258.00000
-1.68900 5257.00000
-1.68800 5255.00000
-1.68700 5254.00000
-1.68600 5253.00000
-1.68500 5251.00000
-1.68400 5250.00000
-1.68300 5249.00000
-1.68200 5247.00000
-1.68100 5246.00000
-1.68000 5245.00000
-1.67900 5244.00000
-1.67800 5242.00000
-1.67700 5241.00000
-1.67600 5240.00000
-1.67500 5238.00000
-1.67400 5237.00000
-1.67300 5236.00000
-1.67200 5234.00000
-1.67100 5233.00000
-1.67000 5232.00000
-1.66900 5230.00000
-1.66800 5229.00000
-1.66700 5228.00000
-1.66600 5226.00000
-1.66500 5225.00000
-1.66400 5224.00000
-1.66300 5222.00000
-1.66200 5221.00000
-1.66100 5220.00000
-1.66000 5218.00000
-1.65900 5217.00000
-1.65800 5216.00000
-1.65700 5214.00000
-1.65600 5213.00000
-1.65500 5212.00000
-1.65400 5210.00000
-1.65300 5209.00000
-1.65200 5208.00000
-1.65100 5206.00000
-1.65000 5205.00000
-1.64900 5204.00000
-1.64800 5202.00000
-1.64700 5201.00000
-1.64600 5200.00000
-1.64500 5198.00000
-1.64400 5197.00000
-1.64300 5196.00000
-1.64200 5194.00000
-1.64100 5193.00000
-1.64000 5192.00000
-1.63900 5190.00000
-1.63800 5189.00000
-1.63700 5188.00000
-1.63600 5186.00000
-1.63500 5185.00000
-1.63400 5184.00000
-1.63300 5182.00000
-1.63200 5181.00000
-1.63100 5180.00000
-1.63000 5178.00000
-1.62900 5177.00000
-1.62800 5176.00000
-1.62700 5174.00000
-1.62600 5173.00000
-1.62500 5172.00000
-1.62400 5170.00000
-1.62300 5169.00000
-1.62200 5167.00000
-1.62100 5166.00000
-1.62000 5165.00000
-1.61900 5163.00000
-1.61800 5162.00000
-1.61700 5161.00000
-1.61600 5159.00000
-1.61500 5158.00000
-1.61400 5157.00000
-1.61300 5155.00000
-1.61200 5154.00000
-1.61100 5153.00000
-1.61000 5151.00000
-1.60900 5150.00000
-1.60800 5149.00000
-1.60700 5147.00000
-1.60600 5146.00000
-1.60500 5145.00000
-1.60400 5143.00000
-1.60300 5142.00000
-1.60200 5141.00000
-1.60100 5139.00000
-1.60000 5138.00000
-1.59900 5137.00000
-1.59800 5135.00000
-1.59700 5134.00000
-1.59600 5132.00000
-1.59500 5131.00000
-1.59400 5130.00000
-1.59300 5128.00000
-1.59200 5127.00000
-1.59100 5126.00000
-1.59000 5124.00000
-1.58900 5123.00000
-1.58800 5122.00000
-1.58700 5120.00000
-1.58600 5119.00000
-1.58500 5118.00000
-1.58400 5116.00000
-1.58300 5115.00000
-1.58200 5114.00000
-1.58100 5112.00000
-1.58000 5111.00000
-1.57900 5109.00000
-1.57800 5108.00000
-1.57700 5107.00000
-1.57600 5105.00000
-1.57500 5104.00000
-1.57400 5103.00000
-1.57300 5101.00000
-1.57200 5100.00000
-1.57100 5099.00000
-1.57000 5097.00000
-1.56900 5096.00000
-1.56800 5094.00000
-1.56700 5093.00000
-1.56600 5092.00000
-1.56500 5090.00000
-1.56400 5089.00000
-1.56300 5088.00000
-1.56200 5086.00000
-1.56100 5085.00000
-1.56000 5084.00000
-1.55900 5082.00000
-1.55800 5081.00000
-1.55700 5079.00000
-1.55600 5078.00000
-1.55500 5077.00000
-1.55400 5075.00000
-1.55300 5074.00000
-1.55200 5073.00000
-1.55100 5071.00000
-1.55000 5070.00000
-1.54900 5069.00000
-1.54800 5067.00000
-1.54700 5066.00000
-1.54600 5064.00000
-1.54500 5063.00000
-1.54400 5062.00000
-1.54300 5060.00000
-1.54200 5059.00000
-1.54100 5058.00000
-1.54000 5056.00000
-1.53900 5055.00000
-1.53800 5053.00000
-1.53700 5052.00000
-1.53600 5051.00000
-1.53500 5049.00000
-1.53400 5048.00000
-1.53300 5047.00000
-1.53200 5045.00000
-1.53100 5044.00000
-1.53000 5042.00000
-1.52900 5041.00000
-1.52800 5040.00000
-1.52700 5038.00000
-1.52600 5037.00000
-1.52500 5036.00000
-1.52400 5034.00000
-1.52300 5033.00000
-1.52200 5031.00000
-1.52100 5030.00000
-1.52000 5029.00000
-1.51900 5027.00000
-1.51800 5026.00000
-1.51700 5025.00000
-1.51600 5023.00000
-1.51500 5022.00000
-1.51400 5020.00000
-1.51300 5019.00000
-1.51200 5018.00000
-1.51100 5016.00000
-1.51000 5015.00000
-1.50900 5013.00000
-1.50800 5012.00000
-1.50700 5011.00000
-1.50600 5009.00000
-1.50500 5008.00000
-1.50400 5007.00000
-1.50300 5005.00000
-1.50200 5004.00000
-1.50100 5002.00000
-1.50400 4998.00000
-1.50300 4997.00000
-1.50200 4996.00000
-1.50100 4994.00000
-1.50000 4993.00000
-1.49900 4992.00000
-1.49800 4990.00000
-1.49700 4989.00000
-1.49600 4987.00000
-1.49500 4986.00000
-1.49400 4985.00000
-1.49300 4983.00000
-1.49200 4982.00000
-1.49100 4981.00000
-1.49000 4979.00000
-1.48900 4978.00000
-1.48800 4976.00000
-1.48700 4975.00000
-1.48600 4974.00000
-1.48500 4972.00000
-1.48400 4971.00000
-1.48300 4970.00000
-1.48200 4968.00000
-1.48100 4967.00000
-1.48000 4965.00000
-1.47900 4964.00000
-1.47800 4963.00000
-1.47700 4961.00000
-1.47600 4960.00000
-1.47500 4958.00000
-1.47400 4957.00000
-1.47300 4956.00000
-1.47200 4954.00000
-1.47100 4953.00000
-1.47000 4952.00000
-1.46900 4950.00000
-1.46800 4949.00000
-1.46700 4947.00000
-1.46600 4946.00000
-1.46500 4945.00000
-1.46400 4943.00000
-1.46300 4942.00000
-1.46200 4940.00000
-1.46100 4939.00000
-1.46000 4938.00000
-1.45900 4936.00000
-1.45800 4935.00000
-1.45700 4934.00000
-1.45600 4932.00000
-1.45500 4931.00000
-1.45400 4929.00000
-1.45300 4928.00000
-1.45200 4927.00000
-1.45100 4925.00000
-1.45000 4924.00000
-1.44900 4922.00000
-1.44800 4921.00000
-1.44700 4920.00000
-1.44600 4918.00000
-1.44500 4917.00000
-1.44400 4915.00000
-1.44300 4914.00000
-1.44200 4913.00000
-1.44100 4911.00000
-1.44000 4910.00000
-1.43900 4908.00000
-1.43800 4907.00000
-1.43700 4906.00000
-1.43600 4904.00000
-1.43500 4903.00000
-1.43400 4901.00000
-1.43300 4900.00000
-1.43200 4899.00000
-1.43100 4897.00000
-1.43000 4896.00000
-1.42900 4894.00000
-1.42800 4893.00000
-1.42700 4892.00000
-1.42600 4890.00000
-1.42500 4889.00000
-1.42400 4887.00000
-1.42300 4886.00000
-1.42200 4885.00000
-1.42100 4883.00000
-1.42000 4882.00000
-1.41900 4880.00000
-1.41800 4879.00000
-1.41700 4878.00000
-1.41600 4876.00000
-1.41500 4875.00000
-1.41400 4873.00000
-1.41300 4872.00000
-1.41200 4871.00000
-1.41100 4869.00000
-1.41000 4868.00000
-1.40900 4866.00000
-1.40800 4865.00000
-1.40700 4864.00000
-1.40600 4862.00000
-1.40500 4861.00000
-1.40400 4859.00000
-1.40300 4858.00000
-1.40200 4856.00000
-1.40100 4855.00000
-1.40000 4854.00000
-1.39900 4852.00000
-1.39800 4851.00000
-1.39700 4849.00000
-1.39600 4848.00000
-1.39500 4847.00000
-1.39400 4845.00000
-1.39300 4844.00000
-1.39200 4842.00000
-1.39100 4841.00000
-1.39000 4840.00000
-1.38900 4838.00000
-1.38800 4837.00000
-1.38700 4835.00000
-1.38600 4834.00000
-1.38500 4832.00000
-1.38400 4831.00000
-1.38300 4830.00000
-1.38200 4828.00000
-1.38100 4827.00000
-1.38000 4825.00000
-1.37900 4824.00000
-1.37800 4822.00000
-1.37700 4821.00000
-1.37600 4820.00000
-1.37500 4818.00000
-1.37400 4817.00000
-1.37300 4815.00000
-1.37200 4814.00000
-1.37100 4813.00000
-1.37000 4811.00000
-1.36900 4810.00000
-1.36800 4808.00000
-1.36700 4807.00000
-1.36600 4805.00000
-1.36500 4804.00000
-1.36400 4803.00000
-1.36300 4801.00000
-1.36200 4800.00000
-1.36100 4798.00000
-1.36000 4797.00000
-1.35900 4795.00000
-1.35800 4794.00000
-1.35700 4792.00000
-1.35600 4791.00000
-1.35500 4790.00000
-1.35400 4788.00000
-1.35300 4787.00000
-1.35200 4785.00000
-1.35100 4784.00000
-1.35000 4782.00000
-1.34900 4781.00000
-1.34800 4780.00000
-1.34700 4778.00000
-1.34600 4777.00000
-1.34500 4775.00000
-1.34400 4774.00000
-1.34300 4772.00000
-1.34200 4771.00000
-1.34100 4770.00000
-1.34000 4768.00000
-1.33900 4767.00000
-1.33800 4765.00000
-1.33700 4764.00000
-1.33600 4762.00000
-1.33500 4761.00000
-1.33400 4759.00000
-1.33300 4758.00000
-1.33200 4757.00000
-1.33100 4755.00000
-1.33000 4754.00000
-1.32900 4752.00000
-1.32800 4751.00000
-1.32700 4749.00000
-1.32600 4748.00000
-1.32500 4746.00000
-1.32400 4745.00000
-1.32300 4744.00000
-1.32200 4742.00000
-1.32100 4741.00000
-1.32000 4739.00000
-1.31900 4738.00000
-1.31800 4736.00000
-1.31700 4735.00000
-1.31600 4733.00000
-1.31500 4732.00000
-1.31400 4730.00000
-1.31300 4729.00000
-1.31200 4728.00000
-1.31100 4726.00000
-1.31000 4725.00000
-1.30900 4723.00000
-1.30800 4722.00000
-1.30700 4720.00000
-1.30600 4719.00000
-1.30500 4717.00000
-1.30400 4716.00000
-1.30300 4714.00000
-1.30200 4713.00000
-1.30100 4712.00000
-1.30000 4710.00000
-1.29900 4709.00000
-1.29800 4707.00000
-1.29700 4706.00000
-1.29600 4704.00000
-1.29500 4703.00000
-1.29400 4701.00000
-1.29300 4700.00000
-1.29200 4698.00000
-1.29100 4697.00000
-1.29000 4695.00000
-1.28900 4694.00000
-1.28800 4693.00000
-1.28700 4691.00000
-1.28600 4690.00000
-1.28500 4688.00000
-1.28400 4687.00000
-1.28300 4685.00000
-1.28200 4684.00000
-1.28100 4682.00000
-1.28000 4681.00000
-1.27900 4679.00000
-1.27800 4678.00000
-1.27700 4676.00000
-1.27600 4675.00000
-1.27500 4673.00000
-1.27400 4672.00000
-1.27300 4671.00000
-1.27200 4669.00000
-1.27100 4668.00000
-1.27000 4666.00000
-1.26900 4665.00000
-1.26800 4663.00000
-1.26700 4662.00000
-1.26600 4660.00000
-1.26500 4659.00000
-1.26400 4657.00000
-1.26300 4656.00000
-1.26200 4654.00000
-1.26100 4653.00000
-1.26000 4651.00000
-1.25900 4650.00000
-1.25800 4648.00000
-1.25700 4647.00000
-1.25600 4645.00000
-1.25500 4644.00000
-1.25400 4642.00000
-1.25300 4641.00000
-1.25200 4639.00000
-1.25100 4638.00000
-1.25000 4637.00000
-1.24900 4635.00000
-1.24800 4634.00000
-1.24700 4632.00000
-1.24600 4631.00000
-1.24500 4629.00000
-1.24400 4628.00000
-1.24300 4626.00000
-1.24200 4625.00000
-1.24100 4623.00000
-1.24000 4622.00000
-1.23900 4620.00000
-1.23800 4619.00000
-1.23700 4617.00000
-1.23600 4616.00000
-1.23500 4614.00000
-1.23400 4613.00000
-1.23300 4611.00000
-1.23200 4610.00000
-1.23100 4608.00000
-1.23000 4607.00000
-1.22900 4605.00000
-1.22800 4604.00000
-1.22700 4602.00000
-1.22600 4601.00000
-1.22500 4599.00000
-1.22400 4598.00000
-1.22300 4596.00000
-1.22200 4595.00000
-1.22100 4593.00000
-1.22000 4592.00000
-1.21900 4590.00000
-1.21800 4589.00000
-1.21700 4587.00000
-1.21600 4586.00000
-1.21500 4584.00000
-1.21400 4583.00000
-1.21300 4581.00000
-1.21200 4580.00000
-1.21100 4578.00000
-1.21000 4577.00000
-1.20900 4575.00000
-1.20800 4574.00000
-1.20700 4572.00000
-1.20600 4571.00000
-1.20500 4569.00000
-1.20400 4568.00000
-1.20300 4566.00000
-1.20200 4565.00000
-1.20100 4563.00000
-1.20000 4562.00000
-1.19900 4560.00000
-1.19800 4559.00000
-1.19700 4557.00000
-1.19600 4556.00000
-1.19500 4554.00000
-1.19400 4553.00000
-1.19300 4551.00000
-1.19200 4550.00000
-1.19100 4548.00000
-1.19000 4546.00000
-1.18900 4545.00000
-1.18800 4543.00000
-1.18700 4542.00000
-1.18600 4540.00000
-1.18500 4539.00000
-1.18400 4537.00000
-1.18300 4536.00000
-1.18200 4534.00000
-1.18100 4533.00000
-1.18000 4531.00000
-1.17900 4530.00000
-1.17800 4528.00000
-1.17700 4527.00000
-1.17600 4525.00000
-1.17500 4524.00000
-1.17400 4522.00000
-1.17300 4521.00000
-1.17200 4519.00000
-1.17100 4518.00000
-1.17000 4516.00000
-1.16900 4515.00000
-1.16800 4513.00000
-1.16700 4511.00000
-1.16600 4510.00000
-1.16500 4508.00000
-1.16400 4507.00000
-1.16300 4505.00000
-1.16200 4504.00000
-1.16100 4502.00000
-1.16000 4501.00000
-1.15900 4499.00000
-1.15800 4498.00000
-1.15700 4496.00000
-1.15600 4495.00000
-1.15500 4493.00000
-1.15400 4492.00000
-1.15300 4490.00000
-1.15200 4488.00000
-1.15100 4487.00000
-1.15000 4485.00000
-1.14900 4484.00000
-1.14800 4482.00000
-1.14700 4481.00000
-1.14600 4479.00000
-1.14500 4478.00000
-1.14400 4476.00000
-1.14300 4475.00000
-1.14200 4473.00000
-1.14100 4471.00000
-1.14000 4470.00000
-1.13900 4468.00000
-1.13800 4467.00000
-1.13700 4465.00000
-1.13600 4464.00000
-1.13500 4462.00000
-1.13400 4461.00000
-1.13300 4459.00000
-1.13200 4458.00000
-1.13100 4456.00000
-1.13000 4454.00000
-1.12900 4453.00000
-1.12800 4451.00000
-1.12700 4450.00000
-1.12600 4448.00000
-1.12500 4447.00000
-1.12400 4445.00000
-1.12300 4444.00000
-1.12200 4442.00000
-1.12100 4440.00000
-1.12000 4439.00000
-1.11900 4437.00000
-1.11800 4436.00000
-1.11700 4434.00000
-1.11600 4433.00000
-1.11500 4431.00000
-1.11400 4430.00000
-1.11300 4428.00000
-1.11200 4426.00000
-1.11100 4425.00000
-1.11000 4423.00000
-1.10900 4422.00000
-1.10800 4420.00000
-1.10700 4419.00000
-1.10600 4417.00000
-1.10500 4415.00000
-1.10400 4414.00000
-1.10300 4412.00000
-1.10200 4411.00000
-1.10100 4409.00000
-1.10000 4408.00000
-1.09900 4406.00000
-1.09800 4404.00000
-1.09700 4403.00000
-1.09600 4401.00000
-1.09500 4400.00000
-1.09400 4398.00000
-1.09300 4397.00000
-1.09200 4395.00000
-1.09100 4393.00000
-1.09000 4392.00000
-1.08900 4390.00000
-1.08800 4389.00000
-1.08700 4387.00000
-1.08600 4386.00000
-1.08500 4384.00000
-1.08400 4382.00000
-1.08300 4381.00000
-1.08200 4379.00000
-1.08100 4378.00000
-1.08000 4376.00000
-1.07900 4375.00000
-1.07800 4373.00000
-1.07700 4371.00000
-1.07600 4370.00000
-1.07500 4368.00000
-1.07400 4367.00000
-1.07300 4365.00000
-1.07200 4363.00000
-1.07100 4362.00000
-1.07000 4360.00000
-1.06900 4359.00000
-1.06800 4357.00000
-1.06700 4355.00000
-1.06600 4354.00000
-1.06500 4352.00000
-1.06400 4351.00000
-1.06300 4349.00000
-1.06200 4347.00000
-1.06100 4346.00000
-1.06000 4344.00000
-1.05900 4343.00000
-1.05800 4341.00000
-1.05700 4340.00000
-1.05600 4338.00000
-1.05500 4336.00000
-1.05400 4335.00000
-1.05300 4333.00000
-1.05200 4332.00000
-1.05100 4330.00000
-1.05000 4328.00000
-1.04900 4327.00000
-1.04800 4325.00000
-1.04700 4323.00000
-1.04600 4322.00000
-1.04500 4320.00000
-1.04400 4319.00000
-1.04300 4317.00000
-1.04200 4315.00000
-1.04100 4314.00000
-1.04000 4312.00000
-1.03900 4311.00000
-1.03800 4309.00000
-1.03700 4307.00000
-1.03600 4306.00000
-1.03500 4304.00000
-1.03400 4303.00000
-1.03300 4301.00000
-1.03200 4299.00000
-1.03100 4298.00000
-1.03000 4296.00000
-1.02900 4294.00000
-1.02800 4293.00000
-1.02700 4291.00000
-1.02600 4290.00000
-1.02500 4288.00000
-1.02400 4286.00000
-1.02300 4285.00000
-1.02200 4283.00000
-1.02100 4282.00000
-1.02000 4280.00000
-1.01900 4278.00000
-1.01800 4277.00000
-1.01700 4275.00000
-1.01600 4273.00000
-1.01500 4272.00000
-1.01400 4270.00000
-1.01300 4269.00000
-1.01200 4267.00000
-1.01100 4265.00000
-1.01000 4264.00000
-1.00900 4262.00000
-1.00800 4260.00000
-1.00700 4259.00000
-1.00600 4257.00000
-1.00500 4255.00000
-1.00400 4254.00000
-1.00300 4252.00000
-1.00200 4251.00000
-1.00100 4249.00000
-1.00000 4247.00000
-0.99900 4246.00000
-0.99800 4244.00000
-0.99700 4242.00000
-0.99600 4241.00000
-0.99500 4239.00000
-0.99400 4237.00000
-0.99300 4236.00000
-0.99200 4234.00000
-0.99100 4232.00000
-0.99000 4231.00000
-0.98900 4229.00000
-0.98800 4228.00000
-0.98700 4226.00000
-0.98600 4224.00000
-0.98500 4223.00000
-0.98400 4221.00000
-0.98300 4219.00000
-0.98200 4218.00000
-0.98100 4216.00000
-0.98000 4214.00000
-0.97900 4213.00000
-0.97800 4211.00000
-0.97700 4209.00000
-0.97600 4208.00000
-0.97500 4206.00000
-0.97400 4204.00000
-0.97300 4203.00000
-0.97200 4201.00000
-0.97100 4199.00000
-0.97000 4198.00000
-0.96900 4196.00000
-0.96800 4194.00000
-0.96700 4193.00000
-0.96600 4191.00000
-0.96500 4189.00000
-0.96400 4188.00000
-0.96300 4186.00000
-0.96200 4184.00000
-0.96100 4183.00000
-0.96000 4181.00000
-0.95900 4179.00000
-0.95800 4178.00000
-0.95700 4176.00000
-0.95600 4174.00000
-0.95500 4173.00000
-0.95400 4171.00000
-0.95300 4169.00000
-0.95200 4168.00000
-0.95100 4166.00000
-0.95000 4164.00000
-0.94900 4163.00000
-0.94800 4161.00000
-0.94700 4159.00000
-0.94600 4158.00000
-0.94500 4156.00000
-0.94400 4154.00000
-0.94300 4153.00000
-0.94200 4151.00000
-0.94100 4149.00000
-0.94000 4148.00000
-0.93900 4146.00000
-0.93800 4144.00000
-0.93700 4142.00000
-0.93600 4141.00000
-0.93500 4139.00000
-0.93400 4137.00000
-0.93300 4136.00000
-0.93200 4134.00000
-0.93100 4132.00000
-0.93000 4131.00000
-0.92900 4129.00000
-0.92800 4127.00000
-0.92700 4126.00000
-0.92600 4124.00000
-0.92500 4122.00000
-0.92400 4120.00000
-0.92300 4119.00000
-0.92200 4117.00000
-0.92100 4115.00000
-0.92000 4114.00000
-0.91900 4112.00000
-0.91800 4110.00000
-0.91700 4109.00000
-0.91600 4107.00000
-0.91500 4105.00000
-0.91400 4103.00000
-0.91300 4102.00000
-0.91200 4100.00000
-0.91100 4098.00000
-0.91000 4097.00000
-0.90900 4095.00000
-0.90800 4093.00000
-0.90700 4091.00000
-0.90600 4090.00000
-0.90500 4088.00000
-0.90400 4086.00000
-0.90300 4085.00000
-0.90200 4083.00000
-0.90100 4081.00000
-0.90000 4079.00000
-0.89900 4078.00000
-0.89800 4076.00000
-0.89700 4074.00000
-0.89600 4073.00000
-0.89500 4071.00000
-0.89400 4069.00000
-0.89300 4067.00000
-0.89200 4066.00000
-0.89100 4064.00000
-0.89000 4062.00000
-0.88900 4060.00000
-0.88800 4059.00000
-0.88700 4057.00000
-0.88600 4055.00000
-0.88500 4054.00000
-0.88400 4052.00000
-0.88300 4050.00000
-0.88200 4048.00000
-0.88100 4047.00000
-0.88000 4045.00000
-0.87900 4043.00000
-0.87800 4041.00000
-0.87700 4040.00000
-0.87600 4038.00000
-0.87500 4036.00000
-0.87400 4034.00000
-0.87300 4033.00000
-0.87200 4031.00000
-0.87100 4029.00000
-0.87000 4027.00000
-0.86900 4026.00000
-0.86800 4024.00000
-0.86700 4022.00000
-0.86600 4020.00000
-0.86500 4019.00000
-0.86400 4017.00000
-0.86300 4015.00000
-0.86200 4013.00000
-0.86100 4012.00000
-0.86000 4010.00000
-0.85900 4008.00000
-0.85800 4006.00000
-0.85700 4005.00000
-0.85600 4003.00000
-0.85500 4001.00000
-0.85400 3999.00000
-0.85300 3998.00000
-0.85200 3996.00000
-0.85100 3994.00000
-0.85000 3992.00000
-0.84900 3991.00000
-0.84800 3989.00000
-0.84700 3987.00000
-0.84600 3985.00000
-0.84500 3983.00000
-0.84400 3982.00000
-0.84300 3980.00000
-0.84200 3978.00000
-0.84100 3976.00000
-0.84000 3975.00000
-0.83900 3973.00000
-0.83800 3971.00000
-0.83700 3969.00000
-0.83600 3967.00000
-0.83500 3966.00000
-0.83400 3964.00000
-0.83300 3962.00000
-0.83200 3960.00000
-0.83100 3959.00000
-0.83000 3957.00000
-0.82900 3955.00000
-0.82800 3953.00000
-0.82700 3951.00000
-0.82600 3950.00000
-0.82500 3948.00000
-0.82400 3946.00000
-0.82300 3944.00000
-0.82200 3942.00000
-0.82100 3941.00000
-0.82000 3939.00000
-0.81900 3937.00000
-0.81800 3935.00000
-0.81700 3933.00000
-0.81600 3932.00000
-0.81500 3930.00000
-0.81400 3928.00000
-0.81300 3926.00000
-0.81200 3924.00000
-0.81100 3923.00000
-0.81000 3921.00000
-0.80900 3919.00000
-0.80800 3917.00000
-0.80700 3915.00000
-0.80600 3914.00000
-0.80500 3912.00000
-0.80400 3910.00000
-0.80300 3908.00000
-0.80200 3906.00000
-0.80100 3904.00000
-0.80000 3903.00000
-0.79900 3901.00000
-0.79800 3899.00000
-0.79700 3897.00000
-0.79600 3895.00000
-0.79500 3894.00000
-0.79400 3892.00000
-0.79300 3890.00000
-0.79200 3888.00000
-0.79100 3886.00000
-0.79000 3884.00000
-0.78900 3883.00000
-0.78800 3881.00000
-0.78700 3879.00000
-0.78600 3877.00000
-0.78500 3875.00000
-0.78400 3873.00000
-0.78300 3872.00000
-0.78200 3870.00000
-0.78100 3868.00000
-0.78000 3866.00000
-0.77900 3864.00000
-0.77800 3862.00000
-0.77700 3861.00000
-0.77600 3859.00000
-0.77500 3857.00000
-0.77400 3855.00000
-0.77300 3853.00000
-0.77200 3851.00000
-0.77100 3849.00000
-0.77000 3848.00000
-0.76900 3846.00000
-0.76800 3844.00000
-0.76700 3842.00000
-0.76600 3840.00000
-0.76500 3838.00000
-0.76400 3836.00000
-0.76300 3835.00000
-0.76200 3833.00000
-0.76100 3831.00000
-0.76000 3829.00000
-0.75900 3827.00000
-0.75800 3825.00000
-0.75700 3823.00000
-0.75600 3822.00000
-0.75500 3820.00000
-0.75400 3818.00000
-0.75300 3816.00000
-0.75200 3814.00000
-0.75100 3812.00000
-0.75000 3810.00000
-0.74900 3808.00000
-0.74800 3807.00000
-0.74700 3805.00000
-0.74600 3803.00000
-0.74500 3801.00000
-0.74400 3799.00000
-0.74300 3797.00000
-0.74200 3795.00000
-0.74100 3793.00000
-0.74000 3791.00000
-0.73900 3790.00000
-0.73800 3788.00000
-0.73700 3786.00000
-0.73600 3784.00000
-0.73500 3782.00000
-0.73400 3780.00000
-0.73300 3778.00000
-0.73200 3776.00000
-0.73100 3774.00000
-0.73000 3772.00000
-0.72900 3771.00000
-0.72800 3769.00000
-0.72700 3767.00000
-0.72600 3765.00000
-0.72500 3763.00000
-0.72400 3761.00000
-0.72300 3759.00000
-0.72200 3757.00000
-0.72100 3755.00000
-0.72000 3753.00000
-0.71900 3751.00000
-0.71800 3750.00000
-0.71700 3748.00000
-0.71600 3746.00000
-0.71500 3744.00000
-0.71400 3742.00000
-0.71300 3740.00000
-0.71200 3738.00000
-0.71100 3736.00000
-0.71000 3734.00000
-0.70900 3732.00000
-0.70800 3730.00000
-0.70700 3728.00000
-0.70600 3726.00000
-0.70500 3724.00000
-0.70400 3723.00000
-0.70300 3721.00000
-0.70200 3719.00000
-0.70100 3717.00000
-0.70000 3715.00000
-0.69900 3713.00000
-0.69800 3711.00000
-0.69700 3709.00000
-0.69600 3707.00000
-0.69500 3705.00000
-0.69400 3703.00000
-0.69300 3701.00000
-0.69200 3699.00000
-0.69100 3697.00000
-0.69000 3695.00000
-0.68900 3693.00000
-0.68800 3691.00000
-0.68700 3689.00000
-0.68600 3687.00000
-0.68500 3685.00000
-0.68400 3684.00000
-0.68300 3682.00000
-0.68200 3680.00000
-0.68100 3678.00000
-0.68000 3676.00000
-0.67900 3674.00000
-0.67800 3672.00000
-0.67700 3670.00000
-0.67600 3668.00000
-0.67500 3666.00000
-0.67400 3664.00000
-0.67300 3662.00000
-0.67200 3660.00000
-0.67100 3658.00000
-0.67000 3656.00000
-0.66900 3654.00000
-0.66800 3652.00000
-0.66700 3650.00000
-0.66600 3648.00000
-0.66500 3646.00000
-0.66400 3644.00000
-0.66300 3642.00000
-0.66200 3640.00000
-0.66100 3638.00000
-0.66000 3636.00000
-0.65900 3634.00000
-0.65800 3632.00000
-0.65700 3630.00000
-0.65600 3628.00000
-0.65500 3626.00000
-0.65400 3624.00000
-0.65300 3622.00000
-0.65200 3620.00000
-0.65100 3618.00000
-0.65000 3616.00000
-0.64900 3614.00000
-0.64800 3612.00000
-0.64700 3610.00000
-0.64600 3608.00000
-0.64500 3606.00000
-0.64400 3604.00000
-0.64300 3602.00000
-0.64200 3600.00000
-0.64100 3598.00000
-0.64000 3596.00000
-0.63900 3593.00000
-0.63800 3591.00000
-0.63700 3589.00000
-0.63600 3587.00000
-0.63500 3585.00000
-0.63400 3583.00000
-0.63300 3581.00000
-0.63200 3579.00000
-0.63100 3577.00000
-0.63000 3575.00000
-0.62900 3573.00000
-0.62800 3571.00000
-0.62700 3569.00000
-0.62600 3567.00000
-0.62500 3565.00000
-0.62400 3563.00000
-0.62300 3561.00000
-0.62200 3559.00000
-0.62100 3557.00000
-0.62000 3554.00000
-0.61900 3552.00000
-0.61800 3550.00000
-0.61700 3548.00000
-0.61600 3546.00000
-0.61500 3544.00000
-0.61400 3542.00000
-0.61300 3540.00000
-0.61200 3538.00000
-0.61100 3536.00000
-0.61000 3534.00000
-0.60900 3532.00000
-0.60800 3530.00000
-0.60700 3527.00000
-0.60600 3525.00000
-0.60500 3523.00000
-0.60400 3521.00000
-0.60300 3519.00000
-0.60200 3517.00000
-0.60100 3515.00000
-0.60000 3513.00000
-0.59900 3511.00000
-0.59800 3509.00000
-0.59700 3506.00000
-0.59600 3504.00000
-0.59500 3502.00000
-0.59400 3500.00000
-0.59300 3498.00000
-0.59200 3496.00000
-0.59100 3494.00000
-0.59000 3492.00000
-0.58900 3489.00000
-0.58800 3487.00000
-0.58700 3485.00000
-0.58600 3483.00000
-0.58500 3481.00000
-0.58400 3479.00000
-0.58300 3477.00000
-0.58200 3475.00000
-0.58100 3472.00000
-0.58000 3470.00000
-0.57900 3468.00000
-0.57800 3466.00000
-0.57700 3464.00000
-0.57600 3462.00000
-0.57500 3460.00000
-0.57400 3457.00000
-0.57300 3455.00000
-0.57200 3453.00000
-0.57100 3451.00000
-0.57000 3449.00000
-0.56900 3447.00000
-0.56800 3444.00000
-0.56700 3442.00000
-0.56600 3440.00000
-0.56500 3438.00000
-0.56400 3436.00000
-0.56300 3434.00000
-0.56200 3431.00000
-0.56100 3429.00000
-0.56000 3427.00000
-0.55900 3425.00000
-0.55800 3423.00000
-0.55700 3420.00000
-0.55600 3418.00000
-0.55500 3416.00000
-0.55400 3414.00000
-0.55300 3412.00000
-0.55200 3409.00000
-0.55100 3407.00000
-0.55000 3405.00000
-0.54900 3403.00000
-0.54800 3401.00000
-0.54700 3398.00000
-0.54600 3396.00000
-0.54500 3394.00000
-0.54400 3392.00000
-0.54300 3390.00000
-0.54200 3387.00000
-0.54100 3385.00000
-0.54000 3383.00000
-0.53900 3381.00000
-0.53800 3378.00000
-0.53700 3376.00000
-0.53600 3374.00000
-0.53500 3372.00000
-0.53400 3369.00000
-0.53300 3367.00000
-0.53200 3365.00000
-0.53100 3363.00000
-0.53000 3360.00000
-0.52900 3358.00000
-0.52800 3356.00000
-0.52700 3354.00000
-0.52600 3351.00000
-0.52500 3349.00000
-0.52400 3347.00000
-0.52300 3345.00000
-0.52200 3342.00000
-0.52100 3340.00000
-0.52000 3338.00000
-0.51900 3335.00000
-0.51800 3333.00000
-0.51700 3331.00000
-0.51600 3329.00000
-0.51500 3326.00000
-0.51400 3324.00000
-0.51300 3322.00000
-0.51200 3319.00000
-0.51100 3317.00000
-0.51000 3315.00000
-0.50900 3313.00000
-0.50800 3310.00000
-0.50700 3308.00000
-0.50600 3306.00000
-0.50500 3303.00000
-0.50400 3301.00000
-0.50300 3299.00000
-0.50200 3296.00000
-0.50100 3294.00000
-0.50000 3292.00000
-0.49900 3289.00000
-0.49800 3287.00000
-0.49700 3285.00000
-0.49600 3282.00000
-0.49500 3280.00000
-0.49400 3278.00000
-0.49300 3275.00000
-0.49200 3273.00000
-0.49100 3271.00000
-0.49000 3268.00000
-0.48900 3266.00000
-0.48800 3264.00000
-0.48700 3261.00000
-0.48600 3259.00000
-0.48500 3256.00000
-0.48400 3254.00000
-0.48300 3252.00000
-0.48200 3249.00000
-0.48100 3247.00000
-0.48000 3245.00000
-0.47900 3242.00000
-0.47800 3240.00000
-0.47700 3237.00000
-0.47600 3235.00000
-0.47500 3233.00000
-0.47400 3230.00000
-0.47300 3228.00000
-0.47200 3225.00000
-0.47100 3223.00000
-0.47000 3221.00000
-0.46900 3218.00000
-0.46800 3216.00000
-0.46700 3213.00000
-0.46600 3211.00000
-0.46500 3209.00000
-0.46400 3206.00000
-0.46300 3204.00000
-0.46200 3201.00000
-0.46100 3199.00000
-0.46000 3196.00000
-0.45900 3194.00000
-0.45800 3191.00000
-0.45700 3189.00000
-0.45600 3187.00000
-0.45500 3184.00000
-0.45400 3182.00000
-0.45300 3179.00000
-0.45200 3177.00000
-0.45100 3174.00000
-0.45000 3172.00000
-0.44900 3169.00000
-0.44800 3167.00000
-0.44700 3164.00000
-0.44600 3162.00000
-0.44500 3159.00000
-0.44400 3157.00000
-0.44300 3154.00000
-0.44200 3152.00000
-0.44100 3149.00000
-0.44000 3147.00000
-0.43900 3144.00000
-0.43800 3142.00000
-0.43700 3139.00000
-0.43600 3137.00000
-0.43500 3134.00000
-0.43400 3132.00000
-0.43300 3129.00000
-0.43200 3127.00000
-0.43100 3124.00000
-0.43000 3122.00000
-0.42900 3119.00000
-0.42800 3116.00000
-0.42700 3114.00000
-0.42600 3111.00000
-0.42500 3109.00000
-0.42400 3106.00000
-0.42300 3104.00000
-0.42200 3101.00000
-0.42100 3098.00000
-0.42000 3096.00000
-0.41900 3093.00000
-0.41800 3091.00000
-0.41700 3088.00000
-0.41600 3086.00000
-0.41500 3083.00000
-0.41400 3080.00000
-0.41300 3078.00000
-0.41200 3075.00000
-0.41100 3073.00000
-0.41000 3070.00000
-0.40900 3067.00000
-0.40800 3065.00000
-0.40700 3062.00000
-0.40600 3059.00000
-0.40500 3057.00000
-0.40400 3054.00000
-0.40300 3051.00000
-0.40200 3049.00000
-0.40100 3046.00000
-0.40000 3044.00000
-0.39900 3041.00000
-0.39800 3038.00000
-0.39700 3036.00000
-0.39600 3033.00000
-0.39500 3030.00000
-0.39400 3028.00000
-0.39300 3025.00000
-0.39200 3022.00000
-0.39100 3019.00000
-0.39000 3017.00000
-0.38900 3014.00000
-0.38800 3011.00000
-0.38700 3009.00000
-0.38600 3006.00000
-0.38500 3003.00000
-0.38400 3000.00000
-0.38300 2998.00000
-0.38200 2995.00000
-0.38100 2992.00000
-0.38000 2990.00000
-0.37900 2987.00000
-0.37800 2984.00000
-0.37700 2981.00000
-0.37600 2978.00000
-0.37500 2976.00000
-0.37400 2973.00000
-0.37300 2970.00000
-0.37200 2967.00000
-0.37100 2965.00000
-0.37000 2962.00000
-0.36900 2959.00000
-0.36800 2956.00000
-0.36700 2953.00000
-0.36600 2951.00000
-0.36500 2948.00000
-0.36400 2945.00000
-0.36300 2942.00000
-0.36200 2939.00000
-0.36100 2937.00000
-0.36000 2934.00000
-0.35900 2931.00000
-0.35800 2928.00000
-0.35700 2925.00000
-0.35600 2922.00000
-0.35500 2919.00000
-0.35400 2917.00000
-0.35300 2914.00000
-0.35200 2911.00000
-0.35100 2908.00000
-0.35000 2905.00000
-0.34900 2902.00000
-0.34800 2899.00000
-0.34700 2896.00000
-0.34600 2893.00000
-0.34500 2890.00000
-0.34400 2888.00000
-0.34300 2885.00000
-0.34200 2882.00000
-0.34100 2879.00000
-0.34000 2876.00000
-0.33900 2873.00000
-0.33800 2870.00000
-0.33700 2867.00000
-0.33600 2864.00000
-0.33500 2861.00000
-0.33400 2858.00000
-0.33300 2855.00000
-0.33200 2852.00000
-0.33100 2849.00000
-0.33000 2846.00000
-0.32900 2843.00000
-0.32800 2840.00000
-0.32700 2837.00000
-0.32600 2834.00000
-0.32500 2831.00000
-0.32400 2828.00000
-0.32300 2825.00000
-0.32200 2822.00000
-0.32100 2819.00000
-0.32000 2816.00000
-0.31900 2813.00000
-0.31800 2810.00000
-0.31700 2806.00000
-0.31600 2803.00000
-0.31500 2800.00000
-0.31400 2797.00000
-0.31300 2794.00000
-0.31200 2791.00000
-0.31100 2788.00000
-0.31000 2785.00000
-0.30900 2782.00000
-0.30800 2778.00000
-0.30700 2775.00000
-0.30600 2772.00000
-0.30500 2769.00000
-0.30400 2766.00000
-0.30300 2763.00000
-0.30200 2759.00000
-0.30100 2756.00000
-0.30000 2753.00000
-0.29900 2750.00000
-0.29800 2747.00000
-0.29700 2743.00000
-0.29600 2740.00000
-0.29500 2737.00000
-0.29400 2734.00000
-0.29300 2730.00000
-0.29200 2727.00000
-0.29100 2724.00000
-0.29000 2721.00000
-0.28900 2717.00000
-0.28800 2714.00000
-0.28700 2711.00000
-0.28600 2707.00000
-0.28500 2704.00000
-0.28400 2701.00000
-0.28300 2698.00000
-0.28200 2694.00000
-0.28100 2691.00000
-0.28000 2688.00000
-0.27900 2684.00000
-0.27800 2681.00000
-0.27700 2677.00000
-0.27600 2674.00000
-0.27500 2671.00000
-0.27400 2667.00000
-0.27300 2664.00000
-0.27200 2660.00000
-0.27100 2657.00000
-0.27000 2654.00000
-0.26900 2650.00000
-0.26800 2647.00000
-0.26700 2643.00000
-0.26600 2640.00000
-0.26500 2636.00000
-0.26400 2633.00000
-0.26300 2629.00000
-0.26200 2626.00000
-0.26100 2622.00000
-0.26000 2619.00000
-0.25900 2615.00000
-0.25800 2612.00000
-0.25700 2608.00000
-0.25600 2604.00000
-0.25500 2601.00000
-0.25400 2597.00000
-0.25300 2594.00000
-0.25200 2590.00000
-0.25100 2586.00000
-0.25000 2583.00000
-0.24900 2579.00000
-0.24800 2576.00000
-0.24700 2572.00000
-0.24600 2568.00000
-0.24500 2565.00000
-0.24400 2561.00000
-0.24300 2557.00000
-0.24200 2553.00000
-0.24100 2550.00000
-0.24000 2546.00000
-0.23900 2542.00000
-0.23800 2539.00000
-0.23700 2535.00000
-0.23600 2531.00000
-0.23500 2527.00000
-0.23400 2523.00000
-0.23300 2520.00000
-0.23200 2516.00000
-0.23100 2512.00000
-0.23000 2508.00000
-0.22900 2504.00000
-0.22800 2500.00000
-0.22700 2496.00000
-0.22600 2493.00000
-0.22500 2489.00000
-0.22400 2485.00000
-0.22300 2481.00000
-0.22200 2477.00000
-0.22100 2473.00000
-0.22000 2469.00000
-0.21900 2465.00000
-0.21800 2461.00000
-0.21700 2457.00000
-0.21600 2453.00000
-0.21500 2449.00000
-0.21400 2445.00000
-0.21300 2441.00000
-0.21200 2437.00000
-0.21100 2433.00000
-0.21000 2429.00000
-0.20900 2424.00000
-0.20800 2420.00000
-0.20700 2416.00000
-0.20600 2412.00000
-0.20500 2408.00000
-0.20400 2404.00000
-0.20300 2399.00000
-0.20200 2395.00000
-0.20100 2391.00000
-0.20000 2387.00000
-0.19900 2382.00000
-0.19800 2378.00000
-0.19700 2374.00000
-0.19600 2369.00000
-0.19500 2365.00000
-0.19400 2361.00000
-0.19300 2356.00000
-0.19200 2352.00000
-0.19100 2348.00000
-0.19000 2343.00000
-0.18900 2339.00000
-0.18800 2334.00000
-0.18700 2330.00000
-0.18600 2325.00000
-0.18500 2321.00000
-0.18400 2316.00000
-0.18300 2312.00000
-0.18200 2307.00000
-0.18100 2303.00000
-0.18000 2298.00000
-0.17900 2293.00000
-0.17800 2289.00000
-0.17700 2284.00000
-0.17600 2279.00000
-0.17500 2275.00000
-0.17400 2270.00000
-0.17300 2265.00000
-0.17200 2261.00000
-0.17100 2256.00000
-0.17000 2251.00000
-0.16900 2246.00000
-0.16800 2241.00000
-0.16700 2236.00000
-0.16600 2232.00000
-0.16500 2227.00000
-0.16400 2222.00000
-0.16300 2217.00000
-0.16200 2212.00000
-0.16100 2207.00000
-0.16000 2202.00000
-0.15900 2197.00000
-0.15800 2192.00000
-0.15700 2187.00000
-0.15600 2181.00000
-0.15500 2176.00000
-0.15400 2171.00000
-0.15300 2166.00000
-0.15200 2161.00000
-0.15100 2155.00000
-0.15000 2150.00000
-0.14900 2145.00000
-0.14800 2140.00000
-0.14700 2134.00000
-0.14600 2129.00000
-0.14500 2123.00000
-0.14400 2118.00000
-0.14300 2112.00000
-0.14200 2107.00000
-0.14100 2101.00000
-0.14000 2096.00000
-0.13900 2090.00000
-0.13800 2085.00000
-0.13700 2079.00000
-0.13600 2073.00000
-0.13500 2068.00000
-0.13400 2062.00000
-0.13300 2056.00000
-0.13200 2050.00000
-0.13100 2045.00000
-0.13000 2039.00000
-0.12900 2033.00000
-0.12800 2027.00000
-0.12700 2021.00000
-0.12600 2015.00000
-0.12500 2009.00000
-0.12400 2003.00000
-0.12300 1997.00000
-0.12200 1990.00000
-0.12100 1984.00000
-0.12000 1978.00000
-0.11900 1972.00000
-0.11800 1965.00000
-0.11700 1959.00000
-0.11600 1953.00000
-0.11500 1946.00000
-0.11400 1940.00000
-0.11300 1933.00000
-0.11200 1927.00000
-0.11100 1920.00000
-0.11000 1913.00000
-0.10900 1907.00000
-0.10800 1900.00000
-0.10700 1893.00000
-0.10600 1886.00000
-0.10500 1879.00000
-0.10400 1872.00000
-0.10300 1865.00000
-0.10200 1858.00000
-0.10100 1851.00000
-0.10000 1844.00000
-0.09900 1837.00000
-0.09800 1830.00000
-0.09700 1822.00000
-0.09600 1815.00000
-0.09500 1807.00000
-0.09400 1800.00000
-0.09300 1792.00000
-0.09200 1785.00000
-0.09100 1777.00000
-0.09000 1769.00000
-0.08900 1762.00000
-0.08800 1754.00000
-0.08700 1746.00000
-0.08600 1738.00000
-0.08500 1730.00000
-0.08400 1722.00000
-0.08300 1713.00000
-0.08200 1705.00000
-0.08100 1697.00000
-0.08000 1688.00000
-0.07900 1680.00000
-0.07800 1671.00000
-0.07600 1654.00000
-0.07500 1645.00000
-0.07400 1636.00000
-0.07300 1627.00000
-0.07200 1618.00000
-0.07100 1609.00000
-0.07000 1599.00000
-0.06900 1590.00000
-0.06800 1581.00000
-0.06700 1571.00000
-0.06600 1561.00000
-0.06400 1542.00000
-0.06300 1532.00000
-0.06100 1511.00000
-0.06000 1501.00000
-0.05800 1480.00000
-0.05700 1469.00000
-0.05600 1458.00000
-0.05500 1447.00000
-0.05400 1436.00000
-0.05200 1414.00000
-0.05100 1402.00000
-0.05000 1390.00000
-0.04700 1354.00000
-0.04500 1329.00000
-0.04400 1317.00000
-0.04300 1304.00000
-0.04200 1291.00000
-0.04100 1277.00000
-0.04000 1264.00000
-0.03900 1250.00000
-0.03800 1236.00000
-0.03600 1208.00000
-0.03500 1193.00000
-0.03300 1163.00000
-0.03200 1147.00000
-0.02900 1099.00000
-0.02800 1082.00000
-0.02700 1065.00000
-0.02600 1048.00000
-0.02400 1012.00000
-0.02300 993.00000
-0.02200 974.00000
-0.02000 934.00000
-0.01900 914.00000
-0.01800 893.00000
-0.01700 871.00000
-0.01600 848.00000
-0.01500 825.00000
-0.01300 777.00000
-0.01200 751.00000
-0.01100 725.00000
-0.00900 668.00000
-0.00800 638.00000
-0.00700 607.00000
-0.00500 538.00000
-0.00400 501.00000
-0.00200 417.00000
-0.00100 368.00000
