-3.500 7356.000
-3.495 7351.000
-3.490 7346.000
-3.485 7341.000
-3.480 7337.000
-3.475 7332.000
-3.470 7327.000
-3.465 7323.000
-3.460 7318.000
-3.455 7313.000
-3.450 7309.000
-3.445 7304.000
-3.440 7299.000
-3.435 7294.000
-3.430 7290.000
-3.425 7285.000
-3.420 7280.000
-3.415 7275.000
-3.410 7271.000
-3.405 7266.000
-3.400 7261.000
-3.395 7256.000
-3.390 7252.000
-3.385 7247.000
-3.380 7242.000
-3.375 7237.000
-3.370 7233.000
-3.365 7228.000
-3.360 7223.000
-3.355 7218.000
-3.350 7213.000
-3.345 7209.000
-3.340 7204.000
-3.335 7199.000
-3.330 7194.000
-3.325 7189.000
-3.320 7185.000
-3.315 7180.000
-3.310 7175.000
-3.305 7170.000
-3.300 7165.000
-3.295 7160.000
-3.290 7156.000
-3.285 7151.000
-3.280 7146.000
-3.275 7141.000
-3.270 7136.000
-3.265 7131.000
-3.260 7126.000
-3.255 7122.000
-3.250 7117.000
-3.245 7112.000
-3.240 7107.000
-3.235 7102.000
-3.230 7097.000
-3.225 7092.000
-3.220 7087.000
-3.215 7082.000
-3.210 7078.000
-3.205 7073.000
-3.200 7068.000
-3.195 7063.000
-3.190 7058.000
-3.185 7053.000
-3.180 7048.000
-3.175 7043.000
-3.170 7038.000
-3.165 7033.000
-3.160 7028.000
-3.155 7023.000
-3.150 7018.000
-3.145 7013.000
-3.140 7008.000
-3.135 7003.000
-3.130 6999.000
-3.125 6994.000
-3.120 6989.000
-3.115 6984.000
-3.110 6979.000
-3.105 6974.000
-3.100 6969.000
-3.095 6964.000
-3.090 6959.000
-3.085 6954.000
-3.080 6949.000
-3.075 6944.000
-3.070 6939.000
-3.065 6934.000
-3.060 6929.000
-3.055 6923.000
-3.050 6918.000
-3.045 6913.000
-3.040 6908.000
-3.035 6903.000
-3.030 6898.000
-3.025 6893.000
-3.020 6888.000
-3.015 6883.000
-3.010 6878.000
-3.005 6873.000
-3.000 6868.000
-2.995 6863.000
-2.990 6858.000
-2.985 6853.000
-2.980 6848.000
-2.975 6842.000
-2.970 6837.000
-2.965 6832.000
-2.960 6827.000
-2.955 6822.000
-2.950 6817.000
-2.945 6812.000
-2.940 6807.000
-2.935 6801.000
-2.930 6796.000
-2.925 6791.000
-2.920 6786.000
-2.915 6781.000
-2.910 6776.000
-2.905 6771.000
-2.900 6765.000
-2.895 6760.000
-2.890 6755.000
-2.885 6750.000
-2.880 6745.000
-2.875 6739.000
-2.870 6734.000
-2.865 6729.000
-2.860 6724.000
-2.855 6719.000
-2.850 6713.000
-2.845 6708.000
-2.840 6703.000
-2.835 6698.000
-2.830 6693.000
-2.825 6687.000
-2.820 6682.000
-2.815 6677.000
-2.810 6672.000
-2.805 6666.000
-2.800 6661.000
-2.795 6656.000
-2.790 6651.000
-2.785 6645.000
-2.780 6640.000
-2.775 6635.000
-2.770 6629.000
-2.765 6624.000
-2.760 6619.000
-2.755 6614.000
-2.750 6608.000
-2.745 6603.000
-2.740 6598.000
-2.735 6592.000
-2.730 6587.000
-2.725 6582.000
-2.720 6576.000
-2.715 6571.000
-2.710 6566.000
-2.705 6560.000
-2.700 6555.000
-2.695 6550.000
-2.690 6544.000
-2.685 6539.000
-2.680 6533.000
-2.675 6528.000
-2.670 6523.000
-2.665 6517.000
-2.660 6512.000
-2.655 6507.000
-2.650 6501.000
-2.645 6496.000
-2.640 6490.000
-2.635 6485.000
-2.630 6479.000
-2.625 6474.000
-2.620 6469.000
-2.615 6463.000
-2.610 6458.000
-2.605 6452.000
-2.600 6447.000
-2.595 6441.000
-2.590 6436.000
-2.585 6430.000
-2.580 6425.000
-2.575 6419.000
-2.570 6414.000
-2.565 6409.000
-2.560 6403.000
-2.555 6398.000
-2.550 6392.000
-2.545 6387.000
-2.540 6381.000
-2.535 6375.000
-2.530 6370.000
-2.525 6364.000
-2.520 6359.000
-2.515 6353.000
-2.510 6348.000
-2.505 6342.000
-2.500 6337.000
-2.495 6331.000
-2.490 6326.000
-2.485 6320.000
-2.480 6314.000
-2.475 6309.000
-2.470 6303.000
-2.465 6298.000
-2.460 6292.000
-2.455 6286.000
-2.450 6281.000
-2.445 6275.000
-2.440 6270.000
-2.435 6264.000
-2.430 6258.000
-2.425 6253.000
-2.420 6247.000
-2.415 6241.000
-2.410 6236.000
-2.405 6230.000
-2.400 6224.000
-2.395 6219.000
-2.390 6213.000
-2.385 6207.000
-2.380 6202.000
-2.375 6196.000
-2.370 6190.000
-2.365 6185.000
-2.360 6179.000
-2.355 6173.000
-2.350 6167.000
-2.345 6162.000
-2.340 6156.000
-2.335 6150.000
-2.330 6145.000
-2.325 6139.000
-2.320 6133.000
-2.315 6127.000
-2.310 6121.000
-2.305 6116.000
-2.300 6110.000
-2.295 6104.000
-2.290 6098.000
-2.285 6093.000
-2.280 6087.000
-2.275 6081.000
-2.270 6075.000
-2.265 6069.000
-2.260 6063.000
-2.255 6058.000
-2.250 6052.000
-2.245 6046.000
-2.240 6040.000
-2.235 6034.000
-2.230 6028.000
-2.225 6023.000
-2.220 6017.000
-2.215 6011.000
-2.210 6005.000
-2.205 5999.000
-2.200 5993.000
-2.195 5987.000
-2.190 5981.000
-2.185 5975.000
-2.180 5969.000
-2.175 5963.000
-2.170 5958.000
-2.165 5952.000
-2.160 5946.000
-2.155 5940.000
-2.150 5934.000
-2.145 5928.000
-2.140 5922.000
-2.135 5916.000
-2.130 5910.000
-2.125 5904.000
-2.120 5898.000
-2.115 5892.000
-2.110 5886.000
-2.105 5880.000
-2.100 5874.000
-2.095 5868.000
-2.090 5862.000
-2.085 5856.000
-2.080 5850.000
-2.075 5844.000
-2.070 5837.000
-2.065 5831.000
-2.060 5825.000
-2.055 5819.000
-2.050 5813.000
-2.045 5807.000
-2.040 5801.000
-2.035 5795.000
-2.030 5789.000
-2.025 5783.000
-2.020 5776.000
-2.015 5770.000
-2.010 5764.000
-2.005 5758.000
-2.000 5752.000
-1.995 5746.000
-1.990 5740.000
-1.985 5733.000
-1.980 5727.000
-1.975 5721.000
-1.970 5715.000
-1.965 5709.000
-1.960 5702.000
-1.955 5696.000
-1.950 5690.000
-1.945 5684.000
-1.940 5677.000
-1.935 5671.000
-1.930 5665.000
-1.925 5659.000
-1.920 5652.000
-1.915 5646.000
-1.910 5640.000
-1.905 5633.000
-1.900 5627.000
-1.895 5621.000
-1.890 5615.000
-1.885 5608.000
-1.880 5602.000
-1.875 5596.000
-1.870 5589.000
-1.865 5583.000
-1.860 5576.000
-1.855 5570.000
-1.850 5564.000
-1.845 5557.000
-1.840 5551.000
-1.835 5545.000
-1.830 5538.000
-1.825 5532.000
-1.820 5525.000
-1.815 5519.000
-1.810 5512.000
-1.805 5506.000
-1.800 5500.000
-1.795 5493.000
-1.790 5487.000
-1.785 5480.000
-1.780 5474.000
-1.775 5467.000
-1.770 5461.000
-1.765 5454.000
-1.760 5448.000
-1.755 5441.000
-1.750 5435.000
-1.745 5428.000
-1.740 5421.000
-1.735 5415.000
-1.730 5408.000
-1.725 5402.000
-1.720 5395.000
-1.715 5389.000
-1.710 5382.000
-1.705 5375.000
-1.700 5369.000
-1.695 5362.000
-1.690 5355.000
-1.685 5349.000
-1.680 5342.000
-1.675 5335.000
-1.670 5329.000
-1.665 5322.000
-1.660 5315.000
-1.655 5309.000
-1.650 5302.000
-1.645 5295.000
-1.640 5289.000
-1.635 5282.000
-1.630 5275.000
-1.625 5268.000
-1.620 5262.000
-1.615 5255.000
-1.610 5248.000
-1.605 5241.000
-1.600 5234.500
-1.595 5228.000
-1.590 5221.000
-1.585 5214.000
-1.580 5207.000
-1.575 5200.000
-1.570 5193.500
-1.565 5187.000
-1.560 5180.000
-1.555 5173.000
-1.550 5166.000
-1.545 5159.000
-1.540 5152.000
-1.535 5145.000
-1.530 5138.000
-1.525 5131.000
-1.520 5124.500
-1.515 5117.500
-1.510 5110.500
-1.505 5103.500
-1.500 5096.500
-1.495 5089.500
-1.490 5082.500
-1.485 5075.500
-1.480 5068.500
-1.475 5061.500
-1.470 5054.000
-1.465 5047.000
-1.460 5040.000
-1.455 5033.000
-1.450 5026.000
-1.445 5019.000
-1.440 5012.000
-1.435 5005.000
-1.430 4998.000
-1.425 4990.500
-1.420 4983.000
-1.415 4976.000
-1.410 4969.000
-1.405 4962.000
-1.400 4954.500
-1.395 4947.000
-1.390 4940.000
-1.385 4933.000
-1.380 4926.000
-1.375 4918.000
-1.370 4911.000
-1.365 4904.000
-1.360 4896.500
-1.355 4889.000
-1.350 4882.000
-1.345 4875.000
-1.340 4867.000
-1.335 4860.000
-1.330 4852.500
-1.325 4845.000
-1.320 4838.000
-1.315 4830.000
-1.310 4823.000
-1.305 4815.500
-1.300 4808.000
-1.295 4801.000
-1.290 4793.000
-1.285 4786.000
-1.280 4778.000
-1.275 4771.000
-1.270 4763.000
-1.265 4756.000
-1.260 4748.000
-1.255 4740.500
-1.250 4733.000
-1.245 4725.500
-1.240 4718.000
-1.235 4710.000
-1.230 4703.000
-1.225 4695.000
-1.220 4687.500
-1.215 4680.000
-1.210 4672.000
-1.205 4664.000
-1.200 4657.000
-1.195 4649.000
-1.190 4641.000
-1.185 4633.500
-1.180 4626.000
-1.175 4618.000
-1.170 4610.000
-1.165 4602.000
-1.160 4594.500
-1.155 4587.000
-1.150 4579.000
-1.145 4571.000
-1.140 4563.000
-1.135 4555.000
-1.130 4547.000
-1.125 4539.500
-1.120 4531.500
-1.115 4523.500
-1.110 4515.500
-1.105 4507.500
-1.100 4499.500
-1.095 4491.500
-1.090 4483.500
-1.085 4475.500
-1.080 4467.500
-1.075 4459.000
-1.070 4451.000
-1.065 4443.000
-1.060 4435.000
-1.055 4427.000
-1.050 4418.500
-1.045 4410.500
-1.040 4402.000
-1.035 4394.000
-1.030 4386.000
-1.025 4377.500
-1.020 4369.000
-1.015 4361.000
-1.010 4352.500
-1.005 4344.000
-1.000 4336.000
-0.995 4327.500
-0.990 4319.000
-0.985 4311.000
-0.980 4302.500
-0.975 4294.000
-0.970 4285.500
-0.965 4277.000
-0.960 4268.500
-0.955 4260.000
-0.950 4251.500
-0.945 4243.000
-0.940 4234.000
-0.935 4225.500
-0.930 4217.000
-0.925 4208.000
-0.920 4199.500
-0.915 4191.000
-0.910 4182.000
-0.905 4173.500
-0.900 4164.500
-0.895 4156.000
-0.890 4147.000
-0.885 4138.000
-0.880 4129.500
-0.875 4120.500
-0.870 4111.500
-0.865 4102.500
-0.860 4094.000
-0.855 4085.000
-0.850 4076.000
-0.845 4067.000
-0.840 4057.500
-0.835 4048.500
-0.830 4039.500
-0.825 4030.500
-0.820 4021.000
-0.815 4012.000
-0.810 4003.000
-0.805 3993.500
-0.800 3984.500
-0.795 3975.000
-0.790 3965.500
-0.785 3956.500
-0.780 3947.000
-0.775 3937.500
-0.770 3928.000
-0.765 3918.500
-0.760 3909.000
-0.755 3899.500
-0.750 3890.000
-0.745 3880.500
-0.740 3871.000
-0.735 3861.000
-0.730 3851.500
-0.725 3842.000
-0.720 3832.000
-0.715 3822.000
-0.710 3812.500
-0.705 3802.500
-0.700 3792.500
-0.695 3782.500
-0.690 3772.500
-0.685 3762.500
-0.680 3752.500
-0.675 3742.500
-0.670 3732.500
-0.665 3722.500
-0.660 3712.000
-0.655 3702.000
-0.650 3691.500
-0.645 3681.500
-0.640 3671.000
-0.635 3660.500
-0.630 3650.000
-0.625 3639.500
-0.620 3629.000
-0.615 3618.500
-0.610 3608.000
-0.605 3597.000
-0.600 3586.500
-0.595 3575.500
-0.590 3565.000
-0.585 3554.000
-0.580 3543.000
-0.575 3532.000
-0.570 3521.000
-0.565 3510.000
-0.560 3499.000
-0.555 3487.500
-0.550 3476.500
-0.545 3465.000
-0.540 3454.000
-0.535 3442.500
-0.530 3431.000
-0.525 3419.500
-0.520 3408.000
-0.515 3396.000
-0.510 3384.500
-0.505 3372.500
-0.500 3361.000
-0.495 3349.000
-0.490 3337.000
-0.485 3325.000
-0.480 3313.000
-0.475 3300.500
-0.470 3288.500
-0.465 3276.000
-0.460 3263.500
-0.455 3251.000
-0.450 3238.500
-0.445 3226.000
-0.440 3213.000
-0.435 3200.000
-0.430 3187.000
-0.425 3174.000
-0.420 3161.000
-0.415 3148.000
-0.410 3134.500
-0.405 3121.000
-0.400 3107.500
-0.395 3094.000
-0.390 3080.500
-0.385 3066.500
-0.380 3052.500
-0.375 3038.500
-0.370 3024.500
-0.365 3010.000
-0.360 2995.500
-0.355 2981.000
-0.350 2966.500
-0.345 2951.500
-0.340 2936.500
-0.335 2921.500
-0.330 2906.000
-0.325 2890.500
-0.320 2875.000
-0.315 2859.500
-0.310 2843.500
-0.305 2827.500
-0.300 2811.000
-0.295 2795.000
-0.290 2778.000
-0.285 2761.500
-0.280 2744.500
-0.275 2727.000
-0.270 2709.500
-0.265 2692.000
-0.260 2674.000
-0.255 2656.000
-0.250 2637.500
-0.245 2619.000
-0.240 2600.000
-0.235 2581.000
-0.230 2561.500
-0.225 2541.333
-0.220 2521.333
-0.215 2501.000
-0.210 2480.000
-0.205 2459.000
-0.200 2437.333
-0.195 2415.333
-0.190 2393.000
-0.185 2370.000
-0.180 2347.000
-0.175 2323.000
-0.170 2299.000
-0.165 2274.000
-0.160 2248.667
-0.155 2222.667
-0.150 2196.000
-0.145 2168.667
-0.140 2140.667
-0.135 2112.000
-0.130 2082.333
-0.125 2051.667
-0.120 2020.333
-0.115 1988.000
-0.110 1954.333
-0.105 1919.667
-0.100 1883.667
-0.095 1846.250
-0.090 1807.500
-0.085 1767.000
-0.080 1724.750
-0.075 1680.500
-0.070 1634.000
-0.065 1585.000
-0.060 1533.500
-0.055 1478.800
-0.050 1420.600
-0.045 1358.400
-0.040 1291.400
-0.035 1219.000
-0.030 1140.000
-0.025 1052.667
-0.020 955.000
-0.015 843.500
